6
6
6
6
6
6
6
6
6
6
6
6
6
6
6
6
61
6
6
62
6
6
65
6
6
60
6
6
63
6
6
6
6
6
6
66
64
6
6
6
69
6
6
68
6
6
6
63
6
6
67
6
6
6
6
6
6
6
6
6
6
62
6
62
6
64
6
64
6
6
61
67
6
65
6
6
6
60
65
6
6
62
66
6
65
6
60
6
6
69
60
6
6
6
6
66
6
6
64
6
6
6
68
67
6
6.
62
6
68
6
65
6
60
66
68
64
6
69
6
62
6
67
6
67
6
6
6
61
6
64
6
6
61
60
6
6
63
63
6
6
6
60
69
6
6
66
6
6
61
6
61
6
60
6
60
67
6
60
6
6
66
6
6
6
6
6
65
64
68
61
6
6
69
64
6
67
6
6
67
6
6
6
69
6
6
6
6
6
6
60
6
63
66
64
6
6
66
6
63
6
6
6
6
6
6
61
63
6
64
60
67
68
6
6
60
67
60
6
6
6
6
62
6
63
6
66
65
63
62
69
63
6
6
6
63
63
63
63
61
62
68
68
6
66
6
6
6
6
62
6
68
64
61
6
6
6
65
6
6
64
61
6
6
6
6
66
6
6
