2697	62	49	18	14	13	12	6	5	4	3	3	3	2	2	2	2	2	1	1	1	1	1	1	1	1	1	1	1	1	1	1	1	1	1	1	1	1	1	1	1	
913	233	58	41	27	8	7	6	3	3	3	2	2	1	1	1	1	1	1	1	1	1	1	1	1	1	1	
1139	12	6	6	5	4	4	4	3	3	2	2	2	2	2	2	2	2	1	1	1	1	1	1	1	1	1	1	1	1	1	1	1	1	1	1	1	1	1	1	1	1	1	
1097	10	4	3	3	3	2	2	1	1	1	1	1	1	1	1	1	1	1	1	1	1	1	1	1	1	1	1	1	1	1	1	1	
1074	15	7	5	4	4	2	2	2	2	2	2	1	1	1	1	1	1	1	1	1	1	1	1	
674	86	73	52	34	29	6	6	5	4	4	3	3	2	2	2	2	1	1	1	1	1	1	1	1	1	1	1	1	1	1	1	1	
821	20	4	4	2	2	2	1	1	1	1	1	1	1	1	1	1	1	1	1	
567	3	2	2	2	2	2	1	1	1	1	1	1	
472	32	3	3	2	2	1	1	1	1	1	1	1	
255	106	45	32	28	27	14	1	1	1	1	1	1	1	
425	2	1	1	1	1	1	1	1	1	1	
355	26	7	4	4	3	3	3	2	2	2	2	2	2	1	1	1	1	1	1	1	1	1	1	1	
411	2	2	1	1	1	1	1	1	1	1	1	1	1	1	
204	32	29	16	7	6	5	5	3	3	3	3	2	2	2	2	2	2	2	1	1	1	1	1	1	1	1	1	1	1	1	1	1	1	1	1	1	1	1	1	1	1	1	1	1	1	1	1	
83	10	9	9	8	8	8	6	5	5	5	4	4	4	4	4	3	3	3	3	3	3	2	2	2	2	2	2	2	2	2	2	2	2	2	2	2	2	2	2	2	2	1	1	1	1	1	1	1	1	1	1	1	1	1	1	1	1	1	1	1	1	1	1	1	1	1	1	1	1	1	1	1	1	1	1	1	1	1	1	1	1	1	1	1	1	1	1	1	1	1	1	1	1	1	1	1	1	1	1	1	1	1	1	1	1	1	1	1	1	1	1	1	1	1	1	1	1	1	1	1	1	1	1	1	1	
282	24	2	1	1	1	1	1	1	1	
206	50	5	3	3	2	2	2	2	1	1	1	1	1	1	1	1	1	1	1	1	1	1	1	1	
248	2	2	2	1	1	1	1	1	1	1	1	1	1	
104	50	16	12	7	5	4	4	3	3	3	3	2	2	2	2	2	2	2	2	1	1	1	1	1	1	1	1	1	1	1	1	1	1	1	1	1	1	1	1	1	1	1	1	1	1	1	1	
133	38	27	15	14	2	2	2	1	1	1	1	1	1	1	1	1	1	1	1	1	1	1	1	
229	3	2	2	2	1	1	1	1	1	1	1	1	1	1	
220	2	2	1	1	1	1	1	
51	43	31	12	10	9	5	5	3	2	2	2	1	1	1	1	1	1	1	1	1	1	1	
167	3	1	1	1	1	1	1	1	1	1	1	1	1	1	1	
161	2	2	1	1	1	1	1	
156	1	1	1	1	1	1	1	
119	6	5	4	3	2	2	2	2	2	1	1	1	1	1	1	1	1	1	1	1	1	
123	12	7	3	3	2	2	1	1	1	1	1	
123	3	3	3	2	2	2	1	1	1	1	
102	9	4	3	3	2	2	1	1	1	1	1	1	
117	5	5	3	
115	3	3	2	1	
91	10	3	2	2	2	2	1	1	1	1	1	1	1	1	1	1	1	
24	21	18	15	14	7	3	3	3	2	2	1	1	1	1	1	1	1	1	1	1	
80	13	4	2	1	1	1	1	1	1	1	
93	
75	3	2	1	1	1	1	1	
75	1	1	
68	2	1	1	
24	11	8	6	5	5	1	1	1	1	1	1	1	1	1	1	1	1	
68	1	1	
57	3	3	2	1	
37	12	3	3	2	2	1	1	1	1	1	
60	1	1	1	
59	1	1	1	
59	3	
59	1	1	
57	3	
51	4	1	1	1	1	1	
56	1	1	1	
39	6	4	2	2	1	1	1	1	1	1	
45	3	2	2	1	1	1	1	1	1	
52	1	1	1	1	1	
55	1	
27	9	6	5	3	2	1	1	1	
50	1	1	1	1	
45	3	1	1	1	1	1	
13	8	4	3	3	3	2	2	2	1	1	1	1	1	1	1	1	1	1	1	1	1	
27	13	5	3	2	1	1	
49	
48	1	
45	1	1	
31	7	3	2	1	1	
25	5	3	2	2	1	1	1	1	1	
38	2	1	1	
39	1	1	
18	8	3	2	1	1	1	1	1	1	1	1	
37	1	
35	1	1	
27	4	2	2	1	1	
26	2	2	1	1	1	1	1	1	1	
36	
22	11	1	1	
33	1	1	
30	1	1	1	1	
33	
21	3	2	1	1	
10	9	5	2	
13	8	1	1	1	1	
24	1	
18	3	1	1	1	
20	2	1	1	
17	2	2	1	1	1	
24	
14	4	4	1	
19	4	
22	1	
14	3	2	2	1	
22	
21	1	
20	1	
14	3	1	1	1	1	
18	1	1	1	
21	
14	2	1	1	1	1	1	
6	3	2	2	2	2	1	1	1	1	
10	3	3	2	1	1	
9	2	2	2	1	1	1	1	
19	
8	7	2	1	1	
18	1	
10	7	2	
14	2	2	1	
17	1	
18	
18	
10	8	
11	5	1	1	
17	1	
17	
17	
17	
16	1	
15	1	
16	
16	
13	3	
14	1	
5	4	1	1	1	1	1	1	
12	1	1	1	
8	6	1	
14	
7	4	2	1	
9	1	1	1	1	1	
14	
10	2	1	
13	
9	1	1	1	1	
11	1	
9	1	1	1	
7	2	1	1	1	
11	1	
12	
6	5	
10	
6	4	
9	1	
10	
10	
10	
10	
3	3	1	1	1	
7	1	1	
9	
9	
9	
9	
6	2	1	
7	2	
8	1	
8	
7	1	
5	2	1	
7	1	
8	
7	
7	
7	
6	1	
7	
6	1	
5	1	1	
5	2	
7	
7	
4	2	1	
7	
3	2	1	1	
6	
6	
4	1	1	
2	1	1	1	1	
6	
6	
6	
5	1	
5	1	
4	1	1	
3	1	1	1	
5	1	
3	1	1	1	
6	
5	1	
3	3	
5	
5	
5	
3	1	1	
4	1	
5	
5	
4	1	
5	
5	
5	
2	1	1	1	
5	
4	1	
5	
2	2	1	
5	
4	1	
4	1	
5	
5	
4	
4	
2	2	
4	
4	
4	
4	
2	2	
4	
4	
4	
4	
4	
4	
2	1	1	
4	
4	
4	
3	1	
4	
4	
3	1	
3	1	
2	2	
4	
4	
4	
4	
4	
1	1	1	1	
4	
2	1	1	
4	
4	
4	
2	1	1	
4	
3	1	
4	
2	2	
3	
3	
2	1	
3	
3	
3	
3	
3	
3	
3	
3	
3	
3	
3	
2	1	
2	1	
2	1	
3	
2	1	
3	
3	
3	
3	
3	
3	
3	
2	1	
2	1	
3	
2	1	
2	1	
3	
3	
3	
3	
3	
3	
2	1	
3	
3	
3	
3	
3	
3	
2	1	
2	1	
2	1	
2	1	
2	1	
2	
2	
2	
2	
2	
2	
2	
2	
2	
2	
2	
2	
2	
2	
2	
2	
2	
2	
2	
2	
2	
2	
1	1	
1	1	
2	
2	
2	
2	
2	
2	
2	
2	
2	
2	
2	
2	
2	
2	
2	
2	
2	
2	
2	
2	
2	
1	1	
2	
2	
2	
2	
2	
2	
2	
2	
2	
2	
2	
2	
2	
2	
2	
2	
2	
2	
2	
2	
2	
1	1	
2	
2	
2	
2	
2	
2	
1	1	
1	1	
2	
2	
2	
2	
2	
2	
2	
2	
1	1	
2	
2	
2	
2	
2	
2	
2	
2	
2	
2	
1	1	
1	
1	
1	
1	
1	
1	
1	
1	
1	
1	
1	
1	
1	
1	
1	
1	
1	
1	
1	
1	
1	
1	
1	
1	
1	
1	
1	
1	
1	
1	
1	
1	
1	
1	
1	
1	
1	
1	
1	
1	
1	
1	
1	
1	
1	
1	
1	
1	
1	
1	
1	
1	
1	
1	
1	
1	
1	
1	
1	
1	
1	
1	
1	
1	
1	
1	
1	
1	
1	
1	
1	
1	
1	
1	
1	
1	
1	
1	
1	
1	
1	
1	
1	
1	
1	
1	
1	
1	
1	
1	
1	
1	
1	
1	
1	
1	
1	
1	
1	
1	
1	
1	
1	
1	
1	
1	
1	
1	
1	
1	
1	
1	
1	
1	
1	
1	
1	
1	
1	
1	
1	
1	
1	
1	
1	
1	
1	
1	
1	
1	
1	
1	
1	
1	
1	
1	
1	
1	
1	
1	
1	
1	
1	
1	
1	
1	
1	
1	
1	
1	
1	
1	
1	
1	
1	
1	
1	
1	
1	
1	
1	
1	
1	
1	
1	
1	
1	
1	
1	
1	
1	
1	
1	
1	
1	
1	
1	
1	
1	
1	
1	
1	
1	
1	
1	
1	
1	
1	
1	
1	
1	
1	
1	
1	
1	
1	
1	
1	
1	
1	
1	
1	
1	
1	
1	
1	
1	
1	
1	
1	
1	
1	
1	
1	
1	
1	
1	
1	
1	
1	
1	
1	
1	
1	
1	
1	
1	
1	
1	
1	
1	
1	
1	
1	
1	
1	
1	
1	
1	
1	
1	
1	
1	
1	
1	
1	
1	
1	
1	
1	
1	
1	
1	
1	
1	
1	
1	
1	
1	
1	
1	
1	
1	
1	
1	
1	
1	
1	
1	
1	
1	
1	
1	
1	
1	
1	
1	
1	
1	
1	
1	
1	
1	
1	
1	
1	
1	
1	
1	
1	
1	
1	
1	
1	
1	
1	
1	
1	
1	
1	
1	
1	
1	
1	
1	
1	
1	
1	
1	
1	
1	
1	
1	
1	
1	
1	
1	
1	
1	
1	
1	
1	
1	
1	
1	
1	
1	
1	
1	
1	
1	
1	
1	
1	
1	
1	
1	
1	
