121	87	82	41	34	34	33	28	27	25	24	23	22	22	21	18	17	16	16	15	15	15	12	11	11	10	10	9	8	8	7	7	7	7	7	6	6	6	6	6	5	5	5	5	5	4	4	4	4	4	4	4	4	4	4	4	4	4	3	3	3	3	3	3	3	3	3	3	3	3	3	3	3	3	3	3	3	3	3	2	2	2	2	2	2	2	2	2	2	2	2	2	2	2	2	2	2	2	2	2	2	2	2	2	2	2	2	2	2	2	2	2	2	2	2	2	2	2	2	2	2	2	2	2	2	2	2	2	2	2	2	2	2	2	2	2	1	1	1	1	1	1	1	1	1	1	1	1	1	1	1	1	1	1	1	1	1	1	1	1	1	1	1	1	1	1	1	1	1	1	1	1	1	1	1	1	1	1	1	1	1	1	1	1	1	1	1	1	1	1	1	1	1	1	1	1	1	1	1	1	1	1	1	1	1	1	1	1	1	1	1	1	1	1	1	1	1	1	1	1	1	1	1	1	1	1	1	1	1	1	1	1	1	1	1	1	1	1	1	1	1	1	1	1	1	1	1	1	1	1	1	1	1	1	1	1	1	1	1	1	1	1	1	1	1	1	1	1	1	1	1	1	1	1	1	1	1	1	1	1	1	1	1	1	1	1	1	1	1	1	1	1	1	1	1	1	1	1	1	1	1	1	1	1	1	1	1	1	1	1	1	1	1	1	1	1	1	1	1	1	1	1	1	1	1	1	1	1	1	1	1	1	1	1	1	1	1	1	1	1	1	1	1	1	1	1	1	1	1	1	1	1	1	1	1	1	1	1	1	1	1	1	1	1	1	1	1	1	1	1	1	1	1	1	1	1	1	1	1	1	1	1	1	1	1	1	1	1	1	1	1	1	1	1	1	1	1	1	1	
102	69	56	35	29	29	24	18	18	17	13	13	13	13	13	12	12	11	10	10	10	10	9	8	8	8	8	8	8	8	8	7	7	7	7	7	6	6	6	6	6	6	5	5	5	4	4	4	4	4	4	4	4	4	3	3	3	3	3	3	3	3	3	3	3	3	3	2	2	2	2	2	2	2	2	2	2	2	2	2	2	2	2	2	2	2	2	2	2	2	2	2	2	2	2	2	2	2	2	2	2	1	1	1	1	1	1	1	1	1	1	1	1	1	1	1	1	1	1	1	1	1	1	1	1	1	1	1	1	1	1	1	1	1	1	1	1	1	1	1	1	1	1	1	1	1	1	1	1	1	1	1	1	1	1	1	1	1	1	1	1	1	1	1	1	1	1	1	1	1	1	1	1	1	1	1	1	1	1	1	1	1	1	1	1	1	1	1	1	1	1	1	1	1	1	1	1	1	1	1	1	1	1	1	1	1	1	1	1	1	1	1	1	1	1	1	1	1	1	1	1	1	1	1	1	1	1	1	1	1	1	1	1	1	1	1	1	1	1	1	1	1	1	
58	33	27	21	19	16	14	14	11	10	10	9	8	8	7	7	7	6	6	6	6	6	6	5	5	5	5	5	5	5	5	5	4	4	4	4	4	4	4	4	4	4	4	4	4	4	4	4	4	4	4	3	3	3	3	3	3	3	3	3	3	3	3	3	3	3	3	3	3	3	3	3	3	3	3	3	3	3	3	3	3	3	2	2	2	2	2	2	2	2	2	2	2	2	2	2	2	2	2	2	2	2	2	2	2	2	2	2	2	2	2	2	2	2	2	2	2	2	2	2	2	2	2	2	2	2	2	2	2	2	2	2	2	2	2	2	2	2	2	2	2	2	2	2	2	2	2	2	2	2	2	2	2	2	2	2	2	2	1	1	1	1	1	1	1	1	1	1	1	1	1	1	1	1	1	1	1	1	1	1	1	1	1	1	1	1	1	1	1	1	1	1	1	1	1	1	1	1	1	1	1	1	1	1	1	1	1	1	1	1	1	1	1	1	1	1	1	1	1	1	1	1	1	1	1	1	1	1	1	1	1	1	1	1	1	1	1	1	1	1	1	1	1	1	1	1	1	1	1	1	1	1	1	1	1	1	1	1	1	1	1	1	1	1	1	1	1	1	1	1	1	1	1	1	1	1	1	1	1	1	1	1	1	1	1	1	1	1	1	1	1	1	1	1	1	1	1	1	1	1	1	1	1	1	1	1	1	1	1	1	1	1	1	1	1	1	1	1	1	1	1	1	1	1	1	1	1	1	1	1	1	1	1	1	1	1	1	1	1	1	1	1	1	1	1	1	1	1	1	1	1	1	1	1	1	1	1	1	1	1	1	1	1	1	1	1	1	1	1	1	1	1	1	1	1	1	1	1	1	1	1	1	1	1	1	1	1	1	1	1	1	1	1	1	1	1	1	1	1	1	1	1	1	1	1	1	1	1	1	1	1	1	1	1	1	1	1	1	1	1	
123	84	39	29	26	20	19	18	13	12	11	7	7	6	4	4	4	3	3	3	3	3	3	3	2	2	2	2	2	2	2	2	2	2	2	2	2	2	2	2	2	1	1	1	1	1	1	1	1	1	1	1	1	1	1	1	1	1	1	1	1	1	1	1	1	1	1	1	1	1	1	1	1	1	1	1	1	1	1	1	1	1	1	1	1	1	1	1	1	1	1	1	1	1	1	1	1	1	1	1	1	1	1	1	1	1	1	1	1	1	1	1	1	1	1	1	1	1	1	1	1	1	1	
152	85	27	21	17	10	9	8	8	6	6	6	5	4	4	4	4	4	3	3	3	3	2	2	2	2	2	2	2	2	2	2	2	2	2	2	1	1	1	1	1	1	1	1	1	1	1	1	1	1	1	1	1	1	1	1	1	1	1	1	1	1	1	1	1	1	1	1	1	1	1	1	1	1	1	1	1	1	1	1	1	1	1	
45	23	17	17	12	11	10	10	9	7	7	7	6	5	5	5	5	5	4	4	4	4	4	4	4	4	4	4	3	3	3	3	3	3	3	3	3	3	2	2	2	2	2	2	2	2	2	2	2	2	2	2	2	2	2	2	2	2	2	2	2	2	2	2	2	2	1	1	1	1	1	1	1	1	1	1	1	1	1	1	1	1	1	1	1	1	1	1	1	1	1	1	1	1	1	1	1	1	1	1	1	1	1	1	1	1	1	1	1	1	1	1	1	1	1	1	1	1	1	1	1	1	1	1	1	1	1	1	1	1	1	1	1	1	1	1	1	1	1	1	1	1	1	1	1	1	1	1	1	1	1	1	1	1	1	1	1	1	1	1	1	1	1	1	1	1	1	1	1	1	1	1	1	1	1	1	1	1	1	1	1	1	1	1	1	1	1	1	1	1	
189	83	63	42	7	6	3	3	2	2	2	2	2	2	1	1	1	1	1	1	1	1	1	1	1	1	1	1	1	1	1	1	1	1	1	1	1	1	1	
97	63	27	27	24	17	13	7	7	4	4	4	4	4	3	3	3	3	3	2	2	2	2	2	2	2	2	2	2	2	2	2	2	2	2	1	1	1	1	1	1	1	1	1	1	1	1	1	1	1	1	1	1	1	1	1	1	1	1	1	1	1	1	1	1	1	1	1	1	1	1	1	1	1	1	1	1	1	1	1	1	1	1	1	1	1	1	1	1	1	1	1	
65	43	27	20	14	11	10	9	9	7	7	7	6	5	5	4	4	3	3	3	3	3	3	3	2	2	2	2	2	2	2	2	2	2	2	2	2	2	2	2	2	1	1	1	1	1	1	1	1	1	1	1	1	1	1	1	1	1	1	1	1	1	1	1	1	1	1	1	1	1	1	1	1	1	1	1	1	1	1	1	1	1	1	1	1	1	1	1	1	1	1	1	1	1	1	1	1	1	1	1	1	1	1	1	1	1	1	1	1	1	1	1	1	1	1	1	1	1	1	1	1	1	1	1	1	1	1	1	1	1	
45	20	19	14	14	13	10	8	8	8	7	6	6	6	6	5	5	5	5	5	5	5	5	4	4	4	3	3	3	3	3	3	3	3	3	3	3	3	3	2	2	2	2	2	2	2	2	2	2	2	2	2	2	2	1	1	1	1	1	1	1	1	1	1	1	1	1	1	1	1	1	1	1	1	1	1	1	1	1	1	1	1	1	1	1	1	1	1	1	1	1	1	1	1	1	1	1	1	1	1	1	1	1	1	1	1	1	1	1	1	1	1	1	1	1	1	1	1	1	1	1	1	1	1	1	1	1	1	1	1	1	1	1	1	1	
266	49	5	5	5	2	2	2	2	2	1	1	1	1	1	1	1	1	1	1	1	1	1	1	1	1	1	1	1	
18	17	17	14	14	11	11	8	8	7	6	6	5	5	5	5	5	4	4	4	4	4	4	4	4	3	3	3	3	3	3	3	3	3	3	3	2	2	2	2	2	2	2	2	2	2	2	2	2	2	1	1	1	1	1	1	1	1	1	1	1	1	1	1	1	1	1	1	1	1	1	1	1	1	1	1	1	1	1	1	1	1	1	1	1	1	1	1	1	1	1	1	1	1	1	1	1	1	1	1	1	1	1	1	1	1	1	1	1	1	1	1	1	1	1	1	1	1	1	1	1	1	1	1	1	1	1	1	1	1	1	1	1	1	
51	29	10	10	9	9	7	6	5	5	4	4	4	4	4	3	3	3	3	3	3	3	2	2	2	2	2	2	2	2	2	2	2	2	2	2	2	2	2	2	2	2	2	2	1	1	1	1	1	1	1	1	1	1	1	1	1	1	1	1	1	1	1	1	1	1	1	1	1	1	1	1	1	1	1	1	1	1	1	1	1	1	1	1	1	1	1	1	1	1	1	1	1	1	1	1	1	1	1	1	1	1	1	1	1	1	1	1	1	1	1	1	1	1	1	1	1	1	1	1	1	1	1	1	1	1	1	1	1	1	1	1	1	1	1	
51	48	30	20	11	11	9	8	4	4	3	3	3	3	3	2	2	2	2	2	2	2	2	2	2	2	2	1	1	1	1	1	1	1	1	1	1	1	1	1	1	1	1	1	1	1	1	1	1	1	1	1	1	1	1	1	1	1	1	1	1	1	1	1	1	1	1	1	1	1	1	1	1	1	1	1	1	1	1	1	1	1	1	
76	66	14	6	5	5	5	4	3	3	3	3	3	3	3	2	2	2	2	2	2	2	2	2	2	2	2	2	2	2	2	2	2	2	2	1	1	1	1	1	1	1	1	1	1	1	1	1	1	1	1	1	1	1	1	1	1	1	1	1	1	1	1	1	1	1	1	1	1	1	1	1	1	1	1	1	1	1	1	
84	53	25	22	19	12	9	5	4	4	4	4	3	2	2	2	2	2	1	1	1	1	1	1	1	1	1	1	1	1	1	1	1	1	1	1	1	1	1	1	
199	10	7	4	3	3	3	3	3	2	2	2	2	2	1	1	1	1	1	1	1	1	1	1	1	1	1	1	1	1	1	1	1	1	1	1	1	1	1	1	1	1	1	1	1	1	1	1	1	
89	30	14	13	9	9	9	5	5	4	4	4	4	3	3	3	3	3	3	3	3	2	2	2	2	2	2	2	2	1	1	1	1	1	1	1	1	1	1	1	1	1	1	1	1	1	1	1	1	1	1	1	1	1	1	1	1	1	
26	23	15	11	9	8	7	7	5	5	4	3	3	3	3	3	3	3	2	2	2	2	2	2	2	2	2	2	2	2	2	2	2	2	2	2	2	2	2	2	2	2	1	1	1	1	1	1	1	1	1	1	1	1	1	1	1	1	1	1	1	1	1	1	1	1	1	1	1	1	1	1	1	1	1	1	1	1	1	1	1	1	1	1	1	1	1	1	1	1	1	1	1	1	1	1	1	1	1	1	1	1	1	1	1	1	1	1	1	1	1	1	1	1	1	
72	42	29	14	13	11	6	5	4	3	3	3	2	2	2	2	2	2	2	2	2	2	2	2	1	1	1	1	1	1	1	1	1	1	1	1	1	1	1	1	1	1	1	1	1	1	1	1	
50	10	9	9	6	5	5	5	5	4	4	4	4	4	3	3	3	3	3	3	3	3	2	2	2	2	2	2	2	2	2	2	2	2	2	2	2	2	2	2	2	2	1	1	1	1	1	1	1	1	1	1	1	1	1	1	1	1	1	1	1	1	1	1	1	1	1	1	1	1	1	1	1	1	1	1	1	1	1	1	1	1	1	1	1	1	1	1	1	1	1	1	1	1	1	1	1	1	
70	40	18	14	10	9	6	5	4	3	3	3	2	2	2	2	2	2	2	1	1	1	1	1	1	1	1	1	1	1	1	1	1	1	1	1	1	1	1	1	1	1	1	1	1	
41	36	27	23	15	11	9	4	4	4	4	3	3	3	3	2	2	2	2	2	1	1	1	1	1	1	1	1	1	1	1	1	1	1	1	1	1	1	1	1	1	
30	17	12	11	11	9	9	8	5	5	5	4	4	4	3	3	3	3	3	2	2	2	2	2	2	2	2	1	1	1	1	1	1	1	1	1	1	1	1	1	1	1	1	1	1	1	1	1	1	1	1	1	1	1	1	1	1	1	1	1	1	1	1	1	1	1	1	1	1	1	1	1	1	1	1	1	1	1	1	
37	25	19	16	13	9	7	7	4	3	2	2	2	2	2	2	2	1	1	1	1	1	1	1	1	1	1	1	1	1	1	1	1	1	1	1	1	1	1	1	1	1	1	1	1	1	1	1	1	1	1	1	1	1	1	1	
84	28	12	7	5	4	4	3	3	2	2	2	2	2	2	2	2	1	1	1	1	1	1	1	1	1	1	1	1	1	1	1	1	1	1	1	1	
65	26	12	7	6	5	4	4	4	4	3	2	2	2	2	1	1	1	1	1	1	1	1	1	1	1	1	1	1	1	1	1	1	1	1	1	1	1	1	1	1	1	1	1	1	1	1	1	1	1	
19	17	9	8	8	6	5	5	5	4	3	3	3	3	2	2	2	2	2	2	2	2	2	2	2	2	2	1	1	1	1	1	1	1	1	1	1	1	1	1	1	1	1	1	1	1	1	1	1	1	1	1	1	1	1	1	1	1	1	1	1	1	1	1	1	1	1	1	1	1	1	1	1	1	1	1	1	1	1	1	1	1	1	1	1	
87	17	9	5	5	4	3	3	3	2	2	2	2	2	2	1	1	1	1	1	1	1	1	1	1	1	1	1	1	1	1	1	1	1	1	1	1	1	1	1	1	1	1	1	1	1	1	1	
35	23	21	18	10	8	7	7	6	6	4	3	3	3	3	3	2	2	2	1	1	1	1	1	1	1	1	1	1	1	1	1	1	
48	33	13	12	8	6	6	3	2	2	2	2	1	1	1	1	1	1	1	1	1	1	1	1	1	1	1	1	1	1	1	1	1	1	1	1	1	1	1	1	1	
84	7	7	5	5	5	4	4	3	3	2	2	2	2	2	2	1	1	1	1	1	1	1	1	1	1	1	1	1	1	1	1	1	1	1	1	1	1	1	1	1	
21	10	8	7	6	4	4	4	3	3	3	3	3	3	3	2	2	2	2	2	2	2	2	2	2	2	2	1	1	1	1	1	1	1	1	1	1	1	1	1	1	1	1	1	1	1	1	1	1	1	1	1	1	1	1	1	1	1	1	1	1	1	1	1	1	1	1	1	1	1	1	1	1	1	1	1	1	1	1	1	1	
22	18	14	12	10	7	5	4	4	3	3	3	3	3	3	2	2	2	2	2	2	1	1	1	1	1	1	1	1	1	1	1	1	1	1	1	1	1	1	1	1	1	1	1	1	1	1	1	1	1	1	1	1	1	
28	14	7	6	6	5	4	4	3	3	3	3	3	3	2	2	2	2	2	2	2	2	2	1	1	1	1	1	1	1	1	1	1	1	1	1	1	1	1	1	1	1	1	1	1	1	1	1	1	1	1	1	1	1	1	1	1	1	1	1	1	1	1	1	1	
21	14	11	7	6	6	5	5	4	4	3	3	3	3	3	2	2	2	2	2	2	1	1	1	1	1	1	1	1	1	1	1	1	1	1	1	1	1	1	1	1	1	1	1	1	1	1	1	1	1	1	1	1	1	1	1	1	1	1	1	
26	8	8	8	7	5	4	4	4	3	3	3	3	3	3	2	2	2	2	2	2	2	2	2	2	1	1	1	1	1	1	1	1	1	1	1	1	1	1	1	1	1	1	1	1	1	1	1	1	1	1	1	1	1	1	1	1	1	
14	11	10	9	7	6	6	6	4	3	3	2	2	2	2	2	2	2	2	2	2	2	2	2	1	1	1	1	1	1	1	1	1	1	1	1	1	1	1	1	1	1	1	1	1	1	1	1	1	1	1	1	1	1	1	1	1	1	1	1	1	1	1	1	
58	11	6	6	3	3	3	2	2	2	2	2	2	2	2	2	2	2	2	1	1	1	1	1	1	1	1	1	1	1	1	1	1	1	1	1	1	1	1	1	1	1	1	1	1	1	1	1	1	
14	14	13	5	4	4	3	3	3	3	2	2	2	2	2	2	2	2	2	2	2	2	1	1	1	1	1	1	1	1	1	1	1	1	1	1	1	1	1	1	1	1	1	1	1	1	1	1	1	1	1	1	1	1	1	1	1	1	1	1	1	1	1	1	1	1	1	1	1	1	1	1	1	1	1	1	
93	9	8	4	4	2	2	2	2	1	1	1	1	1	1	1	1	1	1	1	1	1	1	1	1	
23	13	11	9	9	7	6	5	4	4	4	4	3	3	2	2	2	2	2	2	2	2	1	1	1	1	1	1	1	1	1	1	1	1	1	1	1	1	1	1	1	1	
82	13	12	8	7	3	1	1	1	1	1	1	1	
15	14	10	6	6	5	5	5	5	4	4	3	2	2	2	2	2	2	2	2	2	1	1	1	1	1	1	1	1	1	1	1	1	1	1	1	1	1	1	1	1	1	1	1	1	1	1	1	1	1	1	1	
77	21	3	2	2	2	2	1	1	1	1	1	1	1	1	1	1	1	1	1	1	1	1	1	1	
19	13	13	12	11	9	6	6	4	4	3	3	3	2	2	1	1	1	1	1	1	1	1	1	1	1	1	1	1	1	1	
24	15	12	11	9	7	6	5	4	4	2	2	2	2	1	1	1	1	1	1	1	1	1	1	1	1	1	1	1	1	1	
100	12	3	2	2	1	1	
30	26	17	6	5	5	4	4	4	3	3	3	2	2	2	1	1	1	1	
18	9	8	8	7	6	4	4	3	3	3	2	2	2	2	2	2	2	2	2	1	1	1	1	1	1	1	1	1	1	1	1	1	1	1	1	1	1	1	1	1	1	1	1	1	1	1	1	1	
12	8	8	6	5	4	3	3	3	3	3	2	2	2	2	2	2	2	2	2	2	1	1	1	1	1	1	1	1	1	1	1	1	1	1	1	1	1	1	1	1	1	1	1	1	1	1	1	1	1	1	1	1	1	1	1	1	1	1	1	1	1	1	
56	4	3	3	3	3	2	2	2	2	2	2	2	1	1	1	1	1	1	1	1	1	1	1	1	1	1	1	1	1	1	1	1	1	1	1	1	1	1	1	1	1	1	1	1	
8	8	6	5	5	4	3	3	2	2	2	2	2	2	2	2	2	2	2	2	1	1	1	1	1	1	1	1	1	1	1	1	1	1	1	1	1	1	1	1	1	1	1	1	1	1	1	1	1	1	1	1	1	1	1	1	1	1	1	1	1	1	1	1	1	1	1	1	1	
12	8	5	4	4	4	3	3	2	2	2	2	2	2	2	2	2	2	1	1	1	1	1	1	1	1	1	1	1	1	1	1	1	1	1	1	1	1	1	1	1	1	1	1	1	1	1	1	1	1	1	1	1	1	1	1	1	1	1	1	1	1	1	1	1	1	1	1	1	1	
12	4	4	4	4	4	3	3	3	2	2	2	2	2	2	2	2	2	2	1	1	1	1	1	1	1	1	1	1	1	1	1	1	1	1	1	1	1	1	1	1	1	1	1	1	1	1	1	1	1	1	1	1	1	1	1	1	1	1	1	1	1	1	1	1	1	1	1	1	1	1	1	
48	8	7	6	6	5	4	3	3	3	3	2	2	2	1	1	1	1	1	1	1	1	1	1	1	
22	19	13	4	4	3	2	2	2	2	2	2	1	1	1	1	1	1	1	1	1	1	1	1	1	1	1	1	1	1	1	1	1	1	1	1	1	1	1	1	1	1	
18	14	9	7	4	3	3	2	2	2	2	1	1	1	1	1	1	1	1	1	1	1	1	1	1	1	1	1	1	1	1	1	1	1	1	1	1	1	1	1	1	1	1	1	1	1	1	1	1	1	1	
36	17	4	3	3	3	3	2	2	2	2	1	1	1	1	1	1	1	1	1	1	1	1	1	1	1	1	1	1	1	1	1	1	1	1	1	1	1	
32	27	3	2	2	2	2	2	2	2	1	1	1	1	1	1	1	1	1	1	1	1	1	1	1	1	1	1	1	1	1	1	1	1	1	1	1	1	
5	4	4	3	3	3	3	2	2	2	2	2	2	2	2	2	2	2	1	1	1	1	1	1	1	1	1	1	1	1	1	1	1	1	1	1	1	1	1	1	1	1	1	1	1	1	1	1	1	1	1	1	1	1	1	1	1	1	1	1	1	1	1	1	1	1	1	1	1	1	1	1	1	
59	7	5	3	2	2	2	2	2	2	1	1	1	1	1	1	1	1	1	1	1	1	1	1	1	
10	9	7	3	3	3	2	2	2	2	2	2	2	2	1	1	1	1	1	1	1	1	1	1	1	1	1	1	1	1	1	1	1	1	1	1	1	1	1	1	1	1	1	1	1	1	1	1	1	1	1	1	1	1	1	1	1	1	1	1	1	1	
32	11	6	5	4	4	3	3	2	2	2	2	2	1	1	1	1	1	1	1	1	1	1	1	1	1	1	1	1	1	1	1	1	
31	9	5	5	4	3	2	2	2	2	2	2	1	1	1	1	1	1	1	1	1	1	1	1	1	1	1	1	1	1	1	1	1	1	1	1	1	1	1	1	1	
40	5	4	4	3	3	2	2	2	2	2	1	1	1	1	1	1	1	1	1	1	1	1	1	1	1	1	1	1	1	1	1	1	1	1	1	1	1	
30	10	9	7	4	3	3	2	2	2	2	2	2	1	1	1	1	1	1	1	1	1	1	1	1	1	1	1	1	1	
57	16	9	4	4	2	1	1	1	
22	12	8	8	8	5	4	4	3	2	2	2	1	1	1	1	1	1	1	1	1	1	1	1	1	1	
20	17	13	10	5	4	2	2	2	2	2	2	2	1	1	1	1	1	1	1	1	1	
8	7	6	5	3	3	3	3	3	3	3	2	2	2	2	2	2	2	2	1	1	1	1	1	1	1	1	1	1	1	1	1	1	1	1	1	1	1	1	1	1	1	1	1	1	1	
29	21	17	5	3	2	1	1	1	1	1	1	1	1	1	1	1	
18	7	6	5	4	3	3	3	2	2	2	2	2	2	2	2	1	1	1	1	1	1	1	1	1	1	1	1	1	1	1	1	1	1	1	
42	5	5	3	2	2	2	2	2	2	2	1	1	1	1	1	1	1	1	1	1	1	1	1	1	
18	6	6	5	3	3	3	2	2	2	1	1	1	1	1	1	1	1	1	1	1	1	1	1	1	1	1	1	1	1	1	1	1	1	1	1	1	1	1	1	1	1	
30	28	11	2	2	1	1	1	1	1	1	1	1	1	
25	12	5	4	3	3	2	2	2	1	1	1	1	1	1	1	1	1	1	1	1	1	1	1	1	1	1	1	1	1	1	1	
24	12	12	5	3	3	3	3	1	1	1	1	1	1	1	1	1	1	1	1	1	1	
21	12	7	5	4	4	4	3	3	2	2	2	2	2	2	1	1	1	
18	11	5	4	3	3	3	2	2	2	2	2	2	2	2	1	1	1	1	1	1	1	1	1	1	1	1	1	1	
21	13	11	3	3	2	2	2	2	1	1	1	1	1	1	1	1	1	1	1	1	1	1	1	1	1	
29	11	7	7	7	3	2	1	1	1	1	1	1	1	1	1	1	
18	15	9	5	4	4	3	2	2	1	1	1	1	1	1	1	1	1	1	1	1	1	
57	4	3	3	2	1	1	1	1	1	
17	7	6	5	4	4	4	3	2	2	2	1	1	1	1	1	1	1	1	1	1	1	1	1	1	1	1	1	1	
47	8	3	2	1	1	1	1	1	1	1	1	1	1	1	1	1	
6	5	4	3	3	3	2	2	2	2	2	2	2	2	1	1	1	1	1	1	1	1	1	1	1	1	1	1	1	1	1	1	1	1	1	1	1	1	1	1	1	1	1	1	1	1	1	
5	4	4	3	3	3	2	2	2	2	2	2	2	2	1	1	1	1	1	1	1	1	1	1	1	1	1	1	1	1	1	1	1	1	1	1	1	1	1	1	1	1	1	1	1	1	1	1	1	
10	7	6	5	5	4	4	3	3	3	2	2	2	1	1	1	1	1	1	1	1	1	1	1	1	1	1	1	1	
39	4	3	3	2	2	2	2	2	1	1	1	1	1	1	1	1	1	1	1	
11	6	3	2	2	2	2	2	2	2	2	2	2	1	1	1	1	1	1	1	1	1	1	1	1	1	1	1	1	1	1	1	1	1	1	1	1	1	1	1	1	1	1	
11	6	5	5	2	2	2	2	2	2	2	1	1	1	1	1	1	1	1	1	1	1	1	1	1	1	1	1	1	1	1	1	1	1	1	1	1	1	1	
8	7	6	5	3	3	3	3	2	2	2	2	2	1	1	1	1	1	1	1	1	1	1	1	1	1	1	1	1	1	1	1	1	
11	8	7	6	5	4	2	2	2	2	2	2	2	1	1	1	1	1	1	1	1	1	1	1	1	1	
6	5	5	5	4	3	3	3	2	2	2	2	1	1	1	1	1	1	1	1	1	1	1	1	1	1	1	1	1	1	1	1	1	1	1	1	1	1	
12	12	11	6	5	2	2	2	2	1	1	1	1	1	1	1	1	1	1	1	1	
10	7	6	6	5	4	3	3	3	2	2	2	2	2	1	1	1	1	1	1	1	1	
15	7	4	4	3	3	3	2	2	2	1	1	1	1	1	1	1	1	1	1	1	1	1	1	1	1	1	1	1	
8	7	6	3	3	2	2	2	2	2	1	1	1	1	1	1	1	1	1	1	1	1	1	1	1	1	1	1	1	1	1	1	1	1	1	1	1	
24	16	6	3	2	1	1	1	1	1	1	1	1	1	1	1	1	1	
6	6	3	3	3	3	2	2	2	2	2	2	2	1	1	1	1	1	1	1	1	1	1	1	1	1	1	1	1	1	1	1	1	1	1	1	1	1	
7	6	6	4	3	2	2	2	2	2	2	2	2	2	2	1	1	1	1	1	1	1	1	1	1	1	1	1	1	1	1	1	
24	4	3	2	2	2	2	2	2	1	1	1	1	1	1	1	1	1	1	1	1	1	1	1	1	1	1	1	
8	6	5	5	3	3	2	2	2	1	1	1	1	1	1	1	1	1	1	1	1	1	1	1	1	1	1	1	1	1	1	1	1	1	1	
36	9	3	2	1	1	1	1	1	1	1	1	1	1	1	
5	4	3	3	3	2	2	2	2	1	1	1	1	1	1	1	1	1	1	1	1	1	1	1	1	1	1	1	1	1	1	1	1	1	1	1	1	1	1	1	1	1	1	
22	5	3	3	2	2	2	2	2	1	1	1	1	1	1	1	1	1	1	1	1	1	1	1	1	1	
12	9	9	7	5	3	2	1	1	1	1	1	1	1	1	1	1	1	
4	4	4	3	3	3	2	2	2	2	2	2	1	1	1	1	1	1	1	1	1	1	1	1	1	1	1	1	1	1	1	1	1	1	1	1	1	
22	4	3	2	2	2	1	1	1	1	1	1	1	1	1	1	1	1	1	1	1	1	1	1	1	1	1	1	1	
19	11	6	5	5	4	2	2	2	1	1	
23	8	4	3	2	1	1	1	1	1	1	1	1	1	1	1	1	1	1	1	1	1	
16	5	3	2	2	2	1	1	1	1	1	1	1	1	1	1	1	1	1	1	1	1	1	1	1	1	1	1	1	1	1	1	1	
23	7	3	3	2	1	1	1	1	1	1	1	1	1	1	1	1	1	1	1	1	1	1	
6	4	4	4	3	3	3	3	2	2	2	2	1	1	1	1	1	1	1	1	1	1	1	1	1	1	1	1	1	1	
9	5	4	3	2	2	2	2	2	1	1	1	1	1	1	1	1	1	1	1	1	1	1	1	1	1	1	1	1	1	1	1	1	
5	4	4	3	3	3	3	3	3	2	2	2	2	2	2	1	1	1	1	1	1	1	1	1	1	1	
10	8	8	7	5	4	4	3	1	1	1	1	1	
11	6	6	4	4	3	3	2	1	1	1	1	1	1	1	1	1	1	1	1	1	1	1	
18	7	6	4	3	3	2	2	1	1	1	1	1	1	1	1	1	
12	10	6	5	3	2	2	2	2	2	1	1	1	1	1	1	1	1	
6	3	2	2	2	2	2	1	1	1	1	1	1	1	1	1	1	1	1	1	1	1	1	1	1	1	1	1	1	1	1	1	1	1	1	1	1	1	1	1	1	
37	2	1	1	1	1	1	1	1	1	1	1	1	1	1	1	
8	8	7	6	5	4	3	3	2	2	1	1	1	1	
4	3	3	3	3	2	2	2	2	1	1	1	1	1	1	1	1	1	1	1	1	1	1	1	1	1	1	1	1	1	1	1	1	1	1	1	1	
30	8	2	2	2	2	1	1	1	1	1	1	
29	5	2	2	2	2	1	1	1	1	1	1	1	1	1	
24	7	6	2	2	2	1	1	1	1	1	1	1	
23	5	4	2	2	2	2	1	1	1	1	1	1	1	1	1	1	
14	8	5	4	2	2	1	1	1	1	1	1	1	1	1	1	1	1	1	1	1	
40	5	2	1	1	1	
27	2	2	2	1	1	1	1	1	1	1	1	1	1	1	1	1	1	1	1	
14	6	6	4	4	3	2	2	1	1	1	1	1	1	1	1	
20	13	5	3	3	1	1	1	1	1	
5	3	3	3	2	2	2	2	2	2	2	2	1	1	1	1	1	1	1	1	1	1	1	1	1	1	1	1	1	1	1	
12	8	5	3	2	2	1	1	1	1	1	1	1	1	1	1	1	1	1	1	1	1	
20	7	3	2	2	1	1	1	1	1	1	1	1	1	1	1	1	1	1	
9	5	4	3	2	2	2	2	1	1	1	1	1	1	1	1	1	1	1	1	1	1	1	1	1	1	1	
15	7	5	2	2	2	1	1	1	1	1	1	1	1	1	1	1	1	1	1	1	
22	3	3	2	2	1	1	1	1	1	1	1	1	1	1	1	1	1	1	1	1	
14	7	3	2	2	2	2	2	2	1	1	1	1	1	1	1	1	1	1	1	
7	3	3	3	2	2	1	1	1	1	1	1	1	1	1	1	1	1	1	1	1	1	1	1	1	1	1	1	1	1	1	1	1	
11	5	4	3	1	1	1	1	1	1	1	1	1	1	1	1	1	1	1	1	1	1	1	1	1	1	1	1	
3	3	3	2	2	2	2	1	1	1	1	1	1	1	1	1	1	1	1	1	1	1	1	1	1	1	1	1	1	1	1	1	1	1	1	1	
3	3	2	2	1	1	1	1	1	1	1	1	1	1	1	1	1	1	1	1	1	1	1	1	1	1	1	1	1	1	1	1	1	1	1	1	1	1	1	1	
20	5	2	2	2	2	1	1	1	1	1	1	1	1	1	1	1	1	1	
12	11	8	4	3	2	1	1	1	1	1	1	
34	3	3	2	1	1	1	1	
10	6	5	4	3	3	2	2	2	1	1	1	1	1	1	1	1	1	
13	4	4	3	2	2	2	2	2	2	2	2	1	1	1	1	1	
7	7	4	4	3	3	2	2	2	1	1	1	1	1	1	1	1	1	1	1	
28	11	4	1	1	
10	7	5	5	4	3	2	2	2	1	1	1	1	1	
5	2	2	2	2	2	2	1	1	1	1	1	1	1	1	1	1	1	1	1	1	1	1	1	1	1	1	1	1	1	1	1	1	1	
6	4	3	2	2	1	1	1	1	1	1	1	1	1	1	1	1	1	1	1	1	1	1	1	1	1	1	1	1	1	1	1	
21	11	2	1	1	1	1	1	1	1	1	1	1	
12	5	4	2	2	2	2	2	1	1	1	1	1	1	1	1	1	1	1	1	1	
4	4	3	2	2	2	2	1	1	1	1	1	1	1	1	1	1	1	1	1	1	1	1	1	1	1	1	1	1	1	1	1	
4	3	3	3	3	2	2	2	1	1	1	1	1	1	1	1	1	1	1	1	1	1	1	1	1	1	1	1	1	1	
14	5	4	3	3	2	2	1	1	1	1	1	1	1	1	1	1	
4	2	2	2	2	1	1	1	1	1	1	1	1	1	1	1	1	1	1	1	1	1	1	1	1	1	1	1	1	1	1	1	1	1	1	1	
21	4	3	2	2	1	1	1	1	1	1	1	1	1	1	
5	3	3	2	2	2	2	2	2	1	1	1	1	1	1	1	1	1	1	1	1	1	1	1	1	1	1	1	
3	3	3	2	2	2	2	2	2	2	2	1	1	1	1	1	1	1	1	1	1	1	1	1	1	1	1	1	
17	8	2	2	1	1	1	1	1	1	1	1	1	1	1	1	1	
22	5	4	2	2	2	1	1	1	1	1	
5	3	3	3	2	2	2	2	2	2	1	1	1	1	1	1	1	1	1	1	1	1	1	1	1	
5	4	3	3	3	2	2	2	1	1	1	1	1	1	1	1	1	1	1	1	1	1	1	1	
9	4	3	3	2	2	2	2	2	1	1	1	1	1	1	1	1	1	1	1	
19	3	3	2	1	1	1	1	1	1	1	1	1	1	1	1	1	
12	6	3	3	2	2	2	1	1	1	1	1	1	1	1	1	
6	6	4	4	4	2	2	1	1	1	1	1	1	1	1	1	1	1	
15	2	2	2	1	1	1	1	1	1	1	1	1	1	1	1	1	1	1	1	1	
13	5	4	4	2	2	2	1	1	1	1	1	1	
8	6	6	3	3	2	2	1	1	1	1	1	1	1	1	
23	4	3	1	1	1	1	1	1	1	
17	10	2	2	1	1	1	1	1	1	
5	4	4	4	3	3	2	2	1	1	1	1	1	1	1	1	1	1	
6	3	2	2	2	2	2	1	1	1	1	1	1	1	1	1	1	1	1	1	1	1	1	1	1	
11	4	3	2	2	2	2	2	1	1	1	1	1	1	1	1	1	
9	3	3	2	1	1	1	1	1	1	1	1	1	1	1	1	1	1	1	1	1	1	1	1	
15	5	4	3	2	2	2	1	1	1	
17	3	2	2	2	1	1	1	1	1	1	1	1	1	1	
31	2	1	1	1	
16	11	3	3	2	1	
5	3	3	2	2	1	1	1	1	1	1	1	1	1	1	1	1	1	1	1	1	1	1	1	1	1	
24	5	5	2	
11	6	3	3	3	3	2	1	1	1	1	1	
11	9	5	5	2	2	1	1	
23	6	2	1	1	1	1	
28	4	3	
5	4	3	3	2	2	2	1	1	1	1	1	1	1	1	1	1	1	1	1	1	
12	4	3	2	2	2	2	2	1	1	1	1	1	
5	4	3	3	2	2	2	2	1	1	1	1	1	1	1	1	1	1	1	
20	7	2	2	1	1	1	
8	7	4	3	2	2	2	1	1	1	1	1	
4	4	2	2	2	2	1	1	1	1	1	1	1	1	1	1	1	1	1	1	1	1	1	
3	2	2	2	2	2	2	2	2	1	1	1	1	1	1	1	1	1	1	1	1	1	1	
20	3	2	2	2	2	1	1	
4	3	2	2	2	2	1	1	1	1	1	1	1	1	1	1	1	1	1	1	1	1	1	1	
5	4	2	2	2	1	1	1	1	1	1	1	1	1	1	1	1	1	1	1	1	1	1	
9	5	4	2	2	1	1	1	1	1	1	1	1	1	1	1	
5	3	2	2	1	1	1	1	1	1	1	1	1	1	1	1	1	1	1	1	1	1	1	1	
10	8	5	2	2	2	1	1	1	
10	2	2	2	1	1	1	1	1	1	1	1	1	1	1	1	1	1	1	1	
3	3	2	2	2	2	1	1	1	1	1	1	1	1	1	1	1	1	1	1	1	1	1	1	
10	7	3	2	1	1	1	1	1	1	1	1	1	1	
6	6	5	3	1	1	1	1	1	1	1	1	1	1	1	1	
6	4	3	2	2	2	2	2	1	1	1	1	1	1	1	1	1	
18	4	3	2	2	2	1	
7	3	2	2	2	2	1	1	1	1	1	1	1	1	1	1	1	1	1	
7	3	3	2	2	2	1	1	1	1	1	1	1	1	1	1	1	1	
9	7	6	3	2	1	1	1	1	
13	3	3	2	2	1	1	1	1	1	1	1	1	
7	3	3	2	2	1	1	1	1	1	1	1	1	1	1	1	1	1	
4	3	2	1	1	1	1	1	1	1	1	1	1	1	1	1	1	1	1	1	1	1	1	1	
6	2	2	1	1	1	1	1	1	1	1	1	1	1	1	1	1	1	1	1	1	1	1	
9	2	2	2	1	1	1	1	1	1	1	1	1	1	1	1	1	1	1	
4	4	3	2	2	2	1	1	1	1	1	1	1	1	1	1	1	1	1	
5	5	2	1	1	1	1	1	1	1	1	1	1	1	1	1	1	1	1	1	1	
10	5	3	3	1	1	1	1	1	1	1	1	1	
10	4	3	3	3	1	1	1	1	1	1	
16	2	2	2	1	1	1	1	1	1	1	
11	9	5	2	1	1	
10	3	2	2	2	1	1	1	1	1	1	1	1	1	1	
4	4	3	3	2	2	1	1	1	1	1	1	1	1	1	1	1	
4	4	3	3	2	2	2	1	1	1	1	1	1	1	1	1	
17	2	1	1	1	1	1	1	1	1	1	1	
3	3	3	2	2	2	2	1	1	1	1	1	1	1	1	1	1	1	1	
10	6	3	2	2	1	1	1	1	1	
10	3	2	2	1	1	1	1	1	1	1	1	1	1	1	
3	2	2	2	1	1	1	1	1	1	1	1	1	1	1	1	1	1	1	1	1	1	1	
13	2	1	1	1	1	1	1	1	1	1	1	1	1	1	
8	5	3	1	1	1	1	1	1	1	1	1	1	1	1	
7	4	3	2	2	2	1	1	1	1	1	1	1	1	
8	2	2	2	2	2	1	1	1	1	1	1	1	1	1	1	
9	5	4	4	1	1	1	1	1	1	
14	4	3	2	1	1	1	1	1	
5	3	3	2	2	2	1	1	1	1	1	1	1	1	1	1	1	
6	5	4	3	2	1	1	1	1	1	1	1	
5	2	2	2	2	1	1	1	1	1	1	1	1	1	1	1	1	1	1	
5	3	2	2	1	1	1	1	1	1	1	1	1	1	1	1	1	1	1	
3	2	1	1	1	1	1	1	1	1	1	1	1	1	1	1	1	1	1	1	1	1	1	1	
4	2	2	1	1	1	1	1	1	1	1	1	1	1	1	1	1	1	1	1	1	1	
8	4	4	1	1	1	1	1	1	1	1	1	1	1	
7	4	4	2	2	2	1	1	1	1	1	1	
5	3	3	2	1	1	1	1	1	1	1	1	1	1	1	1	1	1	
6	5	3	3	2	2	2	2	1	1	
9	4	2	2	1	1	1	1	1	1	1	1	1	1	
9	5	2	2	2	2	2	2	1	
7	4	2	2	1	1	1	1	1	1	1	1	1	1	1	
3	2	2	1	1	1	1	1	1	1	1	1	1	1	1	1	1	1	1	1	1	1	
8	5	3	2	2	2	1	1	1	1	
6	3	3	3	2	2	2	2	1	1	1	
6	3	2	2	2	2	2	1	1	1	1	1	1	1	
10	6	2	2	2	1	1	1	1	
9	3	3	2	2	1	1	1	1	1	1	1	
4	2	2	2	2	1	1	1	1	1	1	1	1	1	1	1	1	1	
3	2	2	2	2	2	2	1	1	1	1	1	1	1	1	1	1	
6	3	2	1	1	1	1	1	1	1	1	1	1	1	1	1	1	
10	4	2	2	1	1	1	1	1	1	1	
3	3	2	1	1	1	1	1	1	1	1	1	1	1	1	1	1	1	1	1	
25	
12	2	1	1	1	1	1	1	1	1	1	1	1	
10	4	4	3	2	1	1	
10	4	2	2	2	1	1	1	1	1	
5	5	3	3	2	2	1	1	1	1	1	
3	3	2	2	2	2	2	2	1	1	1	1	1	1	1	
2	2	2	2	2	2	1	1	1	1	1	1	1	1	1	1	1	1	1	
6	3	3	3	2	2	1	1	1	1	1	1	
4	3	3	3	2	2	2	1	1	1	1	1	1	
11	8	2	2	2	
2	2	2	2	1	1	1	1	1	1	1	1	1	1	1	1	1	1	1	1	1	
3	2	1	1	1	1	1	1	1	1	1	1	1	1	1	1	1	1	1	1	1	1	
3	2	2	2	2	2	1	1	1	1	1	1	1	1	1	1	1	1	
5	3	2	2	2	2	2	1	1	1	1	1	1	1	
2	2	2	2	2	2	1	1	1	1	1	1	1	1	1	1	1	1	
7	4	4	2	2	1	1	1	1	1	
8	7	3	1	1	1	1	1	1	
14	3	3	1	1	1	1	
10	5	4	2	1	1	1	
14	2	1	1	1	1	1	1	1	1	
11	4	3	1	1	1	1	1	1	
7	3	2	2	1	1	1	1	1	1	1	1	1	1	
20	3	1	
10	3	2	1	1	1	1	1	1	1	1	1	
8	3	2	1	1	1	1	1	1	1	1	1	1	1	
11	5	2	1	1	1	1	1	1	
7	3	3	2	1	1	1	1	1	1	1	1	
8	6	3	2	1	1	1	1	
2	2	2	2	2	1	1	1	1	1	1	1	1	1	1	1	1	1	
6	5	2	1	1	1	1	1	1	1	1	1	1	
13	6	1	1	1	1	
12	3	2	2	1	1	1	1	
5	3	2	2	1	1	1	1	1	1	1	1	1	1	1	
12	2	1	1	1	1	1	1	1	1	1	
4	3	2	2	2	1	1	1	1	1	1	1	1	1	1	
8	4	3	2	2	2	1	1	
21	1	1	
5	4	3	3	3	2	1	1	
5	4	4	2	1	1	1	1	1	1	1	
4	2	2	2	2	1	1	1	1	1	1	1	1	1	1	
4	3	3	3	2	2	1	1	1	1	1	
10	6	2	1	1	1	1	
4	3	2	2	2	1	1	1	1	1	1	1	1	1	
5	4	3	3	2	1	1	1	1	1	
15	2	2	1	1	1	
12	4	3	1	1	1	
11	3	2	1	1	1	1	1	1	
5	4	3	2	1	1	1	1	1	1	1	1	
4	3	3	3	2	1	1	1	1	1	1	1	
6	3	3	2	1	1	1	1	1	1	1	1	
18	3	1	
3	3	3	3	2	2	1	1	1	1	1	
15	3	1	1	1	
21	
3	3	2	2	2	2	1	1	1	1	1	1	1	
4	4	4	2	2	1	1	1	1	1	
3	2	2	2	1	1	1	1	1	1	1	1	1	1	1	1	
6	4	3	3	1	1	1	1	1	
15	3	1	1	1	
6	4	2	1	1	1	1	1	1	1	1	1	
3	3	3	2	2	1	1	1	1	1	1	1	1	
8	3	3	2	1	1	1	1	
4	2	2	2	1	1	1	1	1	1	1	1	1	1	
4	1	1	1	1	1	1	1	1	1	1	1	1	1	1	1	1	
10	4	2	1	1	1	1	
7	4	4	1	1	1	1	1	
6	2	2	1	1	1	1	1	1	1	1	1	1	
5	3	2	2	2	2	1	1	1	1	
7	3	2	2	2	1	1	1	1	
17	1	1	1	
10	3	2	2	1	1	1	
3	2	1	1	1	1	1	1	1	1	1	1	1	1	1	1	1	
6	5	3	2	1	1	1	1	
5	3	2	2	2	1	1	1	1	1	1	
4	4	3	2	1	1	1	1	1	1	1	
6	5	4	2	1	1	1	
8	4	3	1	1	1	1	1	
7	4	4	2	1	1	1	
4	3	2	2	2	1	1	1	1	1	1	1	
4	3	2	2	2	1	1	1	1	1	1	1	
2	2	2	1	1	1	1	1	1	1	1	1	1	1	1	1	1	
7	4	3	2	1	1	1	1	
14	3	1	1	
4	3	2	2	1	1	1	1	1	1	1	1	
5	4	3	2	1	1	1	1	1	
10	2	2	1	1	1	1	1	
10	2	1	1	1	1	1	1	1	
14	1	1	1	1	1	
4	3	2	1	1	1	1	1	1	1	1	1	1	
10	4	2	2	1	
6	4	1	1	1	1	1	1	1	1	1	
8	6	2	1	1	1	
2	2	1	1	1	1	1	1	1	1	1	1	1	1	1	1	1	
6	3	3	1	1	1	1	1	1	1	
8	5	1	1	1	1	1	1	
9	5	2	1	1	1	
5	1	1	1	1	1	1	1	1	1	1	1	1	1	1	
5	5	4	3	1	1	
2	2	2	2	1	1	1	1	1	1	1	1	1	1	1	
3	3	2	1	1	1	1	1	1	1	1	1	1	1	
3	2	1	1	1	1	1	1	1	1	1	1	1	1	1	1	
9	3	2	1	1	1	1	1	
12	2	1	1	1	1	1	
3	2	1	1	1	1	1	1	1	1	1	1	1	1	1	
5	4	2	2	1	1	1	1	1	
5	2	1	1	1	1	1	1	1	1	1	1	1	
4	2	2	2	2	1	1	1	1	1	1	
4	2	2	1	1	1	1	1	1	1	1	1	1	
5	4	2	1	1	1	1	1	1	1	
8	2	1	1	1	1	1	1	1	1	
4	3	2	1	1	1	1	1	1	1	1	1	
3	2	1	1	1	1	1	1	1	1	1	1	1	1	1	
5	3	1	1	1	1	1	1	1	1	1	1	
9	2	2	1	1	1	1	1	
3	2	2	1	1	1	1	1	1	1	1	1	1	1	
4	2	1	1	1	1	1	1	1	1	1	1	1	1	
16	1	1	
3	3	2	2	1	1	1	1	1	1	1	1	
15	1	1	1	
6	3	3	2	2	1	1	
13	2	1	1	
4	4	2	2	2	1	1	1	
5	4	2	1	1	1	1	1	1	
11	3	1	1	1	
5	3	3	1	1	1	1	1	1	
2	2	1	1	1	1	1	1	1	1	1	1	1	1	1	
3	3	1	1	1	1	1	1	1	1	1	1	1	
6	4	1	1	1	1	1	1	1	
3	2	2	1	1	1	1	1	1	1	1	1	1	
11	3	1	1	1	
5	3	1	1	1	1	1	1	1	1	1	
2	2	1	1	1	1	1	1	1	1	1	1	1	1	1	
2	1	1	1	1	1	1	1	1	1	1	1	1	1	1	1	
6	3	3	1	1	1	1	1	
8	3	3	2	1	
2	1	1	1	1	1	1	1	1	1	1	1	1	1	1	1	
7	3	1	1	1	1	1	1	1	
6	3	2	1	1	1	1	1	1	
9	3	3	1	1	
3	3	2	2	2	1	1	1	1	1	
5	2	2	2	1	1	1	1	1	1	
3	2	1	1	1	1	1	1	1	1	1	1	1	1	
7	2	2	1	1	1	1	1	1	
5	2	2	1	1	1	1	1	1	1	1	
6	4	1	1	1	1	1	1	1	
3	1	1	1	1	1	1	1	1	1	1	1	1	1	1	
5	2	2	1	1	1	1	1	1	1	1	
7	2	1	1	1	1	1	1	1	
3	3	3	2	1	1	1	1	1	
3	3	2	1	1	1	1	1	1	1	1	
16	
2	2	2	2	2	1	1	1	1	1	1	
2	2	1	1	1	1	1	1	1	1	1	1	1	1	
7	2	2	1	1	1	1	1	
4	2	2	1	1	1	1	1	1	1	1	
4	2	2	2	2	1	1	1	1	
8	7	1	
8	2	1	1	1	1	1	1	
6	2	2	2	1	1	1	1	
5	3	2	1	1	1	1	1	1	
16	
4	3	2	2	1	1	1	1	1	
8	2	2	1	1	1	1	
4	4	2	2	1	1	1	1	
6	3	3	1	1	1	1	
3	3	1	1	1	1	1	1	1	1	1	1	
5	3	2	2	1	1	1	1	
4	4	2	2	1	1	1	1	
2	2	2	1	1	1	1	1	1	1	1	1	1	
4	4	3	2	1	1	1	
6	4	1	1	1	1	1	1	
3	3	2	2	1	1	1	1	1	1	
4	4	2	2	2	1	1	
4	4	2	2	1	1	1	1	
4	3	2	2	1	1	1	1	1	
8	2	1	1	1	1	1	1	
2	2	1	1	1	1	1	1	1	1	1	1	1	1	
5	4	4	3	
9	2	2	2	1	
10	3	2	1	
4	4	2	2	1	1	1	
8	2	1	1	1	1	1	
8	2	2	1	1	1	
9	1	1	1	1	1	1	
8	3	2	1	1	
4	4	1	1	1	1	1	1	1	
2	2	2	1	1	1	1	1	1	1	1	1	
3	2	2	2	1	1	1	1	1	1	
2	2	1	1	1	1	1	1	1	1	1	1	1	
3	3	1	1	1	1	1	1	1	1	1	
6	2	1	1	1	1	1	1	1	
7	2	1	1	1	1	1	1	
5	2	2	1	1	1	1	1	1	
7	1	1	1	1	1	1	1	1	
3	3	3	2	1	1	1	1	
11	2	1	1	
5	4	3	2	1	
8	2	1	1	1	1	1	
5	1	1	1	1	1	1	1	1	1	1	
6	3	1	1	1	1	1	1	
8	4	2	1	
1	1	1	1	1	1	1	1	1	1	1	1	1	1	1	
14	
4	3	2	2	1	1	1	
7	6	1	
2	1	1	1	1	1	1	1	1	1	1	1	1	
5	2	1	1	1	1	1	1	1	
2	2	1	1	1	1	1	1	1	1	1	1	
5	4	2	1	1	1	
2	2	2	1	1	1	1	1	1	1	1	
6	3	2	1	1	1	
2	2	1	1	1	1	1	1	1	1	1	1	
2	1	1	1	1	1	1	1	1	1	1	1	1	
4	2	1	1	1	1	1	1	1	1	
14	
2	2	1	1	1	1	1	1	1	1	1	1	
2	1	1	1	1	1	1	1	1	1	1	1	1	
3	2	2	1	1	1	1	1	1	1	
7	3	2	1	1	
4	3	2	2	1	1	1	
6	2	1	1	1	1	1	1	
7	2	1	1	1	1	1	
3	2	2	2	1	1	1	1	1	
5	2	2	1	1	1	1	1	
2	2	2	1	1	1	1	1	1	1	1	
9	4	1	
8	3	1	1	1	
8	3	1	1	1	
2	2	2	1	1	1	1	1	1	1	1	
11	1	1	1	
5	3	2	1	1	1	1	
5	1	1	1	1	1	1	1	1	
3	3	3	2	1	1	
5	3	2	2	1	
5	2	2	2	1	1	
6	2	1	1	1	1	1	
4	2	2	1	1	1	1	1	
4	2	2	2	1	1	1	
10	1	1	1	
6	3	1	1	1	1	
4	2	2	2	1	1	1	
6	2	2	1	1	1	
8	1	1	1	1	1	
2	2	1	1	1	1	1	1	1	1	1	
2	2	2	1	1	1	1	1	1	1	
2	2	1	1	1	1	1	1	1	1	1	
5	1	1	1	1	1	1	1	1	
6	3	1	1	1	1	
6	4	1	1	1	
6	4	1	1	1	
5	1	1	1	1	1	1	1	1	
4	3	1	1	1	1	1	1	
5	3	2	1	1	1	
3	1	1	1	1	1	1	1	1	1	1	
2	2	1	1	1	1	1	1	1	1	1	
5	1	1	1	1	1	1	1	1	
6	5	1	1	
2	2	1	1	1	1	1	1	1	1	1	
3	2	2	2	1	1	1	1	
3	3	1	1	1	1	1	1	1	
11	1	1	
6	1	1	1	1	1	1	1	
1	1	1	1	1	1	1	1	1	1	1	1	1	
11	1	1	
10	2	1	
10	3	
4	3	1	1	1	1	1	1	
2	2	1	1	1	1	1	1	1	1	1	
3	3	2	1	1	1	1	1	
4	3	2	1	1	1	1	
4	3	1	1	1	1	1	
5	3	1	1	1	1	
6	3	2	1	
6	5	1	
7	2	1	1	1	
4	1	1	1	1	1	1	1	1	
2	2	2	2	1	1	1	1	
5	4	2	1	
3	3	3	1	1	1	
2	2	2	1	1	1	1	1	1	
4	3	1	1	1	1	1	
4	2	1	1	1	1	1	1	
1	1	1	1	1	1	1	1	1	1	1	1	
3	1	1	1	1	1	1	1	1	1	
3	2	2	1	1	1	1	1	
10	1	1	
4	3	2	1	1	1	
8	2	1	1	
2	2	2	2	2	1	1	
4	2	1	1	1	1	1	1	
6	3	1	1	1	
8	2	1	1	
5	2	2	1	1	1	
3	1	1	1	1	1	1	1	1	1	
2	2	1	1	1	1	1	1	1	1	
2	1	1	1	1	1	1	1	1	1	1	
3	2	1	1	1	1	1	1	1	
3	3	1	1	1	1	1	1	
2	2	2	1	1	1	1	1	1	
6	2	2	1	1	
5	2	1	1	1	1	1	
6	2	2	1	1	
9	2	1	
2	2	1	1	1	1	1	1	1	1	
2	2	2	1	1	1	1	1	1	
6	2	2	1	1	
2	2	1	1	1	1	1	1	1	1	
4	3	2	1	1	1	
6	2	2	1	1	
6	2	1	1	1	1	
5	5	1	1	
3	3	2	1	1	1	1	
4	3	3	1	1	
4	3	2	1	1	1	
8	1	1	1	1	
6	2	2	1	1	
3	2	1	1	1	1	1	1	1	
12	
5	3	2	1	1	
8	2	1	1	
4	3	1	1	1	1	1	
4	3	2	1	1	1	
7	2	1	1	1	
5	3	2	1	
3	3	2	1	1	1	
3	2	2	1	1	1	1	
7	1	1	1	1	
4	3	2	1	1	
2	2	2	1	1	1	1	1	
2	2	1	1	1	1	1	1	1	
3	3	1	1	1	1	1	
2	1	1	1	1	1	1	1	1	1	
6	2	1	1	1	
4	4	2	1	
7	4	
4	3	2	1	1	
5	3	1	1	1	
3	2	1	1	1	1	1	1	
3	1	1	1	1	1	1	1	1	
11	
4	3	2	1	1	
3	2	1	1	1	1	1	1	
4	2	2	1	1	1	
3	2	2	2	1	1	
5	2	1	1	1	1	
3	3	1	1	1	1	1	
3	2	1	1	1	1	1	1	
5	2	2	1	1	
2	1	1	1	1	1	1	1	1	1	
2	1	1	1	1	1	1	1	1	1	
4	1	1	1	1	1	1	1	
6	3	1	1	
4	4	1	1	1	
4	3	2	1	1	
4	2	2	1	1	1	
4	2	1	1	1	1	1	
4	2	1	1	1	1	1	
2	1	1	1	1	1	1	1	1	1	
2	2	1	1	1	1	1	1	1	
3	1	1	1	1	1	1	1	1	
6	2	1	1	1	
4	2	1	1	1	1	1	
7	2	1	1	
7	3	1	
3	3	1	1	1	1	1	
1	1	1	1	1	1	1	1	1	1	1	
7	2	1	1	
4	2	1	1	1	1	1	
3	2	2	1	1	1	1	
9	1	1	
1	1	1	1	1	1	1	1	1	1	1	
3	2	1	1	1	1	1	1	
7	1	1	1	1	
4	1	1	1	1	1	1	1	
5	3	1	1	
4	2	1	1	1	1	
3	2	2	1	1	1	
1	1	1	1	1	1	1	1	1	1	
3	1	1	1	1	1	1	1	
7	1	1	1	
5	3	1	1	
3	3	1	1	1	1	
2	2	2	1	1	1	1	
4	2	1	1	1	1	
4	1	1	1	1	1	1	
2	1	1	1	1	1	1	1	1	
2	2	2	2	1	1	
2	1	1	1	1	1	1	1	1	
6	2	1	1	
4	3	2	1	
7	1	1	1	
2	1	1	1	1	1	1	1	1	
9	1	
3	3	1	1	1	1	
3	2	2	1	1	1	
7	1	1	1	
4	1	1	1	1	1	1	
1	1	1	1	1	1	1	1	1	1	
2	2	1	1	1	1	1	1	
2	2	2	1	1	1	1	
5	1	1	1	1	1	
6	1	1	1	1	
3	1	1	1	1	1	1	1	
2	2	1	1	1	1	1	1	
6	2	1	1	
3	2	2	1	1	1	
5	1	1	1	1	1	
6	1	1	1	1	
2	1	1	1	1	1	1	1	1	
7	2	1	
4	2	1	1	1	1	
5	2	1	1	1	
3	2	1	1	1	1	1	
2	1	1	1	1	1	1	1	1	
3	3	1	1	1	1	
8	1	1	
3	2	1	1	1	1	1	
3	2	2	1	1	1	
5	2	1	1	1	
2	2	1	1	1	1	1	1	
6	2	1	1	
2	2	1	1	1	1	1	1	
2	2	1	1	1	1	1	1	
3	2	2	1	1	1	
7	1	1	1	
9	1	
2	1	1	1	1	1	1	1	1	
3	3	2	1	1	
2	2	2	1	1	1	1	
6	1	1	1	1	
3	2	1	1	1	1	1	
1	1	1	1	1	1	1	1	1	1	
2	2	1	1	1	1	1	1	
6	1	1	1	1	
2	2	1	1	1	1	1	1	
2	2	1	1	1	1	1	1	
3	2	1	1	1	1	
6	1	1	1	
2	2	2	2	1	
2	2	1	1	1	1	1	
2	2	2	1	1	1	
8	1	
2	1	1	1	1	1	1	1	
2	2	1	1	1	1	1	
2	1	1	1	1	1	1	1	
2	2	1	1	1	1	1	
5	3	1	
4	1	1	1	1	1	
3	3	1	1	1	
2	2	1	1	1	1	1	
3	2	1	1	1	1	
6	1	1	1	
7	1	1	
2	1	1	1	1	1	1	1	
3	3	1	1	1	
2	2	1	1	1	1	1	
4	2	1	1	1	
5	4	
4	1	1	1	1	1	
4	2	1	1	1	
9	
3	1	1	1	1	1	1	
1	1	1	1	1	1	1	1	1	
3	2	2	1	1	
3	2	1	1	1	1	
2	1	1	1	1	1	1	1	
7	1	1	
6	1	1	1	
5	3	1	
8	1	
5	1	1	1	1	
2	2	1	1	1	1	1	
5	3	1	
2	2	1	1	1	1	1	
5	2	1	1	
4	2	2	1	
3	3	1	1	1	
1	1	1	1	1	1	1	1	1	
5	3	1	
4	4	1	
5	1	1	1	1	
5	3	1	
5	1	1	1	1	
2	1	1	1	1	1	1	1	
3	2	1	1	1	1	
4	2	1	1	1	
4	1	1	1	1	1	
3	1	1	1	1	1	1	
8	1	
3	1	1	1	1	1	1	
2	2	1	1	1	1	1	
2	2	1	1	1	1	1	
4	2	2	1	
4	2	1	1	1	
3	2	2	1	1	
3	2	1	1	1	1	
2	2	2	1	1	1	
5	1	1	1	1	
4	2	1	1	1	
4	1	1	1	1	1	
4	1	1	1	1	1	
2	1	1	1	1	1	1	1	
2	1	1	1	1	1	1	1	
6	1	1	1	
5	1	1	1	1	
5	2	1	1	
3	1	1	1	1	1	1	
2	2	1	1	1	1	1	
2	2	1	1	1	1	1	
3	1	1	1	1	1	1	
9	
3	2	2	1	1	
5	3	1	
2	2	1	1	1	1	1	
9	
1	1	1	1	1	1	1	1	1	
2	2	2	1	1	1	
2	2	1	1	1	1	1	
3	3	2	1	
2	1	1	1	1	1	1	1	
4	1	1	1	1	
4	3	1	
4	2	1	1	
2	1	1	1	1	1	1	
3	2	1	1	1	
5	2	1	
8	
8	
5	1	1	1	
4	1	1	1	1	
5	1	1	1	
2	1	1	1	1	1	1	
4	1	1	1	1	
5	1	1	1	
3	2	2	1	
4	3	1	
2	2	1	1	1	1	
8	
2	2	1	1	1	1	
2	1	1	1	1	1	1	
5	1	1	1	
2	2	1	1	1	1	
5	1	1	1	
2	2	1	1	1	1	
1	1	1	1	1	1	1	1	
5	1	1	1	
8	
7	1	
3	2	1	1	1	
3	3	1	1	
4	1	1	1	1	
2	2	2	1	1	
2	1	1	1	1	1	1	
4	2	1	1	
2	2	1	1	1	1	
7	1	
4	2	1	1	
2	2	1	1	1	1	
1	1	1	1	1	1	1	1	
1	1	1	1	1	1	1	1	
2	1	1	1	1	1	1	
2	2	1	1	1	1	
2	2	1	1	1	1	
2	1	1	1	1	1	1	
3	3	1	1	
5	1	1	1	
3	2	1	1	1	
2	1	1	1	1	1	1	
2	2	1	1	1	1	
2	2	2	1	1	
7	1	
2	2	1	1	1	1	
3	2	1	1	1	
1	1	1	1	1	1	1	1	
2	1	1	1	1	1	1	
4	2	1	1	
5	3	
1	1	1	1	1	1	1	1	
2	1	1	1	1	1	1	
4	2	1	1	
4	1	1	1	1	
2	2	1	1	1	1	
2	2	1	1	1	1	
4	3	1	
4	2	1	1	
4	3	1	
2	2	1	1	1	1	
2	1	1	1	1	1	1	
4	1	1	1	1	
2	1	1	1	1	1	1	
8	
2	1	1	1	1	1	1	
3	2	1	1	1	
1	1	1	1	1	1	1	1	
1	1	1	1	1	1	1	1	
8	
4	1	1	1	1	
5	1	1	1	
2	2	2	1	1	
5	2	1	
5	1	1	1	
5	1	1	1	
1	1	1	1	1	1	1	1	
5	2	1	
2	1	1	1	1	1	1	
5	2	1	
2	1	1	1	1	1	1	
6	2	
2	1	1	1	1	1	1	
1	1	1	1	1	1	1	1	
4	2	1	1	
2	1	1	1	1	1	1	
2	2	2	2	
3	1	1	1	1	1	
4	2	2	
5	3	
2	1	1	1	1	1	1	
3	1	1	1	1	1	
2	2	2	1	1	
1	1	1	1	1	1	1	1	
8	
4	1	1	1	1	
3	1	1	1	1	1	
3	2	1	1	1	
3	2	1	1	1	
8	
2	2	1	1	1	1	
2	1	1	1	1	1	1	
6	1	1	
4	2	2	
2	1	1	1	1	1	
2	2	1	1	1	
1	1	1	1	1	1	1	
3	1	1	1	1	
3	3	1	
2	1	1	1	1	1	
5	2	
1	1	1	1	1	1	1	
3	3	1	
3	2	1	1	
5	1	1	
1	1	1	1	1	1	1	
2	1	1	1	1	1	
3	2	1	1	
2	2	1	1	1	
3	2	1	1	
2	2	1	1	1	
2	1	1	1	1	1	
2	2	2	1	
2	2	1	1	1	
2	2	1	1	1	
3	3	1	
2	2	1	1	1	
4	1	1	1	
2	2	1	1	1	
5	1	1	
3	2	1	1	
4	1	1	1	
6	1	
3	1	1	1	1	
2	1	1	1	1	1	
3	1	1	1	1	
3	2	1	1	
4	3	
2	2	1	1	1	
5	1	1	
3	3	1	
1	1	1	1	1	1	1	
1	1	1	1	1	1	1	
2	1	1	1	1	1	
4	1	1	1	
2	2	1	1	1	
2	2	1	1	1	
1	1	1	1	1	1	1	
4	1	1	1	
3	1	1	1	1	
5	1	1	
2	2	1	1	1	
2	2	1	1	1	
2	2	1	1	1	
2	2	1	1	1	
5	1	1	
3	1	1	1	1	
3	1	1	1	1	
3	2	1	1	
2	2	1	1	1	
1	1	1	1	1	1	1	
7	
2	1	1	1	1	1	
1	1	1	1	1	1	1	
4	2	1	
2	2	1	1	1	
1	1	1	1	1	1	1	
2	2	1	1	1	
2	2	2	1	
3	1	1	1	1	
2	1	1	1	1	1	
2	2	1	1	1	
4	1	1	1	
4	1	1	1	
2	1	1	1	1	1	
4	1	1	1	
2	1	1	1	1	1	
1	1	1	1	1	1	1	
2	1	1	1	1	1	
7	
2	2	1	1	1	
3	1	1	1	1	
3	1	1	1	1	
2	1	1	1	1	1	
5	1	1	
2	2	1	1	1	
3	2	1	1	
1	1	1	1	1	1	1	
5	2	
3	2	1	1	
1	1	1	1	1	1	1	
2	1	1	1	1	1	
6	1	
1	1	1	1	1	1	1	
5	1	1	
4	1	1	1	
2	1	1	1	1	1	
1	1	1	1	1	1	1	
4	1	1	1	
1	1	1	1	1	1	1	
5	1	1	
7	
2	1	1	1	1	1	
3	1	1	1	1	
5	1	1	
1	1	1	1	1	1	1	
7	
2	1	1	1	1	1	
2	1	1	1	1	1	
2	1	1	1	1	1	
5	2	
4	2	1	
7	
1	1	1	1	1	1	1	
1	1	1	1	1	1	1	
2	1	1	1	1	1	
2	2	1	1	1	
2	1	1	1	1	1	
1	1	1	1	1	1	1	
1	1	1	1	1	1	1	
1	1	1	1	1	1	1	
3	1	1	1	1	
5	2	
2	1	1	1	1	1	
2	1	1	1	1	1	
2	1	1	1	1	1	
4	1	1	1	
4	1	1	1	
2	1	1	1	1	1	
2	2	1	1	1	
3	2	1	1	
2	2	1	1	1	
1	1	1	1	1	1	1	
2	2	1	1	1	
2	1	1	1	1	1	
2	1	1	1	1	1	
7	
1	1	1	1	1	1	
4	1	1	
4	1	1	
1	1	1	1	1	1	
3	2	1	
2	1	1	1	1	
2	2	1	1	
3	1	1	1	
2	1	1	1	1	
6	
2	1	1	1	1	
1	1	1	1	1	1	
1	1	1	1	1	1	
1	1	1	1	1	1	
1	1	1	1	1	1	
4	1	1	
2	1	1	1	1	
2	2	1	1	
2	1	1	1	1	
3	1	1	1	
3	1	1	1	
1	1	1	1	1	1	
2	1	1	1	1	
1	1	1	1	1	1	
6	
1	1	1	1	1	1	
2	1	1	1	1	
2	1	1	1	1	
2	1	1	1	1	
2	1	1	1	1	
1	1	1	1	1	1	
2	1	1	1	1	
3	1	1	1	
3	1	1	1	
6	
3	2	1	
4	1	1	
3	2	1	
5	1	
2	1	1	1	1	
4	2	
4	1	1	
3	1	1	1	
1	1	1	1	1	1	
3	1	1	1	
3	1	1	1	
2	2	1	1	
2	2	1	1	
6	
3	1	1	1	
1	1	1	1	1	1	
6	
2	1	1	1	1	
5	1	
3	1	1	1	
2	1	1	1	1	
1	1	1	1	1	1	
1	1	1	1	1	1	
2	1	1	1	1	
5	1	
3	1	1	1	
1	1	1	1	1	1	
5	1	
2	2	2	
3	2	1	
3	1	1	1	
5	1	
5	1	
5	1	
3	1	1	1	
2	1	1	1	1	
2	2	1	1	
2	2	1	1	
2	1	1	1	1	
2	1	1	1	1	
3	1	1	1	
2	1	1	1	1	
2	1	1	1	1	
4	2	
4	1	1	
4	1	1	
4	1	1	
3	1	1	1	
2	1	1	1	1	
1	1	1	1	1	1	
1	1	1	1	1	1	
2	1	1	1	1	
1	1	1	1	1	1	
2	1	1	1	1	
2	2	1	1	
3	1	1	1	
2	2	1	1	
3	1	1	1	
4	1	1	
2	1	1	1	1	
2	1	1	1	1	
3	3	
3	2	1	
4	1	1	
1	1	1	1	1	1	
2	1	1	1	1	
2	2	1	1	
1	1	1	1	1	1	
2	2	1	1	
2	1	1	1	1	
3	1	1	1	
2	1	1	1	1	
2	1	1	1	1	
2	1	1	1	1	
3	1	1	1	
4	1	1	
2	1	1	1	1	
2	1	1	1	1	
2	2	1	1	
3	1	1	1	
2	2	1	1	
3	1	1	1	
2	2	1	1	
3	1	1	1	
2	1	1	1	1	
4	1	1	
2	2	1	1	
2	2	1	1	
2	2	1	1	
5	1	
5	1	
4	1	1	
3	1	1	1	
5	1	
2	1	1	1	1	
2	1	1	1	1	
2	1	1	1	1	
2	1	1	1	1	
3	2	1	
2	1	1	1	1	
4	1	1	
3	2	1	
3	1	1	1	
2	1	1	1	1	
2	2	1	1	
2	1	1	1	1	
4	1	1	
6	
2	1	1	1	1	
3	2	1	
1	1	1	1	1	1	
6	
3	1	1	1	
5	1	
3	1	1	1	
2	1	1	1	1	
3	2	1	
2	2	1	1	
3	1	1	1	
3	2	1	
2	2	1	1	
3	2	1	
2	1	1	1	1	
2	1	1	1	1	
4	2	
4	1	1	
2	1	1	1	1	
4	2	
2	1	1	1	1	
4	2	
2	1	1	1	1	
1	1	1	1	1	1	
1	1	1	1	1	1	
2	1	1	1	1	
2	1	1	1	1	
2	1	1	1	1	
3	2	1	
5	1	
1	1	1	1	1	1	
3	1	1	1	
3	1	1	1	
3	1	1	1	
1	1	1	1	1	1	
2	1	1	1	
2	1	1	1	
4	1	
2	1	1	1	
3	2	
2	1	1	1	
5	
2	2	1	
2	2	1	
2	1	1	1	
3	1	1	
2	1	1	1	
2	2	1	
3	1	1	
2	1	1	1	
3	1	1	
2	2	1	
4	1	
1	1	1	1	1	
4	1	
3	1	1	
3	2	
3	1	1	
3	1	1	
2	1	1	1	
1	1	1	1	1	
2	2	1	
2	1	1	1	
1	1	1	1	1	
4	1	
2	1	1	1	
3	2	
2	1	1	1	
2	1	1	1	
5	
2	1	1	1	
2	1	1	1	
4	1	
1	1	1	1	1	
2	2	1	
5	
2	1	1	1	
1	1	1	1	1	
1	1	1	1	1	
3	1	1	
4	1	
1	1	1	1	1	
4	1	
2	1	1	1	
5	
2	1	1	1	
2	1	1	1	
2	1	1	1	
2	2	1	
3	1	1	
2	1	1	1	
1	1	1	1	1	
1	1	1	1	1	
4	1	
3	1	1	
4	1	
4	1	
4	1	
2	1	1	1	
3	1	1	
2	1	1	1	
3	1	1	
3	1	1	
2	1	1	1	
1	1	1	1	1	
5	
2	2	1	
3	1	1	
1	1	1	1	1	
2	2	1	
1	1	1	1	1	
2	1	1	1	
2	2	1	
3	1	1	
1	1	1	1	1	
2	1	1	1	
5	
2	1	1	1	
3	1	1	
2	1	1	1	
2	1	1	1	
4	1	
5	
2	1	1	1	
1	1	1	1	1	
1	1	1	1	1	
2	1	1	1	
3	1	1	
1	1	1	1	1	
4	1	
3	1	1	
4	1	
2	2	1	
4	1	
2	1	1	1	
1	1	1	1	1	
5	
5	
1	1	1	1	1	
4	1	
2	1	1	1	
3	1	1	
3	1	1	
2	2	1	
1	1	1	1	1	
2	2	1	
2	2	1	
3	2	
2	1	1	1	
2	1	1	1	
3	2	
1	1	1	1	1	
2	1	1	1	
3	1	1	
2	1	1	1	
4	1	
1	1	1	1	1	
1	1	1	1	1	
2	2	1	
4	1	
3	1	1	
4	1	
3	1	1	
2	1	1	1	
2	1	1	1	
1	1	1	1	1	
4	1	
2	1	1	1	
3	1	1	
3	1	1	
2	1	1	1	
1	1	1	1	1	
1	1	1	1	1	
4	1	
5	
4	1	
5	
4	1	
2	1	1	1	
1	1	1	1	1	
1	1	1	1	1	
1	1	1	1	1	
2	2	1	
1	1	1	1	1	
1	1	1	1	1	
2	1	1	1	
1	1	1	1	1	
2	1	1	1	
4	1	
2	1	1	1	
3	2	
3	2	
4	1	
2	2	1	
1	1	1	1	1	
1	1	1	1	1	
1	1	1	1	1	
3	2	
2	2	1	
2	1	1	1	
3	1	1	
2	2	1	
3	1	1	
1	1	1	1	1	
1	1	1	1	1	
1	1	1	1	1	
2	1	1	1	
3	2	
3	1	1	
2	1	1	1	
3	1	1	
3	1	1	
4	1	
1	1	1	1	1	
1	1	1	1	1	
4	1	
5	
1	1	1	1	1	
2	1	1	1	
2	1	1	1	
3	1	1	
1	1	1	1	1	
1	1	1	1	1	
2	2	1	
2	1	1	1	
2	1	1	1	
2	1	1	1	
1	1	1	1	1	
3	1	1	
2	2	1	
3	1	1	
2	1	1	1	
1	1	1	1	1	
2	2	1	
1	1	1	1	1	
2	2	1	
4	1	
2	1	1	1	
3	2	
3	1	1	
2	1	1	1	
2	1	1	1	
3	1	1	
1	1	1	1	1	
3	1	1	
4	1	
2	1	1	1	
2	1	1	1	
3	1	1	
2	1	1	1	
3	1	1	
1	1	1	1	1	
2	1	1	1	
3	1	1	
2	1	1	1	
1	1	1	1	1	
5	
1	1	1	1	1	
2	1	1	1	
3	1	1	
2	1	1	1	
1	1	1	1	1	
1	1	1	1	1	
1	1	1	1	1	
3	1	1	
3	1	1	
2	1	1	1	
5	
2	1	1	1	
3	1	1	
2	1	1	1	
2	1	1	1	
2	2	1	
2	1	1	1	
5	
4	1	
3	1	1	
3	1	1	
1	1	1	1	1	
1	1	1	1	1	
4	1	
3	1	1	
3	2	
5	
2	1	1	1	
1	1	1	1	1	
4	1	
1	1	1	1	1	
2	1	1	1	
3	1	1	
2	1	1	1	
1	1	1	1	1	
2	2	1	
1	1	1	1	1	
4	1	
3	1	1	
5	
3	1	1	
1	1	1	1	
1	1	1	1	
2	1	1	
2	1	1	
2	1	1	
3	1	
2	1	1	
3	1	
1	1	1	1	
1	1	1	1	
1	1	1	1	
1	1	1	1	
2	1	1	
2	1	1	
3	1	
2	1	1	
2	1	1	
2	2	
2	1	1	
1	1	1	1	
3	1	
2	1	1	
2	1	1	
1	1	1	1	
1	1	1	1	
2	1	1	
2	1	1	
2	1	1	
2	1	1	
2	1	1	
1	1	1	1	
2	1	1	
2	1	1	
1	1	1	1	
2	1	1	
2	1	1	
4	
3	1	
3	1	
1	1	1	1	
1	1	1	1	
2	1	1	
1	1	1	1	
3	1	
2	1	1	
3	1	
1	1	1	1	
2	1	1	
2	2	
1	1	1	1	
3	1	
1	1	1	1	
2	2	
4	
2	1	1	
2	1	1	
3	1	
2	1	1	
4	
2	2	
4	
2	1	1	
2	1	1	
2	1	1	
2	1	1	
3	1	
4	
3	1	
2	1	1	
2	1	1	
1	1	1	1	
1	1	1	1	
4	
2	1	1	
2	1	1	
1	1	1	1	
2	1	1	
1	1	1	1	
2	1	1	
3	1	
3	1	
1	1	1	1	
1	1	1	1	
3	1	
4	
3	1	
1	1	1	1	
2	1	1	
1	1	1	1	
1	1	1	1	
4	
2	1	1	
1	1	1	1	
2	1	1	
1	1	1	1	
1	1	1	1	
2	1	1	
2	1	1	
4	
1	1	1	1	
1	1	1	1	
4	
3	1	
2	1	1	
2	1	1	
2	1	1	
1	1	1	1	
4	
2	1	1	
1	1	1	1	
2	2	
2	1	1	
1	1	1	1	
3	1	
2	1	1	
2	1	1	
4	
1	1	1	1	
2	1	1	
2	2	
1	1	1	1	
2	1	1	
3	1	
2	1	1	
4	
2	1	1	
1	1	1	1	
1	1	1	1	
4	
1	1	1	1	
1	1	1	1	
1	1	1	1	
2	1	1	
2	1	1	
2	1	1	
3	1	
2	1	1	
1	1	1	1	
1	1	1	1	
2	1	1	
1	1	1	1	
2	1	1	
1	1	1	1	
1	1	1	1	
1	1	1	1	
2	1	1	
1	1	1	1	
2	2	
1	1	1	1	
2	1	1	
2	1	1	
1	1	1	1	
2	1	1	
2	1	1	
4	
1	1	1	1	
1	1	1	1	
2	1	1	
1	1	1	1	
1	1	1	1	
2	1	1	
4	
2	1	1	
1	1	1	1	
2	1	1	
2	1	1	
2	1	1	
1	1	1	1	
1	1	1	1	
4	
3	1	
2	1	1	
1	1	1	1	
1	1	1	1	
2	1	1	
3	1	
2	1	1	
4	
2	1	1	
2	1	1	
2	1	1	
4	
3	1	
1	1	1	1	
3	1	
2	1	1	
3	1	
2	1	1	
2	1	1	
1	1	1	1	
2	1	1	
3	1	
3	1	
3	1	
2	1	1	
3	1	
2	1	1	
2	1	1	
2	1	1	
1	1	1	1	
3	1	
2	1	1	
3	1	
3	1	
2	1	1	
2	2	
1	1	1	1	
4	
1	1	1	1	
1	1	1	1	
2	1	1	
2	1	1	
1	1	1	1	
2	2	
2	1	1	
3	1	
2	1	1	
2	1	1	
2	1	1	
2	1	1	
2	1	1	
2	1	1	
1	1	1	1	
2	1	1	
1	1	1	1	
4	
1	1	1	1	
4	
1	1	1	1	
1	1	1	1	
1	1	1	1	
1	1	1	1	
2	1	1	
1	1	1	1	
1	1	1	1	
4	
4	
1	1	1	1	
1	1	1	1	
2	1	1	
2	1	1	
1	1	1	1	
1	1	1	1	
1	1	1	1	
1	1	1	1	
1	1	1	1	
1	1	1	1	
2	1	1	
3	1	
1	1	1	1	
1	1	1	1	
1	1	1	1	
3	1	
1	1	1	1	
2	1	1	
4	
3	1	
1	1	1	1	
2	1	1	
3	1	
2	1	1	
2	1	1	
2	1	1	
4	
3	1	
1	1	1	1	
1	1	1	1	
1	1	1	1	
2	1	1	
2	1	1	
1	1	1	1	
2	1	1	
1	1	1	1	
3	1	
3	1	
1	1	1	1	
2	1	1	
1	1	1	1	
1	1	1	1	
3	1	
4	
3	1	
2	1	1	
1	1	1	1	
1	1	1	1	
4	
2	1	1	
2	2	
1	1	1	1	
2	1	1	
2	1	1	
3	1	
1	1	1	1	
3	1	
2	1	1	
1	1	1	1	
1	1	1	1	
3	1	
4	
1	1	1	1	
1	1	1	1	
2	2	
2	1	1	
1	1	1	1	
3	1	
1	1	1	1	
3	1	
2	1	1	
3	1	
4	
4	
2	2	
2	1	1	
4	
1	1	1	1	
2	1	1	
1	1	1	1	
4	
2	1	1	
2	1	1	
3	1	
3	1	
2	2	
1	1	1	1	
2	2	
2	1	1	
2	1	1	
1	1	1	1	
1	1	1	1	
1	1	1	1	
2	2	
2	2	
1	1	1	1	
2	2	
2	1	1	
2	1	1	
2	1	1	
3	1	
1	1	1	1	
1	1	1	1	
1	1	1	1	
1	1	1	1	
2	1	1	
3	1	
3	1	
2	2	
1	1	1	1	
2	1	1	
2	2	
2	1	1	
1	1	1	1	
3	1	
1	1	1	1	
2	1	1	
1	1	1	1	
1	1	1	1	
1	1	1	1	
3	1	
2	1	1	
4	
1	1	1	1	
2	2	
3	1	
1	1	1	1	
2	1	1	
1	1	1	1	
1	1	1	1	
1	1	1	1	
1	1	1	1	
1	1	1	1	
2	1	1	
2	1	1	
2	1	1	
4	
1	1	1	1	
1	1	1	1	
1	1	1	1	
2	1	1	
2	1	1	
2	1	1	
2	1	1	
1	1	1	1	
2	1	1	
3	1	
1	1	1	1	
1	1	1	1	
2	1	1	
1	1	1	
2	1	
1	1	1	
3	
1	1	1	
2	1	
1	1	1	
1	1	1	
2	1	
2	1	
2	1	
1	1	1	
2	1	
2	1	
2	1	
2	1	
1	1	1	
2	1	
2	1	
1	1	1	
2	1	
3	
1	1	1	
1	1	1	
2	1	
2	1	
1	1	1	
2	1	
1	1	1	
1	1	1	
2	1	
3	
3	
2	1	
2	1	
1	1	1	
2	1	
1	1	1	
2	1	
2	1	
1	1	1	
2	1	
1	1	1	
2	1	
2	1	
1	1	1	
1	1	1	
1	1	1	
2	1	
3	
1	1	1	
1	1	1	
2	1	
1	1	1	
3	
2	1	
3	
1	1	1	
2	1	
1	1	1	
1	1	1	
2	1	
2	1	
1	1	1	
2	1	
2	1	
1	1	1	
2	1	
1	1	1	
3	
2	1	
1	1	1	
3	
1	1	1	
3	
3	
1	1	1	
2	1	
1	1	1	
3	
2	1	
2	1	
1	1	1	
2	1	
1	1	1	
1	1	1	
1	1	1	
2	1	
1	1	1	
1	1	1	
3	
1	1	1	
1	1	1	
2	1	
1	1	1	
1	1	1	
1	1	1	
2	1	
1	1	1	
2	1	
2	1	
3	
2	1	
1	1	1	
1	1	1	
1	1	1	
3	
1	1	1	
2	1	
2	1	
3	
2	1	
3	
2	1	
2	1	
1	1	1	
2	1	
1	1	1	
2	1	
2	1	
2	1	
3	
3	
1	1	1	
2	1	
1	1	1	
1	1	1	
1	1	1	
2	1	
1	1	1	
1	1	1	
1	1	1	
2	1	
3	
2	1	
2	1	
2	1	
2	1	
2	1	
2	1	
1	1	1	
1	1	1	
1	1	1	
1	1	1	
1	1	1	
2	1	
1	1	1	
1	1	1	
1	1	1	
2	1	
1	1	1	
2	1	
1	1	1	
1	1	1	
1	1	1	
3	
2	1	
3	
2	1	
1	1	1	
3	
1	1	1	
2	1	
1	1	1	
1	1	1	
1	1	1	
1	1	1	
1	1	1	
3	
1	1	1	
2	1	
1	1	1	
2	1	
1	1	1	
3	
3	
1	1	1	
1	1	1	
1	1	1	
1	1	1	
2	1	
1	1	1	
2	1	
3	
1	1	1	
1	1	1	
1	1	1	
2	1	
1	1	1	
1	1	1	
1	1	1	
1	1	1	
1	1	1	
1	1	1	
2	1	
3	
2	1	
3	
2	1	
2	1	
1	1	1	
1	1	1	
2	1	
3	
1	1	1	
2	1	
1	1	1	
1	1	1	
2	1	
2	1	
2	1	
2	1	
2	1	
2	1	
1	1	1	
1	1	1	
3	
1	1	1	
1	1	1	
1	1	1	
1	1	1	
2	1	
1	1	1	
2	1	
1	1	1	
1	1	1	
2	1	
2	1	
1	1	1	
2	1	
1	1	1	
3	
2	1	
1	1	1	
2	1	
1	1	1	
1	1	1	
3	
1	1	1	
1	1	1	
1	1	1	
2	1	
1	1	1	
1	1	1	
1	1	1	
1	1	1	
3	
2	1	
2	1	
2	1	
1	1	1	
1	1	1	
1	1	1	
1	1	1	
3	
1	1	1	
1	1	1	
1	1	1	
1	1	1	
1	1	1	
2	1	
3	
3	
1	1	1	
1	1	1	
2	1	
1	1	1	
2	1	
2	1	
2	1	
3	
2	1	
2	1	
2	1	
3	
2	1	
2	1	
1	1	1	
1	1	1	
1	1	1	
2	1	
1	1	1	
1	1	1	
1	1	1	
3	
1	1	1	
1	1	1	
1	1	1	
2	1	
2	1	
1	1	1	
1	1	1	
3	
3	
1	1	1	
2	1	
2	1	
1	1	1	
1	1	1	
2	1	
2	1	
2	1	
1	1	1	
2	1	
1	1	1	
1	1	1	
1	1	1	
1	1	1	
1	1	1	
1	1	1	
1	1	1	
1	1	1	
1	1	1	
2	1	
1	1	1	
1	1	1	
1	1	1	
1	1	1	
1	1	1	
1	1	1	
1	1	1	
3	
2	1	
2	1	
1	1	1	
2	1	
2	1	
1	1	1	
1	1	1	
1	1	1	
1	1	1	
3	
1	1	1	
2	1	
3	
1	1	1	
2	1	
3	
2	1	
2	1	
1	1	1	
1	1	1	
3	
1	1	1	
1	1	1	
2	1	
1	1	1	
1	1	1	
1	1	1	
3	
1	1	1	
1	1	1	
1	1	1	
1	1	1	
2	1	
1	1	1	
2	1	
2	1	
1	1	1	
3	
1	1	1	
1	1	1	
2	1	
2	1	
1	1	1	
2	1	
2	1	
1	1	1	
1	1	1	
3	
2	1	
1	1	1	
1	1	1	
1	1	1	
1	1	1	
1	1	1	
1	1	1	
1	1	1	
1	1	1	
1	1	1	
2	1	
2	1	
2	1	
2	1	
1	1	1	
1	1	1	
3	
2	1	
1	1	1	
1	1	1	
3	
2	1	
2	1	
2	1	
2	1	
1	1	1	
2	1	
1	1	1	
1	1	1	
1	1	1	
1	1	1	
1	1	1	
2	1	
1	1	1	
2	1	
1	1	1	
3	
3	
2	1	
2	1	
1	1	1	
1	1	1	
1	1	1	
1	1	1	
1	1	1	
2	1	
2	1	
3	
1	1	1	
2	1	
2	1	
1	1	1	
1	1	1	
2	1	
1	1	1	
1	1	1	
2	1	
1	1	1	
1	1	1	
2	1	
1	1	1	
1	1	1	
1	1	1	
1	1	1	
1	1	1	
1	1	1	
2	1	
1	1	1	
2	1	
1	1	1	
2	1	
3	
1	1	1	
1	1	1	
1	1	1	
2	1	
2	1	
3	
2	1	
1	1	1	
2	1	
2	1	
2	1	
1	1	1	
1	1	1	
2	1	
1	1	1	
3	
2	1	
2	1	
2	1	
2	1	
3	
2	1	
1	1	1	
2	1	
1	1	1	
3	
1	1	1	
1	1	1	
2	1	
2	1	
1	1	1	
2	1	
1	1	1	
1	1	1	
1	1	1	
1	1	1	
3	
1	1	1	
2	1	
1	1	1	
1	1	1	
1	1	1	
1	1	1	
3	
3	
1	1	1	
1	1	1	
1	1	1	
1	1	1	
3	
2	1	
2	1	
1	1	1	
1	1	1	
2	1	
2	1	
2	1	
1	1	1	
1	1	1	
1	1	1	
2	1	
1	1	1	
1	1	1	
1	1	1	
2	1	
2	1	
2	1	
1	1	1	
1	1	1	
1	1	1	
1	1	1	
3	
2	1	
3	
3	
3	
1	1	1	
1	1	1	
1	1	1	
1	1	1	
2	1	
2	1	
2	1	
2	1	
3	
2	1	
1	1	1	
1	1	1	
1	1	1	
1	1	1	
1	1	1	
2	1	
1	1	1	
2	1	
1	1	1	
3	
1	1	1	
2	1	
1	1	1	
2	1	
1	1	1	
1	1	1	
3	
1	1	1	
2	1	
1	1	1	
3	
3	
2	1	
1	1	1	
1	1	1	
1	1	1	
1	1	1	
2	1	
2	1	
1	1	1	
1	1	1	
2	1	
3	
2	1	
3	
2	1	
1	1	1	
2	1	
1	1	1	
2	1	
1	1	1	
1	1	1	
2	1	
2	1	
2	1	
2	1	
1	1	1	
2	1	
1	1	1	
1	1	1	
1	1	1	
1	1	1	
1	1	1	
1	1	1	
2	1	
1	1	1	
2	1	
2	1	
1	1	1	
2	1	
2	1	
2	1	
2	1	
1	1	1	
3	
2	1	
1	1	1	
1	1	1	
1	1	1	
1	1	1	
2	1	
1	1	1	
2	1	
2	1	
2	1	
2	1	
2	1	
2	1	
2	1	
3	
3	
1	1	1	
2	1	
1	1	1	
1	1	1	
1	1	1	
1	1	1	
3	
3	
1	1	1	
2	1	
3	
2	1	
1	1	1	
1	1	1	
1	1	1	
1	1	1	
1	1	1	
2	1	
1	1	1	
1	1	1	
3	
1	1	1	
1	1	1	
2	1	
1	1	1	
2	1	
3	
2	1	
1	1	1	
1	1	1	
1	1	1	
2	1	
2	1	
1	1	1	
1	1	1	
2	1	
2	1	
1	1	1	
3	
1	1	1	
1	1	1	
1	1	1	
2	1	
2	1	
1	1	1	
1	1	
1	1	
1	1	
1	1	
1	1	
1	1	
1	1	
1	1	
1	1	
1	1	
2	
1	1	
2	
1	1	
1	1	
2	
1	1	
2	
1	1	
2	
2	
1	1	
2	
1	1	
2	
1	1	
1	1	
1	1	
1	1	
1	1	
1	1	
1	1	
1	1	
1	1	
1	1	
1	1	
1	1	
2	
1	1	
2	
1	1	
2	
2	
2	
1	1	
1	1	
1	1	
2	
2	
1	1	
1	1	
1	1	
1	1	
1	1	
1	1	
1	1	
1	1	
1	1	
2	
2	
2	
1	1	
1	1	
1	1	
2	
1	1	
1	1	
1	1	
1	1	
1	1	
1	1	
1	1	
1	1	
2	
2	
1	1	
2	
1	1	
1	1	
2	
1	1	
1	1	
1	1	
1	1	
1	1	
1	1	
1	1	
2	
1	1	
2	
2	
2	
1	1	
1	1	
1	1	
2	
1	1	
2	
1	1	
1	1	
2	
1	1	
1	1	
2	
1	1	
1	1	
1	1	
1	1	
2	
2	
1	1	
2	
1	1	
2	
2	
1	1	
1	1	
1	1	
2	
1	1	
1	1	
1	1	
1	1	
1	1	
1	1	
1	1	
1	1	
1	1	
2	
1	1	
1	1	
2	
1	1	
2	
2	
2	
1	1	
1	1	
1	1	
1	1	
2	
1	1	
1	1	
1	1	
1	1	
1	1	
2	
1	1	
2	
1	1	
1	1	
2	
1	1	
1	1	
1	1	
1	1	
2	
1	1	
1	1	
1	1	
2	
1	1	
1	1	
1	1	
1	1	
2	
2	
2	
2	
1	1	
1	1	
1	1	
2	
2	
2	
1	1	
2	
1	1	
1	1	
1	1	
1	1	
1	1	
2	
1	1	
1	1	
1	1	
1	1	
1	1	
1	1	
1	1	
1	1	
2	
2	
2	
1	1	
1	1	
1	1	
1	1	
1	1	
2	
1	1	
1	1	
1	1	
1	1	
1	1	
1	1	
1	1	
2	
2	
1	1	
1	1	
1	1	
1	1	
2	
2	
1	1	
1	1	
2	
2	
2	
1	1	
1	1	
2	
1	1	
1	1	
1	1	
1	1	
1	1	
1	1	
1	1	
1	1	
1	1	
1	1	
2	
1	1	
1	1	
2	
2	
1	1	
1	1	
1	1	
2	
1	1	
1	1	
1	1	
2	
1	1	
1	1	
1	1	
1	1	
2	
1	1	
2	
1	1	
1	1	
2	
1	1	
2	
1	1	
2	
1	1	
2	
2	
2	
1	1	
2	
1	1	
1	1	
1	1	
1	1	
1	1	
2	
1	1	
1	1	
2	
1	1	
2	
2	
1	1	
2	
1	1	
1	1	
1	1	
2	
1	1	
1	1	
1	1	
2	
1	1	
1	1	
1	1	
1	1	
1	1	
2	
2	
1	1	
1	1	
2	
1	1	
1	1	
2	
2	
1	1	
1	1	
1	1	
1	1	
1	1	
1	1	
2	
2	
1	1	
2	
1	1	
2	
1	1	
1	1	
1	1	
1	1	
1	1	
1	1	
2	
1	1	
1	1	
2	
2	
1	1	
1	1	
2	
1	1	
2	
1	1	
1	1	
1	1	
1	1	
1	1	
2	
1	1	
1	1	
1	1	
1	1	
1	1	
1	1	
2	
1	1	
2	
1	1	
2	
2	
1	1	
2	
1	1	
1	1	
2	
1	1	
2	
2	
1	1	
1	1	
2	
1	1	
1	1	
1	1	
2	
1	1	
1	1	
1	1	
1	1	
1	1	
1	1	
2	
1	1	
2	
1	1	
1	1	
1	1	
1	1	
1	1	
1	1	
1	1	
1	1	
2	
1	1	
2	
1	1	
2	
1	1	
1	1	
1	1	
1	1	
1	1	
2	
1	1	
1	1	
1	1	
2	
2	
1	1	
1	1	
2	
1	1	
2	
1	1	
1	1	
2	
1	1	
1	1	
1	1	
1	1	
1	1	
1	1	
1	1	
1	1	
2	
2	
2	
1	1	
1	1	
2	
2	
1	1	
2	
1	1	
2	
2	
1	1	
1	1	
1	1	
1	1	
1	1	
2	
1	1	
1	1	
1	1	
1	1	
2	
1	1	
1	1	
1	1	
1	1	
1	1	
1	1	
1	1	
1	1	
2	
1	1	
1	1	
1	1	
2	
1	1	
1	1	
1	1	
2	
2	
2	
1	1	
1	1	
1	1	
2	
2	
1	1	
1	1	
1	1	
1	1	
2	
1	1	
2	
1	1	
2	
2	
1	1	
2	
1	1	
1	1	
1	1	
1	1	
1	1	
1	1	
1	1	
2	
2	
1	1	
2	
1	1	
1	1	
1	1	
1	1	
1	1	
1	1	
1	1	
2	
1	1	
2	
1	1	
2	
1	1	
2	
1	1	
1	1	
1	1	
1	1	
1	1	
1	1	
2	
1	1	
1	1	
1	1	
1	1	
1	1	
1	1	
1	1	
2	
1	1	
2	
2	
2	
2	
1	1	
1	1	
1	1	
2	
2	
1	1	
1	1	
2	
2	
1	1	
1	1	
1	1	
1	1	
1	1	
1	1	
1	1	
1	1	
1	1	
1	1	
2	
1	1	
2	
2	
1	1	
1	1	
1	1	
1	1	
1	1	
1	1	
1	1	
1	1	
1	1	
1	1	
1	1	
2	
1	1	
1	1	
1	1	
1	1	
1	1	
1	1	
1	1	
1	1	
1	1	
1	1	
1	1	
1	1	
2	
1	1	
1	1	
2	
1	1	
1	1	
2	
1	1	
2	
1	1	
2	
1	1	
1	1	
1	1	
2	
2	
2	
2	
2	
1	1	
1	1	
1	1	
1	1	
1	1	
1	1	
1	1	
1	1	
1	1	
1	1	
1	1	
1	1	
1	1	
1	1	
1	1	
1	1	
1	1	
1	1	
1	1	
2	
1	1	
1	1	
1	1	
1	1	
2	
2	
2	
1	1	
1	1	
1	1	
1	1	
1	1	
2	
1	1	
1	1	
1	1	
1	1	
1	1	
1	1	
2	
1	1	
1	1	
2	
1	1	
2	
1	1	
1	1	
2	
2	
1	1	
2	
1	1	
1	1	
1	1	
1	1	
2	
1	1	
1	1	
1	1	
1	1	
1	1	
1	1	
1	1	
1	1	
2	
1	1	
1	1	
1	1	
1	1	
1	1	
1	1	
1	1	
1	1	
1	1	
1	1	
1	1	
1	1	
1	1	
1	1	
1	1	
1	1	
2	
1	1	
1	1	
1	1	
2	
2	
1	1	
1	1	
2	
1	1	
1	1	
2	
1	1	
1	1	
1	1	
1	1	
1	1	
1	1	
2	
1	1	
2	
2	
2	
1	1	
1	1	
1	1	
2	
2	
2	
2	
2	
1	1	
1	1	
1	1	
1	1	
2	
1	1	
2	
2	
2	
2	
2	
1	1	
1	1	
2	
2	
1	1	
1	1	
1	1	
2	
1	1	
2	
1	1	
2	
2	
1	1	
1	1	
2	
1	1	
1	1	
1	1	
1	1	
2	
2	
1	1	
2	
1	1	
1	1	
1	1	
2	
1	1	
1	1	
1	1	
1	1	
2	
1	1	
1	1	
1	1	
1	1	
2	
2	
2	
1	1	
2	
1	1	
1	1	
1	1	
1	1	
1	1	
1	1	
1	1	
2	
1	1	
1	1	
2	
1	1	
1	1	
1	1	
1	1	
1	1	
2	
2	
1	1	
1	1	
1	1	
2	
2	
1	1	
1	1	
2	
1	1	
1	1	
1	1	
1	1	
2	
1	1	
1	1	
1	1	
2	
1	1	
2	
1	1	
2	
1	1	
1	1	
1	1	
1	1	
1	1	
1	1	
2	
1	1	
1	1	
2	
1	1	
2	
1	1	
1	1	
2	
1	1	
1	1	
1	1	
2	
2	
1	1	
1	1	
1	1	
1	1	
2	
1	1	
1	1	
1	1	
1	1	
1	1	
1	1	
1	1	
1	1	
1	1	
2	
2	
1	1	
1	1	
1	1	
2	
1	1	
1	1	
1	1	
1	1	
1	1	
1	1	
1	1	
1	1	
1	1	
1	1	
1	1	
1	1	
1	1	
1	1	
1	1	
1	1	
1	1	
1	1	
2	
1	1	
1	1	
1	1	
2	
1	1	
1	1	
2	
2	
1	1	
1	1	
1	1	
1	1	
1	1	
1	1	
2	
1	1	
2	
1	1	
2	
1	1	
1	1	
2	
2	
2	
2	
1	1	
2	
2	
1	1	
1	1	
1	1	
1	1	
1	1	
1	1	
2	
1	1	
1	1	
1	1	
2	
1	1	
1	1	
2	
1	1	
2	
2	
2	
1	1	
1	1	
1	1	
1	1	
1	1	
1	1	
2	
1	1	
1	1	
2	
1	1	
2	
2	
1	1	
1	1	
1	1	
1	1	
1	1	
2	
1	1	
2	
2	
2	
1	1	
2	
1	1	
2	
1	1	
1	1	
2	
1	1	
1	1	
2	
1	1	
1	1	
1	1	
1	1	
2	
1	1	
2	
1	1	
1	1	
1	1	
1	1	
2	
1	1	
1	1	
1	1	
1	1	
2	
1	1	
1	1	
1	1	
1	1	
1	1	
1	1	
1	1	
1	1	
2	
1	1	
1	1	
1	1	
1	1	
2	
1	1	
2	
1	1	
2	
2	
2	
2	
1	1	
1	1	
1	1	
1	1	
2	
1	1	
1	1	
1	1	
1	1	
1	1	
1	1	
1	1	
2	
1	1	
1	1	
1	1	
2	
1	1	
2	
2	
1	1	
1	1	
1	1	
2	
1	1	
1	1	
2	
1	1	
1	1	
1	1	
1	1	
1	1	
1	1	
2	
1	1	
2	
2	
1	1	
2	
1	1	
1	1	
1	1	
1	1	
1	1	
1	1	
1	1	
1	1	
1	1	
2	
1	1	
1	1	
1	1	
1	1	
1	1	
1	1	
1	1	
1	1	
1	1	
1	1	
1	1	
1	1	
1	1	
1	1	
2	
1	1	
1	1	
1	1	
2	
1	1	
1	1	
1	1	
1	1	
2	
1	1	
2	
1	1	
2	
1	1	
1	1	
1	1	
1	1	
1	1	
1	1	
2	
1	1	
2	
2	
2	
2	
2	
2	
2	
1	1	
2	
1	1	
1	1	
1	1	
2	
1	1	
2	
2	
2	
1	1	
1	1	
2	
1	1	
2	
2	
1	1	
1	1	
1	1	
2	
1	1	
2	
2	
1	1	
1	1	
2	
2	
1	1	
2	
1	1	
1	1	
1	1	
2	
1	1	
1	1	
1	1	
1	1	
2	
1	1	
1	1	
1	1	
1	1	
1	1	
1	1	
1	1	
2	
2	
1	1	
2	
2	
1	1	
2	
2	
1	1	
1	1	
1	1	
1	1	
1	1	
2	
1	1	
2	
1	1	
1	1	
2	
1	1	
1	1	
2	
1	1	
1	1	
1	1	
1	1	
1	1	
1	1	
1	1	
1	1	
1	1	
1	1	
1	1	
1	1	
1	1	
1	1	
2	
2	
2	
1	1	
1	1	
1	1	
1	1	
2	
1	1	
2	
2	
2	
1	1	
1	1	
1	1	
1	1	
2	
2	
1	1	
2	
2	
2	
1	1	
1	1	
2	
1	1	
1	1	
1	1	
1	1	
1	1	
2	
1	1	
1	1	
2	
2	
1	1	
1	1	
1	1	
1	1	
1	1	
1	1	
2	
2	
1	1	
1	1	
1	1	
2	
1	1	
2	
1	1	
1	1	
2	
1	1	
1	1	
2	
2	
2	
1	1	
2	
1	1	
1	1	
1	1	
1	1	
1	1	
1	1	
1	1	
1	1	
2	
1	1	
1	1	
1	1	
2	
2	
1	1	
1	1	
2	
1	1	
2	
1	1	
2	
2	
1	1	
2	
2	
2	
1	1	
1	1	
2	
1	1	
1	1	
1	1	
2	
1	1	
2	
1	1	
1	1	
2	
1	1	
1	1	
1	1	
2	
1	1	
1	1	
1	1	
2	
1	1	
1	1	
1	1	
1	1	
1	1	
1	1	
1	1	
1	1	
1	1	
1	1	
2	
1	1	
1	1	
1	1	
1	1	
1	1	
1	1	
2	
1	1	
1	1	
2	
1	1	
1	1	
2	
2	
2	
2	
1	1	
2	
1	1	
1	1	
1	1	
2	
1	1	
2	
1	1	
2	
1	1	
2	
1	1	
2	
1	1	
1	1	
1	1	
1	1	
1	1	
2	
1	1	
1	1	
1	1	
1	1	
1	1	
2	
1	1	
1	1	
1	1	
2	
1	1	
1	1	
1	1	
1	1	
1	1	
1	1	
1	1	
2	
1	1	
1	1	
2	
1	1	
1	1	
1	1	
1	1	
1	1	
1	1	
1	1	
2	
1	1	
2	
1	1	
1	1	
1	1	
2	
1	1	
1	1	
1	1	
1	1	
2	
1	
1	
1	
1	
1	
1	
1	
1	
1	
1	
1	
1	
1	
1	
1	
1	
1	
1	
1	
1	
1	
1	
1	
1	
1	
1	
1	
1	
1	
1	
1	
1	
1	
1	
1	
1	
1	
1	
1	
1	
1	
1	
1	
1	
1	
1	
1	
1	
1	
1	
1	
1	
1	
1	
1	
1	
1	
1	
1	
1	
1	
1	
1	
1	
1	
1	
1	
1	
1	
1	
1	
1	
1	
1	
1	
1	
1	
1	
1	
1	
1	
1	
1	
1	
1	
1	
1	
1	
1	
1	
1	
1	
1	
1	
1	
1	
1	
1	
1	
1	
1	
1	
1	
1	
1	
1	
1	
1	
1	
1	
1	
1	
1	
1	
1	
1	
1	
1	
1	
1	
1	
1	
1	
1	
1	
1	
1	
1	
1	
1	
1	
1	
1	
1	
1	
1	
1	
1	
1	
1	
1	
1	
1	
1	
1	
1	
1	
1	
1	
1	
1	
1	
1	
1	
1	
1	
1	
1	
1	
1	
1	
1	
1	
1	
1	
1	
1	
1	
1	
1	
1	
1	
1	
1	
1	
1	
1	
1	
1	
1	
1	
1	
1	
1	
1	
1	
1	
1	
1	
1	
1	
1	
1	
1	
1	
1	
1	
1	
1	
1	
1	
1	
1	
1	
1	
1	
1	
1	
1	
1	
1	
1	
1	
1	
1	
1	
1	
1	
1	
1	
1	
1	
1	
1	
1	
1	
1	
1	
1	
1	
1	
1	
1	
1	
1	
1	
1	
1	
1	
1	
1	
1	
1	
1	
1	
1	
1	
1	
1	
1	
1	
1	
1	
1	
1	
1	
1	
1	
1	
1	
1	
1	
1	
1	
1	
1	
1	
1	
1	
1	
1	
1	
1	
1	
1	
1	
1	
1	
1	
1	
1	
1	
1	
1	
1	
1	
1	
1	
1	
1	
1	
1	
1	
1	
1	
1	
1	
1	
1	
1	
1	
1	
1	
1	
1	
1	
1	
1	
1	
1	
1	
1	
1	
1	
1	
1	
1	
1	
1	
1	
1	
1	
1	
1	
1	
1	
1	
1	
1	
1	
1	
1	
1	
1	
1	
1	
1	
1	
1	
1	
1	
1	
1	
1	
1	
1	
1	
1	
1	
1	
1	
1	
1	
1	
1	
1	
1	
1	
1	
1	
1	
1	
1	
1	
1	
1	
1	
1	
1	
1	
1	
1	
1	
1	
1	
1	
1	
1	
1	
1	
1	
1	
1	
1	
1	
1	
1	
1	
1	
1	
1	
1	
1	
1	
1	
1	
1	
1	
1	
1	
1	
1	
1	
1	
1	
1	
1	
1	
1	
1	
1	
1	
1	
1	
1	
1	
1	
1	
1	
1	
1	
1	
1	
1	
1	
1	
1	
1	
1	
1	
1	
1	
1	
1	
1	
1	
1	
1	
1	
1	
1	
1	
1	
1	
1	
1	
1	
1	
1	
1	
1	
1	
1	
1	
1	
1	
1	
1	
1	
1	
1	
1	
1	
1	
1	
1	
1	
1	
1	
1	
1	
1	
1	
1	
1	
1	
1	
1	
1	
1	
1	
1	
1	
1	
1	
1	
1	
1	
1	
1	
1	
1	
1	
1	
1	
1	
1	
1	
1	
1	
1	
1	
1	
1	
1	
1	
1	
1	
1	
1	
1	
1	
1	
1	
1	
1	
1	
1	
1	
1	
1	
1	
1	
1	
1	
1	
1	
1	
1	
1	
1	
1	
1	
1	
1	
1	
1	
1	
1	
1	
1	
1	
1	
1	
1	
1	
1	
1	
1	
1	
1	
1	
1	
1	
1	
1	
1	
1	
1	
1	
1	
1	
1	
1	
1	
1	
1	
1	
1	
1	
1	
1	
1	
1	
1	
1	
1	
1	
1	
1	
1	
1	
1	
1	
1	
1	
1	
1	
1	
1	
1	
1	
1	
1	
1	
1	
1	
1	
1	
1	
1	
1	
1	
1	
1	
1	
1	
1	
1	
1	
1	
1	
1	
1	
1	
1	
1	
1	
1	
1	
1	
1	
1	
1	
1	
1	
1	
1	
1	
1	
1	
1	
1	
1	
1	
1	
1	
1	
1	
1	
1	
1	
1	
1	
1	
1	
1	
1	
1	
1	
1	
1	
1	
1	
1	
1	
1	
1	
1	
1	
1	
1	
1	
1	
1	
1	
1	
1	
1	
1	
1	
1	
1	
1	
1	
1	
1	
1	
1	
1	
1	
1	
1	
1	
1	
1	
1	
1	
1	
1	
1	
1	
1	
1	
1	
1	
1	
1	
1	
1	
1	
1	
1	
1	
1	
1	
1	
1	
1	
1	
1	
1	
1	
1	
1	
1	
1	
1	
1	
1	
1	
1	
1	
1	
1	
1	
1	
1	
1	
1	
1	
1	
1	
1	
1	
1	
1	
1	
1	
1	
1	
1	
1	
1	
1	
1	
1	
1	
1	
1	
1	
1	
1	
1	
1	
1	
1	
1	
1	
1	
1	
1	
1	
1	
1	
1	
1	
1	
1	
1	
1	
1	
1	
1	
1	
1	
1	
1	
1	
1	
1	
1	
1	
1	
1	
1	
1	
1	
1	
1	
1	
1	
1	
1	
1	
1	
1	
1	
1	
1	
1	
1	
1	
1	
1	
1	
1	
1	
1	
1	
1	
1	
1	
1	
1	
1	
1	
1	
1	
1	
1	
1	
1	
1	
1	
1	
1	
1	
1	
1	
1	
1	
1	
1	
1	
1	
1	
1	
1	
1	
1	
1	
1	
1	
1	
1	
1	
1	
1	
1	
1	
1	
1	
1	
1	
1	
1	
1	
1	
1	
1	
1	
1	
1	
1	
1	
1	
1	
1	
1	
1	
1	
1	
1	
1	
1	
1	
1	
1	
1	
1	
1	
1	
1	
1	
1	
1	
1	
1	
1	
1	
1	
1	
1	
1	
1	
1	
1	
1	
1	
1	
1	
1	
1	
1	
1	
1	
1	
1	
1	
1	
1	
1	
1	
1	
1	
1	
1	
1	
1	
1	
1	
1	
1	
1	
1	
1	
1	
1	
1	
1	
1	
1	
1	
1	
1	
1	
1	
1	
1	
1	
1	
1	
1	
1	
1	
1	
1	
1	
1	
1	
1	
1	
1	
1	
1	
1	
1	
1	
1	
1	
1	
1	
1	
1	
1	
1	
1	
1	
1	
1	
1	
1	
1	
1	
1	
1	
1	
1	
1	
1	
1	
1	
1	
1	
1	
1	
1	
1	
1	
1	
1	
1	
1	
1	
1	
1	
1	
1	
1	
1	
1	
1	
1	
1	
1	
1	
1	
1	
1	
1	
1	
1	
1	
1	
1	
1	
1	
1	
1	
1	
1	
1	
1	
1	
1	
1	
1	
1	
1	
1	
1	
1	
1	
1	
1	
1	
1	
1	
1	
1	
1	
1	
1	
1	
1	
1	
1	
1	
1	
1	
1	
1	
1	
1	
1	
1	
1	
1	
1	
1	
1	
1	
1	
1	
1	
1	
1	
1	
1	
1	
1	
1	
1	
1	
1	
1	
1	
1	
1	
1	
1	
1	
1	
1	
1	
1	
1	
1	
1	
1	
1	
1	
1	
1	
1	
1	
1	
1	
1	
1	
1	
1	
1	
1	
1	
1	
1	
1	
1	
1	
1	
1	
1	
1	
1	
1	
1	
1	
1	
1	
1	
1	
1	
1	
1	
1	
1	
1	
1	
1	
1	
1	
1	
1	
1	
1	
1	
1	
1	
1	
1	
1	
1	
1	
1	
1	
1	
1	
1	
1	
1	
1	
1	
1	
1	
1	
1	
1	
1	
1	
1	
1	
1	
1	
1	
1	
1	
1	
1	
1	
1	
1	
1	
1	
1	
1	
1	
1	
1	
1	
1	
1	
1	
1	
1	
1	
1	
1	
1	
1	
1	
1	
1	
1	
1	
1	
1	
1	
1	
1	
1	
1	
1	
1	
1	
1	
1	
1	
1	
1	
1	
1	
1	
1	
1	
1	
1	
1	
1	
1	
1	
1	
1	
1	
1	
1	
1	
1	
1	
1	
1	
1	
1	
1	
1	
1	
1	
1	
1	
1	
1	
1	
1	
1	
1	
1	
1	
1	
1	
1	
1	
1	
1	
1	
1	
1	
1	
1	
1	
1	
1	
1	
1	
1	
1	
1	
1	
1	
1	
1	
1	
1	
1	
1	
1	
1	
1	
1	
1	
1	
1	
1	
1	
1	
1	
1	
1	
1	
1	
1	
1	
1	
1	
1	
1	
1	
1	
1	
1	
1	
1	
1	
1	
1	
1	
1	
1	
1	
1	
1	
1	
1	
1	
1	
1	
1	
1	
1	
1	
1	
1	
1	
1	
1	
1	
1	
1	
1	
1	
1	
1	
1	
1	
1	
1	
1	
1	
1	
1	
1	
1	
1	
1	
1	
1	
1	
1	
1	
1	
1	
1	
1	
1	
1	
1	
1	
1	
1	
1	
1	
1	
1	
1	
1	
1	
1	
1	
1	
1	
1	
1	
1	
1	
1	
1	
1	
1	
1	
1	
1	
1	
1	
1	
1	
1	
1	
1	
1	
1	
1	
1	
1	
1	
1	
1	
1	
1	
1	
1	
1	
1	
1	
1	
1	
1	
1	
1	
1	
1	
1	
1	
1	
1	
1	
1	
1	
1	
1	
1	
1	
1	
1	
1	
1	
1	
1	
1	
1	
1	
1	
1	
1	
1	
1	
1	
1	
1	
1	
1	
1	
1	
1	
1	
1	
1	
1	
1	
1	
1	
1	
1	
1	
1	
1	
1	
1	
1	
1	
1	
1	
1	
1	
1	
1	
1	
1	
1	
1	
1	
1	
1	
1	
1	
1	
1	
1	
1	
1	
1	
1	
1	
1	
1	
1	
1	
1	
1	
1	
1	
1	
1	
1	
1	
1	
1	
1	
1	
1	
1	
1	
1	
1	
1	
1	
1	
1	
1	
1	
1	
1	
1	
1	
1	
1	
1	
1	
1	
1	
1	
1	
1	
1	
1	
1	
1	
1	
1	
1	
1	
1	
1	
1	
1	
1	
1	
1	
1	
1	
1	
1	
1	
1	
1	
1	
1	
1	
1	
1	
1	
1	
1	
1	
1	
1	
1	
1	
1	
1	
1	
1	
1	
1	
1	
1	
1	
1	
1	
1	
1	
1	
1	
1	
1	
1	
1	
1	
1	
1	
1	
1	
1	
1	
1	
1	
1	
1	
1	
1	
1	
1	
1	
1	
1	
1	
1	
1	
1	
1	
1	
1	
1	
1	
1	
1	
1	
1	
1	
1	
1	
1	
1	
1	
1	
1	
1	
1	
1	
1	
1	
1	
1	
1	
1	
1	
1	
1	
1	
1	
1	
1	
1	
1	
1	
1	
1	
1	
1	
1	
1	
1	
1	
1	
1	
1	
1	
1	
1	
1	
1	
1	
1	
1	
1	
1	
1	
1	
1	
1	
1	
1	
1	
1	
1	
1	
1	
1	
1	
1	
1	
1	
1	
1	
1	
1	
1	
1	
1	
1	
1	
1	
1	
1	
1	
1	
1	
1	
1	
1	
1	
1	
1	
1	
1	
1	
1	
1	
1	
1	
1	
1	
1	
1	
1	
1	
1	
1	
1	
1	
1	
1	
1	
1	
1	
1	
1	
1	
1	
1	
1	
1	
1	
1	
1	
1	
1	
1	
1	
1	
1	
1	
1	
1	
1	
1	
1	
1	
1	
1	
1	
1	
1	
1	
1	
1	
1	
1	
1	
1	
1	
1	
1	
1	
1	
1	
1	
1	
1	
1	
1	
1	
1	
1	
1	
1	
1	
1	
1	
1	
1	
1	
1	
1	
1	
1	
1	
1	
1	
1	
1	
1	
1	
1	
1	
1	
1	
1	
1	
1	
1	
1	
1	
1	
1	
1	
1	
1	
1	
1	
1	
1	
1	
1	
1	
1	
1	
1	
1	
1	
1	
1	
1	
1	
1	
1	
1	
1	
1	
1	
1	
1	
1	
1	
1	
1	
1	
1	
1	
1	
1	
1	
1	
1	
1	
1	
1	
1	
1	
1	
1	
1	
1	
1	
1	
1	
1	
1	
1	
1	
1	
1	
1	
1	
1	
1	
1	
1	
1	
1	
1	
1	
1	
1	
1	
1	
1	
1	
1	
1	
1	
1	
1	
1	
1	
1	
1	
1	
1	
1	
1	
1	
1	
1	
1	
1	
1	
1	
1	
1	
1	
1	
1	
1	
1	
1	
1	
1	
1	
1	
1	
1	
1	
1	
1	
1	
1	
1	
1	
1	
1	
1	
1	
1	
1	
1	
1	
1	
1	
1	
1	
1	
1	
1	
1	
1	
1	
1	
1	
1	
1	
1	
1	
1	
1	
1	
1	
1	
1	
1	
1	
1	
1	
1	
1	
1	
1	
1	
1	
1	
1	
1	
1	
1	
1	
1	
1	
1	
1	
1	
1	
1	
1	
1	
1	
1	
1	
1	
1	
1	
1	
1	
1	
1	
1	
1	
1	
1	
1	
1	
1	
1	
1	
1	
1	
1	
1	
1	
1	
1	
1	
1	
1	
1	
1	
1	
1	
1	
1	
1	
1	
1	
1	
1	
1	
1	
1	
1	
1	
1	
1	
1	
1	
1	
1	
1	
1	
1	
1	
1	
1	
1	
1	
1	
1	
1	
1	
1	
1	
1	
1	
1	
1	
1	
1	
1	
1	
1	
1	
1	
1	
1	
1	
1	
1	
1	
1	
1	
1	
1	
1	
1	
1	
1	
1	
1	
1	
1	
1	
1	
1	
1	
1	
1	
1	
1	
1	
1	
1	
1	
1	
1	
1	
1	
1	
1	
1	
1	
1	
1	
1	
1	
1	
1	
1	
1	
1	
1	
1	
1	
1	
1	
1	
1	
1	
1	
1	
1	
1	
1	
1	
1	
1	
1	
1	
1	
1	
1	
1	
1	
1	
1	
1	
1	
1	
1	
1	
1	
1	
1	
1	
1	
1	
1	
1	
1	
1	
1	
1	
1	
1	
1	
1	
1	
1	
1	
1	
1	
1	
1	
1	
1	
1	
1	
1	
1	
1	
1	
1	
1	
1	
1	
1	
1	
1	
1	
1	
1	
1	
1	
1	
1	
1	
1	
1	
1	
1	
1	
1	
1	
1	
1	
1	
1	
1	
1	
1	
1	
1	
1	
1	
1	
1	
1	
1	
1	
1	
1	
1	
1	
1	
1	
1	
1	
1	
1	
1	
1	
1	
1	
1	
1	
1	
1	
1	
1	
1	
1	
1	
1	
1	
1	
1	
1	
1	
1	
1	
1	
1	
1	
1	
1	
1	
1	
1	
1	
1	
1	
1	
1	
1	
1	
1	
1	
1	
1	
1	
1	
1	
1	
1	
1	
1	
1	
1	
1	
1	
1	
1	
1	
1	
1	
1	
1	
1	
1	
1	
1	
1	
1	
1	
1	
1	
1	
1	
1	
1	
1	
1	
1	
1	
1	
1	
1	
1	
1	
1	
1	
1	
1	
1	
1	
1	
1	
1	
1	
1	
1	
1	
1	
1	
1	
1	
1	
1	
1	
1	
1	
1	
1	
1	
1	
1	
1	
1	
1	
1	
1	
1	
1	
1	
1	
1	
1	
1	
1	
1	
1	
1	
1	
1	
1	
1	
1	
1	
1	
1	
1	
1	
1	
1	
1	
1	
1	
1	
1	
1	
1	
1	
1	
1	
1	
1	
1	
1	
1	
1	
1	
1	
1	
1	
1	
1	
1	
1	
1	
1	
1	
1	
1	
1	
1	
1	
1	
1	
1	
1	
1	
1	
1	
1	
1	
1	
1	
1	
1	
1	
1	
1	
1	
1	
1	
1	
1	
1	
1	
1	
1	
1	
1	
1	
1	
1	
1	
1	
1	
1	
1	
1	
1	
1	
1	
1	
1	
1	
1	
1	
1	
1	
1	
1	
1	
1	
1	
1	
1	
1	
1	
1	
1	
1	
1	
1	
1	
1	
1	
1	
1	
1	
1	
1	
1	
1	
1	
1	
1	
1	
1	
1	
1	
1	
1	
1	
1	
1	
1	
1	
1	
1	
1	
1	
1	
1	
1	
1	
1	
1	
1	
1	
1	
1	
1	
1	
1	
1	
1	
1	
1	
1	
1	
1	
1	
1	
1	
1	
1	
1	
1	
1	
1	
1	
1	
1	
1	
1	
1	
1	
1	
1	
1	
1	
1	
1	
1	
1	
1	
1	
1	
1	
1	
1	
1	
1	
1	
1	
1	
1	
1	
1	
1	
1	
1	
1	
1	
1	
1	
1	
1	
1	
1	
1	
1	
1	
1	
1	
1	
1	
1	
1	
1	
1	
1	
1	
1	
1	
1	
1	
1	
1	
1	
1	
1	
1	
1	
1	
1	
1	
1	
1	
1	
1	
1	
1	
1	
1	
1	
1	
1	
1	
1	
1	
1	
1	
1	
1	
1	
1	
1	
1	
1	
1	
1	
1	
1	
1	
1	
1	
1	
1	
1	
1	
1	
1	
1	
1	
1	
1	
1	
1	
1	
1	
1	
1	
1	
1	
1	
1	
1	
1	
1	
1	
1	
1	
1	
1	
1	
1	
1	
1	
1	
1	
1	
1	
1	
1	
1	
1	
1	
1	
1	
1	
1	
1	
1	
1	
1	
1	
1	
1	
1	
1	
1	
1	
1	
1	
1	
1	
1	
1	
1	
1	
1	
1	
1	
1	
1	
1	
1	
1	
1	
1	
1	
1	
1	
1	
1	
1	
1	
1	
1	
1	
1	
1	
1	
1	
1	
1	
1	
1	
1	
1	
1	
1	
1	
1	
1	
1	
1	
1	
1	
1	
1	
1	
1	
1	
1	
1	
1	
1	
1	
1	
1	
1	
1	
1	
1	
1	
1	
1	
1	
1	
1	
1	
1	
1	
1	
1	
1	
1	
1	
1	
1	
1	
1	
1	
1	
1	
1	
1	
1	
1	
1	
1	
1	
1	
1	
1	
1	
1	
1	
1	
1	
1	
1	
1	
1	
1	
1	
1	
1	
1	
1	
1	
1	
1	
1	
1	
1	
1	
1	
1	
1	
1	
1	
1	
1	
1	
1	
1	
1	
1	
1	
1	
1	
1	
1	
1	
1	
1	
1	
1	
1	
1	
1	
1	
1	
1	
1	
1	
1	
1	
1	
1	
1	
1	
1	
1	
1	
1	
1	
1	
1	
1	
1	
1	
1	
1	
1	
1	
1	
1	
1	
1	
1	
1	
1	
1	
1	
1	
1	
1	
1	
1	
1	
1	
1	
1	
1	
1	
1	
1	
1	
1	
1	
1	
1	
1	
1	
1	
1	
1	
1	
1	
1	
1	
1	
1	
1	
1	
1	
1	
1	
1	
1	
1	
1	
1	
1	
1	
1	
1	
1	
1	
1	
1	
1	
1	
1	
1	
1	
1	
1	
1	
1	
1	
1	
1	
1	
1	
1	
1	
1	
1	
1	
1	
1	
1	
1	
1	
1	
1	
1	
1	
1	
1	
1	
1	
1	
1	
1	
1	
1	
1	
1	
1	
1	
1	
1	
1	
1	
1	
1	
1	
1	
1	
1	
1	
1	
1	
1	
1	
1	
1	
1	
1	
1	
1	
1	
1	
1	
1	
1	
1	
1	
1	
1	
1	
1	
1	
1	
1	
1	
1	
1	
1	
1	
1	
1	
1	
1	
1	
1	
1	
1	
1	
1	
1	
1	
1	
1	
1	
1	
1	
1	
1	
1	
1	
1	
1	
1	
1	
1	
1	
1	
1	
1	
1	
1	
1	
1	
1	
1	
1	
1	
1	
1	
1	
1	
1	
1	
1	
1	
1	
1	
1	
1	
1	
1	
1	
1	
1	
1	
1	
1	
1	
1	
1	
1	
1	
1	
1	
1	
1	
1	
1	
1	
1	
1	
1	
1	
1	
1	
1	
1	
1	
1	
1	
1	
1	
1	
1	
1	
1	
1	
1	
1	
1	
1	
1	
1	
1	
1	
1	
1	
1	
1	
1	
1	
1	
1	
1	
1	
1	
1	
1	
1	
1	
1	
1	
1	
1	
1	
1	
1	
1	
1	
1	
1	
1	
1	
1	
1	
1	
1	
1	
1	
1	
1	
1	
1	
1	
1	
1	
1	
1	
1	
1	
1	
1	
1	
1	
1	
1	
1	
1	
1	
1	
1	
1	
1	
1	
1	
1	
1	
1	
1	
1	
1	
1	
1	
1	
1	
1	
1	
1	
1	
1	
1	
1	
1	
1	
1	
1	
1	
1	
1	
1	
1	
1	
1	
1	
1	
1	
1	
1	
1	
1	
1	
1	
1	
1	
1	
1	
1	
1	
1	
1	
1	
1	
1	
1	
1	
1	
1	
1	
1	
1	
1	
1	
1	
1	
1	
1	
1	
1	
1	
1	
1	
1	
1	
1	
1	
1	
1	
1	
1	
1	
1	
1	
1	
1	
1	
1	
1	
1	
1	
1	
1	
1	
1	
1	
1	
1	
1	
1	
1	
1	
1	
1	
1	
1	
1	
1	
1	
1	
1	
1	
1	
1	
1	
1	
1	
1	
1	
1	
1	
1	
1	
1	
1	
1	
1	
1	
1	
1	
1	
1	
1	
1	
1	
1	
1	
1	
1	
1	
1	
1	
1	
1	
1	
1	
1	
1	
1	
1	
1	
1	
1	
1	
1	
1	
1	
1	
1	
1	
1	
1	
1	
1	
1	
1	
1	
1	
1	
1	
1	
1	
1	
1	
1	
1	
1	
1	
1	
1	
1	
1	
1	
1	
1	
1	
1	
1	
1	
1	
1	
1	
1	
1	
1	
1	
1	
1	
1	
1	
1	
1	
1	
1	
1	
1	
1	
1	
1	
1	
1	
1	
1	
1	
1	
1	
1	
1	
1	
1	
1	
1	
1	
1	
1	
1	
1	
1	
1	
1	
1	
1	
1	
1	
1	
1	
1	
1	
1	
1	
1	
1	
1	
1	
1	
1	
1	
1	
1	
1	
1	
1	
1	
1	
1	
1	
1	
1	
1	
1	
1	
1	
1	
1	
1	
1	
1	
1	
1	
1	
1	
1	
1	
1	
1	
1	
1	
1	
1	
1	
1	
1	
1	
1	
1	
1	
1	
1	
1	
1	
1	
1	
1	
1	
1	
1	
1	
1	
1	
1	
1	
1	
1	
1	
1	
1	
1	
1	
1	
1	
1	
1	
1	
1	
1	
1	
1	
1	
1	
1	
1	
1	
1	
1	
1	
1	
1	
1	
1	
1	
1	
1	
1	
1	
1	
1	
1	
1	
1	
1	
1	
1	
1	
1	
1	
1	
1	
1	
1	
1	
1	
1	
1	
1	
1	
1	
1	
1	
1	
1	
1	
1	
1	
1	
1	
1	
1	
1	
1	
1	
1	
1	
1	
1	
1	
1	
1	
1	
1	
1	
1	
1	
1	
1	
1	
1	
1	
1	
1	
1	
1	
1	
1	
1	
1	
1	
1	
1	
1	
1	
1	
1	
1	
1	
1	
1	
1	
1	
1	
1	
1	
1	
1	
1	
1	
1	
1	
1	
1	
1	
1	
1	
1	
1	
1	
1	
1	
1	
1	
1	
1	
1	
1	
1	
1	
1	
1	
1	
1	
1	
1	
1	
1	
1	
1	
1	
1	
1	
1	
1	
1	
1	
1	
1	
1	
1	
1	
1	
1	
1	
1	
1	
1	
1	
1	
1	
1	
1	
1	
1	
1	
1	
1	
1	
1	
1	
1	
1	
1	
1	
1	
1	
1	
1	
1	
1	
1	
1	
1	
1	
1	
1	
1	
1	
1	
1	
1	
1	
1	
1	
1	
1	
1	
1	
1	
1	
1	
1	
1	
1	
1	
1	
1	
1	
1	
1	
1	
1	
1	
1	
1	
1	
1	
1	
1	
1	
1	
1	
1	
1	
1	
1	
1	
1	
1	
1	
1	
1	
1	
1	
1	
1	
1	
1	
1	
1	
1	
1	
1	
1	
1	
1	
1	
1	
1	
1	
1	
1	
1	
1	
1	
1	
1	
1	
1	
1	
1	
1	
1	
1	
1	
1	
1	
1	
1	
1	
1	
1	
1	
1	
1	
1	
1	
1	
1	
1	
1	
1	
1	
1	
1	
1	
1	
1	
1	
1	
1	
1	
1	
1	
1	
1	
1	
1	
1	
1	
1	
1	
1	
1	
1	
1	
1	
1	
1	
1	
1	
1	
1	
1	
1	
1	
1	
1	
1	
1	
1	
1	
1	
1	
1	
1	
1	
1	
1	
1	
1	
1	
1	
1	
1	
1	
1	
1	
1	
1	
1	
1	
1	
1	
1	
1	
1	
1	
1	
1	
1	
1	
1	
1	
1	
1	
1	
1	
1	
1	
1	
1	
1	
1	
1	
1	
1	
1	
1	
1	
1	
1	
1	
1	
1	
1	
1	
1	
1	
1	
1	
1	
1	
1	
1	
1	
1	
1	
1	
1	
1	
1	
1	
1	
1	
1	
1	
1	
1	
1	
1	
1	
1	
1	
1	
1	
1	
1	
1	
1	
1	
1	
1	
1	
1	
1	
1	
1	
1	
1	
1	
1	
1	
1	
1	
1	
1	
1	
1	
1	
1	
1	
1	
1	
1	
1	
1	
1	
1	
1	
1	
1	
1	
1	
1	
1	
1	
1	
1	
1	
1	
1	
1	
1	
1	
1	
1	
1	
1	
1	
1	
1	
1	
1	
1	
1	
1	
1	
1	
1	
1	
1	
1	
1	
1	
1	
1	
1	
1	
1	
1	
1	
1	
1	
1	
1	
1	
1	
1	
1	
1	
1	
1	
1	
1	
1	
1	
1	
1	
1	
1	
1	
1	
1	
1	
1	
1	
1	
1	
1	
1	
1	
1	
1	
1	
1	
1	
1	
1	
1	
1	
1	
1	
1	
1	
1	
1	
1	
1	
1	
1	
1	
1	
1	
1	
1	
1	
1	
1	
1	
1	
1	
1	
1	
1	
1	
1	
1	
1	
1	
1	
1	
1	
1	
1	
1	
1	
1	
1	
1	
1	
1	
1	
1	
1	
1	
1	
1	
1	
1	
1	
1	
1	
1	
1	
1	
1	
1	
1	
1	
1	
1	
1	
1	
1	
1	
1	
1	
1	
1	
1	
1	
1	
1	
1	
1	
1	
1	
1	
1	
1	
1	
1	
1	
1	
1	
1	
1	
1	
1	
1	
1	
1	
1	
1	
1	
1	
1	
1	
1	
1	
1	
1	
1	
1	
1	
1	
1	
1	
1	
1	
1	
1	
1	
1	
1	
1	
1	
1	
1	
1	
1	
1	
1	
1	
1	
1	
1	
1	
1	
1	
1	
1	
1	
1	
1	
1	
1	
1	
1	
1	
1	
1	
1	
1	
1	
1	
1	
1	
1	
1	
1	
1	
1	
1	
1	
1	
1	
1	
1	
1	
1	
1	
1	
1	
1	
1	
1	
1	
1	
1	
1	
1	
1	
1	
1	
1	
1	
1	
1	
1	
1	
1	
1	
1	
1	
1	
1	
1	
1	
1	
1	
1	
1	
1	
1	
1	
1	
1	
1	
1	
1	
1	
1	
1	
1	
1	
1	
1	
1	
1	
1	
1	
1	
1	
1	
1	
1	
1	
1	
1	
1	
1	
1	
1	
1	
1	
1	
1	
1	
1	
1	
1	
1	
1	
1	
1	
1	
1	
1	
1	
1	
1	
1	
1	
1	
1	
1	
1	
1	
1	
1	
1	
1	
1	
1	
1	
1	
1	
1	
1	
1	
1	
1	
1	
1	
1	
1	
1	
1	
1	
1	
1	
1	
1	
1	
1	
1	
1	
1	
1	
1	
1	
1	
1	
1	
1	
1	
1	
1	
1	
1	
1	
1	
1	
1	
1	
1	
1	
1	
1	
1	
1	
1	
1	
1	
1	
1	
1	
1	
1	
1	
1	
1	
1	
1	
1	
1	
1	
1	
1	
1	
1	
1	
1	
1	
1	
1	
1	
1	
1	
1	
1	
1	
1	
1	
1	
1	
1	
1	
1	
1	
1	
1	
1	
1	
1	
1	
1	
1	
1	
1	
1	
1	
1	
1	
1	
1	
1	
1	
1	
1	
1	
1	
1	
1	
1	
1	
1	
1	
1	
1	
1	
1	
1	
1	
1	
1	
1	
1	
1	
1	
1	
1	
1	
1	
1	
1	
1	
1	
1	
1	
1	
1	
1	
1	
1	
1	
1	
1	
1	
1	
1	
1	
1	
1	
1	
1	
1	
1	
1	
1	
1	
1	
1	
1	
1	
1	
1	
1	
1	
1	
1	
1	
1	
1	
1	
1	
1	
1	
1	
1	
1	
1	
1	
1	
1	
1	
1	
1	
1	
1	
1	
1	
1	
1	
1	
1	
1	
1	
1	
1	
1	
1	
1	
1	
1	
1	
1	
1	
1	
1	
1	
1	
1	
1	
1	
1	
1	
1	
1	
1	
1	
1	
1	
1	
1	
1	
1	
1	
1	
1	
1	
1	
1	
1	
1	
1	
1	
1	
1	
1	
1	
1	
1	
1	
1	
1	
1	
1	
1	
1	
1	
1	
1	
1	
1	
1	
1	
1	
1	
1	
1	
1	
1	
1	
1	
1	
1	
1	
1	
1	
1	
1	
1	
1	
1	
1	
1	
1	
1	
1	
1	
1	
1	
1	
1	
1	
1	
1	
1	
1	
1	
1	
1	
1	
1	
1	
1	
1	
1	
1	
1	
1	
1	
1	
1	
1	
1	
1	
1	
1	
1	
1	
1	
1	
1	
1	
1	
1	
1	
1	
1	
1	
1	
1	
1	
1	
1	
1	
1	
1	
1	
1	
1	
1	
1	
1	
1	
1	
1	
1	
1	
1	
1	
1	
1	
1	
1	
1	
1	
1	
1	
1	
1	
1	
1	
1	
1	
1	
1	
1	
1	
1	
1	
1	
1	
1	
1	
1	
1	
1	
1	
1	
1	
1	
1	
1	
1	
1	
1	
1	
1	
1	
1	
1	
1	
1	
1	
1	
1	
1	
1	
1	
1	
1	
1	
1	
1	
1	
1	
1	
1	
1	
1	
1	
1	
1	
1	
1	
1	
1	
1	
1	
1	
1	
1	
1	
1	
1	
1	
1	
1	
1	
1	
1	
1	
1	
1	
1	
1	
1	
1	
1	
1	
1	
1	
1	
1	
1	
1	
1	
1	
1	
1	
1	
1	
1	
1	
1	
1	
1	
1	
1	
1	
1	
1	
1	
1	
1	
1	
1	
1	
1	
1	
1	
1	
1	
1	
1	
1	
1	
1	
1	
1	
1	
1	
1	
1	
1	
1	
1	
1	
1	
1	
1	
1	
1	
1	
1	
1	
1	
1	
1	
1	
1	
1	
1	
1	
1	
1	
1	
1	
1	
1	
1	
1	
1	
1	
1	
1	
1	
1	
1	
1	
1	
1	
1	
1	
1	
1	
1	
1	
1	
1	
1	
1	
1	
1	
1	
1	
1	
1	
1	
1	
1	
1	
1	
1	
1	
1	
1	
1	
1	
1	
1	
1	
1	
1	
1	
1	
1	
1	
1	
1	
1	
1	
1	
1	
1	
1	
1	
1	
1	
1	
1	
1	
1	
1	
1	
1	
1	
1	
1	
1	
1	
1	
1	
1	
1	
1	
1	
1	
1	
1	
1	
1	
1	
1	
1	
1	
1	
1	
1	
1	
1	
1	
1	
1	
1	
1	
1	
1	
1	
1	
1	
1	
1	
1	
1	
1	
1	
1	
1	
1	
1	
1	
1	
1	
1	
1	
1	
1	
1	
1	
1	
1	
1	
1	
1	
1	
1	
1	
1	
1	
1	
1	
1	
1	
1	
1	
1	
1	
1	
1	
1	
1	
1	
1	
1	
1	
1	
1	
1	
1	
1	
1	
1	
1	
1	
1	
1	
1	
1	
1	
1	
1	
1	
1	
1	
1	
1	
1	
1	
1	
1	
1	
1	
1	
1	
1	
1	
1	
1	
1	
1	
1	
1	
1	
1	
1	
1	
1	
1	
1	
1	
1	
1	
1	
1	
1	
1	
1	
1	
1	
1	
1	
1	
1	
1	
1	
1	
1	
1	
1	
1	
1	
1	
1	
1	
1	
1	
1	
1	
1	
1	
1	
1	
1	
1	
1	
1	
1	
1	
1	
1	
1	
1	
1	
1	
1	
1	
1	
1	
1	
1	
1	
1	
1	
1	
1	
1	
1	
1	
1	
1	
1	
1	
1	
1	
1	
1	
1	
1	
1	
1	
1	
1	
1	
1	
1	
1	
1	
1	
1	
1	
1	
1	
1	
1	
1	
1	
1	
1	
1	
1	
1	
1	
1	
1	
1	
1	
1	
1	
1	
1	
1	
1	
1	
1	
1	
1	
1	
1	
1	
1	
1	
1	
1	
1	
1	
1	
1	
1	
1	
