55	47	28	28	17	12	10	10	10	10	8	8	7	6	6	6	5	5	5	5	4	4	4	3	3	3	3	2	2	2	2	2	2	2	2	2	2	2	2	2	2	2	2	2	2	1	1	1	1	1	1	1	1	1	1	1	1	1	1	1	1	1	1	1	1	1	1	1	1	1	1	1	1	1	1	1	1	1	1	1	1	1	1	1	1	1	1	1	1	1	1	1	1	1	1	1	1	1	1	1	1	1	1	1	1	1	1	1	1	1	1	1	1	1	
25	17	7	5	5	5	5	4	4	4	4	4	3	3	3	2	2	2	2	2	2	1	1	1	1	1	1	1	1	1	1	1	1	1	1	1	1	1	1	1	1	1	1	1	1	1	1	1	1	1	1	1	1	1	1	1	1	1	1	1	1	1	1	1	1	
26	23	13	5	4	4	4	3	3	3	3	2	2	2	2	2	2	2	2	1	1	1	1	1	1	1	1	1	1	1	1	1	1	1	1	1	1	1	1	1	1	1	1	1	1	1	1	1	1	1	1	
23	14	13	5	4	4	3	3	3	2	2	2	2	2	2	1	1	1	1	1	1	1	1	1	1	1	1	1	1	1	1	1	1	1	1	1	1	1	1	1	1	1	1	1	1	1	1	1	1	1	1	1	1	1	1	1	1	1	1	1	1	1	1	1	
20	18	16	5	5	4	4	3	3	3	2	2	2	2	2	2	2	1	1	1	1	1	1	1	1	1	1	1	1	1	1	1	1	1	1	1	1	1	1	1	1	1	1	1	1	1	1	1	1	
20	15	8	6	5	3	3	3	2	2	2	2	2	1	1	1	1	1	1	1	1	1	1	1	1	1	1	1	1	1	1	1	1	1	1	1	1	1	1	1	1	1	1	1	1	1	1	1	1	1	1	1	
20	12	10	6	4	4	3	3	3	2	2	2	2	1	1	1	1	1	1	1	1	1	1	1	1	1	1	1	1	1	1	1	1	1	1	1	1	1	1	1	1	1	1	1	
14	11	5	4	4	3	3	2	2	2	2	2	1	1	1	1	1	1	1	1	1	1	1	1	1	1	1	1	1	1	1	1	1	1	1	1	1	1	1	1	1	1	1	1	
12	9	8	8	6	3	2	2	2	2	1	1	1	1	1	1	1	1	1	1	1	1	1	1	1	1	1	1	1	1	1	1	1	1	1	1	1	1	1	1	
13	10	6	5	3	3	3	3	3	3	2	2	2	1	1	1	1	1	1	1	1	1	1	1	1	1	1	1	1	1	1	1	1	1	1	1	1	
15	13	5	3	3	3	2	2	2	1	1	1	1	1	1	1	1	1	1	1	1	1	1	1	1	1	1	1	1	1	1	1	1	1	1	1	1	1	1	1	1	1	
12	8	7	4	3	3	2	2	2	2	1	1	1	1	1	1	1	1	1	1	1	1	1	1	1	1	1	1	1	1	1	1	1	1	1	1	1	1	1	1	1	1	1	1	
17	6	5	5	3	2	2	2	2	1	1	1	1	1	1	1	1	1	1	1	1	1	1	1	1	1	1	1	1	1	1	1	
60	
11	2	2	2	1	1	1	1	1	1	1	1	1	1	1	1	1	1	1	1	1	1	1	1	1	1	1	1	1	1	1	
20	6	4	1	1	1	1	1	1	1	1	1	1	
7	3	3	3	2	2	1	1	1	1	1	1	1	1	1	1	1	1	1	1	1	1	
7	4	3	3	2	1	1	1	1	1	1	1	1	1	1	1	1	1	1	1	1	
11	3	3	2	1	1	1	1	1	1	1	1	1	
7	5	1	1	1	1	1	1	1	1	1	1	1	1	1	1	
5	4	2	2	1	1	1	1	1	1	1	1	1	
3	3	2	2	1	1	1	1	1	1	1	1	1	1	1	
7	2	2	1	1	1	1	1	1	1	1	1	1	
10	2	2	1	1	1	1	1	1	1	
3	2	2	1	1	1	1	1	1	1	1	1	1	1	1	1	
11	1	1	1	1	1	1	1	1	
4	3	2	2	1	1	1	1	1	1	1	1	
3	2	2	2	1	1	1	1	1	1	1	1	1	
4	2	2	1	1	1	1	1	1	1	1	1	1	
7	4	1	1	1	1	1	1	1	
3	2	1	1	1	1	1	1	1	1	1	1	1	1	
3	2	2	1	1	1	1	1	1	1	1	1	1	
3	2	1	1	1	1	1	1	1	1	1	1	1	1	
3	2	2	1	1	1	1	1	1	1	1	1	1	
9	2	1	1	1	1	1	
3	1	1	1	1	1	1	1	1	1	1	1	1	
2	2	1	1	1	1	1	1	1	1	1	1	1	
4	2	1	1	1	1	1	1	1	1	1	
4	3	2	1	1	1	1	1	
4	2	2	2	1	1	1	1	
4	2	1	1	1	1	1	1	1	1	
4	2	1	1	1	1	1	1	1	
2	1	1	1	1	1	1	1	1	1	1	1	
6	1	1	1	1	1	1	1	
12	
12	
2	1	1	1	1	1	1	1	1	1	1	
3	2	1	1	1	1	1	1	1	
2	1	1	1	1	1	1	1	1	1	
2	1	1	1	1	1	1	1	1	1	
2	1	1	1	1	1	1	1	1	1	
4	3	2	1	1	
2	2	1	1	1	1	1	1	1	
10	
2	1	1	1	1	1	1	1	1	
2	2	1	1	1	1	1	1	
2	1	1	1	1	1	1	1	1	
5	1	1	1	1	1	
2	1	1	1	1	1	1	1	1	
1	1	1	1	1	1	1	1	1	1	
2	2	1	1	1	1	1	1	
3	1	1	1	1	1	1	1	
10	
3	2	1	1	1	1	1	
2	2	1	1	1	1	1	1	
2	1	1	1	1	1	1	1	1	
10	
4	3	1	1	1	
5	1	1	1	1	
2	1	1	1	1	1	1	1	
9	
1	1	1	1	1	1	1	1	1	
3	2	1	1	1	1	
3	2	1	1	1	1	
2	1	1	1	1	1	1	1	
9	
3	1	1	1	1	1	
3	1	1	1	1	1	
2	2	1	1	1	1	
3	2	1	1	1	
2	1	1	1	1	1	1	
8	
2	2	1	1	1	1	
2	1	1	1	1	1	1	
7	
6	1	
7	
2	2	1	1	1	
3	1	1	1	1	
1	1	1	1	1	1	1	
2	1	1	1	1	1	
2	1	1	1	1	1	
1	1	1	1	1	1	1	
2	1	1	1	1	1	
7	
2	1	1	1	1	1	
2	1	1	1	1	
1	1	1	1	1	1	
1	1	1	1	1	1	
1	1	1	1	1	1	
2	1	1	1	1	
1	1	1	1	1	1	
2	1	1	1	1	
5	1	
2	1	1	1	1	
1	1	1	1	1	1	
2	1	1	1	1	
2	1	1	1	1	
2	1	1	1	
2	2	1	
2	1	1	1	
1	1	1	1	1	
2	1	1	1	
1	1	1	1	1	
2	1	1	1	
1	1	1	1	1	
2	1	1	1	
1	1	1	1	1	
1	1	1	1	1	
2	1	1	1	
2	1	1	1	
2	1	1	1	
1	1	1	1	1	
2	1	1	1	
2	1	1	1	
2	1	1	1	
2	1	1	1	
2	1	1	1	
1	1	1	1	1	
2	2	1	
1	1	1	1	1	
3	1	1	
1	1	1	1	
1	1	1	1	
1	1	1	1	
1	1	1	1	
4	
1	1	1	1	
1	1	1	1	
2	1	1	
1	1	1	1	
1	1	1	1	
2	1	1	
1	1	1	1	
3	1	
1	1	1	1	
1	1	1	1	
1	1	1	1	
1	1	1	1	
1	1	1	1	
2	1	1	
2	1	1	
2	1	1	
1	1	1	1	
1	1	1	1	
2	1	1	
2	1	
1	1	1	
2	1	
2	1	
2	1	
2	1	
1	1	1	
1	1	1	
1	1	1	
1	1	1	
1	1	1	
1	1	1	
1	1	1	
1	1	1	
3	
1	1	1	
2	1	
1	1	1	
3	
1	1	1	
1	1	1	
1	1	1	
1	1	1	
1	1	1	
1	1	1	
3	
1	1	1	
3	
1	1	1	
1	1	1	
1	1	1	
2	1	
2	1	
1	1	1	
1	1	1	
2	1	
2	1	
1	1	1	
1	1	1	
1	1	1	
1	1	1	
1	1	1	
1	1	1	
2	1	
1	1	1	
1	1	1	
2	1	
1	1	1	
2	1	
3	
1	1	1	
1	1	1	
1	1	1	
1	1	1	
1	1	1	
2	1	
1	1	1	
3	
3	
1	1	1	
2	1	
1	1	1	
1	1	
1	1	
1	1	
1	1	
1	1	
1	1	
1	1	
1	1	
2	
1	1	
1	1	
2	
1	1	
1	1	
1	1	
1	1	
1	1	
1	1	
1	1	
1	1	
1	1	
1	1	
1	1	
1	1	
1	1	
1	1	
2	
1	1	
1	1	
1	1	
2	
1	1	
1	1	
1	1	
1	1	
1	1	
1	1	
1	1	
1	1	
1	1	
1	1	
1	1	
1	1	
1	1	
1	1	
1	1	
1	1	
2	
1	1	
1	1	
2	
1	1	
1	1	
1	1	
1	1	
1	1	
1	1	
1	1	
1	1	
2	
1	1	
1	1	
2	
1	1	
1	1	
1	1	
1	1	
2	
2	
1	1	
1	1	
1	1	
2	
1	1	
1	1	
1	1	
1	1	
1	1	
2	
1	1	
1	1	
2	
1	1	
1	1	
1	1	
2	
1	1	
1	1	
1	1	
1	1	
1	1	
1	1	
2	
2	
1	1	
1	1	
2	
1	1	
1	1	
1	1	
1	1	
1	1	
2	
1	1	
1	1	
1	1	
1	1	
1	1	
1	1	
1	1	
2	
1	1	
1	1	
1	1	
1	1	
1	1	
1	1	
1	
1	
1	
1	
1	
1	
1	
1	
1	
1	
1	
1	
1	
1	
1	
1	
1	
1	
1	
1	
1	
1	
1	
1	
1	
1	
1	
1	
1	
1	
1	
1	
1	
1	
1	
1	
1	
1	
1	
1	
1	
1	
1	
1	
1	
1	
1	
1	
1	
1	
1	
1	
1	
1	
1	
1	
1	
1	
1	
1	
1	
1	
1	
1	
1	
1	
1	
1	
1	
1	
1	
1	
1	
1	
1	
1	
1	
1	
1	
1	
1	
1	
1	
1	
1	
1	
1	
1	
1	
1	
1	
1	
1	
1	
1	
1	
1	
1	
1	
1	
1	
1	
1	
1	
1	
1	
1	
1	
1	
1	
1	
1	
1	
1	
1	
1	
1	
1	
1	
1	
1	
1	
1	
1	
1	
1	
1	
1	
1	
1	
1	
1	
1	
1	
1	
1	
1	
1	
1	
1	
1	
1	
1	
1	
1	
1	
1	
1	
1	
1	
1	
1	
1	
1	
1	
1	
1	
1	
1	
1	
1	
1	
1	
1	
1	
1	
1	
1	
1	
1	
1	
1	
1	
1	
1	
1	
1	
1	
1	
1	
1	
1	
1	
1	
1	
1	
1	
1	
1	
1	
1	
1	
1	
1	
1	
1	
1	
1	
1	
1	
1	
1	
1	
1	
1	
1	
1	
1	
1	
1	
1	
1	
1	
1	
1	
1	
1	
1	
1	
1	
1	
1	
1	
1	
1	
1	
1	
1	
1	
1	
1	
1	
1	
1	
1	
1	
1	
1	
1	
1	
1	
1	
1	
1	
1	
1	
1	
1	
1	
1	
1	
1	
1	
1	
1	
1	
1	
1	
1	
1	
1	
1	
1	
1	
1	
1	
1	
1	
1	
1	
1	
1	
1	
1	
1	
1	
1	
1	
1	
1	
1	
1	
1	
1	
1	
1	
1	
1	
1	
1	
1	
1	
1	
1	
1	
1	
1	
1	
1	
1	
1	
1	
1	
1	
1	
1	
1	
1	
1	
1	
1	
1	
1	
1	
1	
1	
1	
1	
1	
1	
1	
1	
1	
1	
1	
1	
1	
1	
1	
1	
1	
1	
1	
1	
1	
1	
1	
1	
1	
1	
1	
1	
1	
1	
1	
1	
1	
1	
1	
1	
1	
1	
1	
1	
1	
1	
1	
1	
1	
1	
1	
1	
1	
1	
1	
1	
1	
1	
1	
1	
1	
1	
1	
1	
1	
1	
1	
1	
1	
1	
1	
1	
1	
1	
1	
1	
1	
1	
1	
1	
1	
1	
1	
1	
1	
1	
1	
1	
1	
1	
1	
1	
1	
1	
1	
1	
1	
1	
1	
1	
1	
1	
1	
1	
1	
1	
1	
1	
1	
1	
1	
1	
1	
1	
1	
1	
1	
1	
1	
1	
1	
1	
1	
1	
1	
1	
1	
1	
1	
1	
1	
1	
1	
1	
1	
1	
1	
1	
1	
1	
1	
1	
1	
1	
1	
1	
1	
1	
1	
1	
1	
1	
1	
1	
1	
1	
1	
1	
1	
1	
1	
1	
1	
1	
1	
1	
1	
1	
1	
1	
1	
1	
1	
1	
1	
1	
1	
1	
1	
1	
1	
1	
1	
1	
1	
1	
1	
1	
1	
1	
1	
1	
1	
1	
1	
1	
1	
1	
1	
1	
1	
1	
1	
1	
1	
1	
1	
