5
5
5
5
5
5
5
5
51
50
5
52
53
5
55
5
5
5
54
5
5
56
59
5
5
57
5
5
58
5
5
5
5
54
5
5
5
5
5
5
5
52
5
5
50
57
51
5
5
5
5
5
5
50
56
50
5
53
5
5
5
5
50
57
5
52
56
5
55
5
54
54
5
53
5
5
5
5
5
51
53
5
5
56
52
5
5
5
5
54
5
55
5
51
52
51
52
5
50
5
57
5
5
51
53
54
57
5
55
53
52
56
59
5
5
5
55
52
5
5
50
53
58
59
58
57
59
5
5
5
50
53
53
55
5
57
50
57
52
53
59
59
51
54
5
56
5
50
56
50
5
51
55
5
5
5
5
51
50
50
5
5
5
59
51
5
5
52
58
5
5
5
58
59
5
52
51
56
51
51
5
5
5
50
5
5
5
58
51
5
52
5
58
51
54
53
51
59
5
5
5
51
58
5
52
5
5
5
52
5
50
51
58
53
58
5
58
50
57
5
56
5
5
52
55
54
59
58
58
52
59
53
5
51
50
5
56
52
51
50
55
53
54
5
56
55
54
5
5
52
58
52
50
59
54
5
5
50
51
57
51
51
50
5
5
56
55
54
5
57
51
5
5
54
52
5
50
50
50
5
5
5
5
5
58
53
52
5
5
5
59
5
5
55
53
5
50
50
54
55
5
57
52
55
50
5
56
5
54
50
5
54
54
56
58
5
5
5
5
5
5
5
5
53
54
5
57
58
50
5
55
56
53
5
5
51
51
5
54
5
51
5
56
53
5
56
5
5
51
52
5
55
58
55
51
5
56
5
58
51
58
56
53
57
55
5
50
5
5
