174	37	32	31	18	16	15	11	8	7	6	6	6	5	5	5	5	5	4	3	3	3	3	3	3	3	3	3	2	2	2	2	2	2	2	2	2	2	2	2	2	2	2	2	2	2	2	2	2	2	2	2	1	1	1	1	1	1	1	1	1	1	1	1	1	1	1	1	1	1	1	1	1	1	1	1	1	1	1	1	1	1	1	1	1	1	1	1	1	1	1	1	1	1	1	1	1	1	1	1	1	1	1	1	1	1	1	1	1	1	
164	71	59	48	12	7	7	5	2	2	2	2	1	1	1	1	1	1	1	1	1	1	1	1	1	1	
11	10	10	9	8	8	8	7	7	7	7	6	6	6	5	5	5	4	4	4	4	4	4	3	2	2	2	2	2	2	2	2	2	2	1	1	1	1	1	1	1	1	1	1	1	1	1	1	1	1	1	1	1	1	1	1	1	
153	4	4	3	2	2	1	1	1	1	
92	20	7	5	4	3	2	2	2	2	2	2	1	1	1	1	1	1	1	1	1	1	1	1	1	1	1	1	
19	19	15	15	12	6	6	5	4	4	4	4	4	3	3	2	2	2	2	2	2	2	1	1	1	1	1	1	1	1	1	1	
62	7	6	6	6	5	4	2	2	2	2	1	1	1	1	1	1	1	1	1	1	1	1	1	1	1	1	1	1	1	1	1	1	1	1	1	1	1	1	1	
62	10	6	5	5	3	2	2	2	2	2	2	2	1	1	1	1	1	1	1	1	1	1	1	1	1	1	1	1	1	1	1	1	1	1	1	1	1	1	1	
53	5	4	4	4	4	3	3	2	2	2	2	2	2	1	1	1	1	1	1	1	1	1	1	1	1	1	1	1	1	1	1	
45	11	5	4	3	3	3	2	2	2	2	1	1	1	1	1	1	1	1	1	1	1	1	1	1	1	1	1	1	1	1	1	1	1	
31	12	4	4	4	3	3	2	2	2	2	2	1	1	1	1	1	1	1	1	1	1	1	1	1	1	1	1	1	1	1	1	1	1	1	1	
26	18	4	3	3	3	2	2	2	2	2	2	1	1	1	1	1	1	1	1	1	1	1	1	1	1	1	1	1	1	1	1	1	
67	8	5	2	2	1	1	1	1	1	
51	23	7	2	2	1	1	1	1	
38	12	12	5	2	2	2	2	2	1	1	1	1	1	1	1	1	1	1	1	
35	11	7	3	3	2	2	2	2	2	2	2	2	2	1	1	1	1	1	1	1	1	1	1	
37	14	7	6	4	4	3	1	1	1	1	1	1	1	1	
35	28	6	3	3	2	1	1	1	1	1	1	
38	10	7	6	4	3	2	2	2	1	1	1	1	1	1	
31	5	4	4	3	3	2	2	2	2	1	1	1	1	1	1	1	1	1	1	1	1	1	1	1	1	1	1	1	1	1	1	
19	5	3	2	2	2	2	2	2	2	2	2	2	2	1	1	1	1	1	1	1	1	1	1	1	1	1	1	1	1	1	1	1	1	1	1	1	1	1	1	1	1	
6	6	4	3	3	3	3	3	2	2	2	2	2	2	2	2	2	2	2	2	2	2	1	1	1	1	1	1	1	1	1	1	1	1	1	1	1	1	1	
5	4	3	3	3	2	2	2	2	2	2	2	1	1	1	1	1	1	1	1	1	1	1	1	1	1	1	1	1	1	1	1	1	1	1	1	1	1	1	1	1	1	1	1	1	1	1	1	1	1	1	1	1	
28	6	3	2	2	2	2	2	1	1	1	1	1	1	1	1	1	1	1	1	1	1	1	1	1	1	1	1	1	1	1	1	1	
40	5	3	2	2	2	2	2	1	1	1	1	1	1	1	1	1	1	1	1	1	
16	16	6	5	2	2	1	1	1	1	1	1	1	1	1	1	1	1	1	1	1	1	1	1	1	1	1	1	
35	8	5	4	2	2	1	1	1	1	1	1	1	1	1	1	1	1	
29	7	5	4	2	2	1	1	1	1	1	1	1	1	1	1	1	1	1	1	1	1	1	1	
19	13	8	4	2	2	2	2	1	1	1	1	1	1	1	1	1	1	1	1	1	1	1	
14	12	3	2	2	2	2	2	2	2	1	1	1	1	1	1	1	1	1	1	1	1	1	1	1	1	1	1	1	1	1	
18	8	7	7	3	3	2	2	2	2	2	2	1	1	1	1	1	1	
28	12	4	4	3	3	3	1	1	1	1	1	1	
12	9	9	4	3	3	2	2	2	1	1	1	1	1	1	1	1	1	1	1	1	
35	3	2	2	2	1	1	1	1	1	1	1	1	1	1	1	1	
19	14	5	2	2	2	1	1	1	1	1	1	1	1	1	1	1	
4	4	3	3	2	2	2	2	2	2	2	2	2	2	2	1	1	1	1	1	1	1	1	1	1	1	1	1	1	1	1	1	1	1	
35	3	3	1	1	1	1	1	1	1	1	1	1	1	1	
17	5	4	4	3	3	2	2	2	2	1	1	1	1	1	1	1	1	1	
10	7	5	4	3	2	2	2	2	1	1	1	1	1	1	1	1	1	1	1	1	1	1	1	1	
10	4	3	3	2	2	2	2	2	2	2	1	1	1	1	1	1	1	1	1	1	1	1	1	1	1	
9	9	6	3	3	3	2	2	2	1	1	1	1	1	1	1	1	1	
6	5	5	4	3	3	3	2	2	2	2	2	2	1	1	1	1	1	1	1	
11	10	4	3	2	2	1	1	1	1	1	1	1	1	1	1	1	1	1	1	1	
10	7	4	3	3	3	3	3	1	1	1	1	1	1	1	1	1	1	1	
15	6	6	5	4	2	2	1	1	1	1	1	1	1	
26	3	3	2	2	2	1	1	1	1	1	1	1	1	
11	6	3	2	2	2	1	1	1	1	1	1	1	1	1	1	1	1	1	1	1	1	1	1	1	
19	3	2	2	2	2	1	1	1	1	1	1	1	1	1	1	1	1	1	1	1	
22	2	2	2	2	1	1	1	1	1	1	1	1	1	1	1	1	1	1	
18	11	7	4	2	1	
21	2	2	2	2	2	2	1	1	1	1	1	1	1	1	1	
13	2	2	1	1	1	1	1	1	1	1	1	1	1	1	1	1	1	1	1	1	1	1	1	1	1	1	
33	7	1	
32	5	1	1	
11	10	7	4	1	1	1	1	1	1	1	
27	3	2	2	2	1	
14	2	2	1	1	1	1	1	1	1	1	1	1	1	1	1	1	1	1	1	1	1	
9	6	4	3	3	2	2	2	1	1	1	1	1	1	
27	4	2	1	1	1	1	
19	6	2	2	2	1	1	1	1	1	
9	3	2	2	2	2	2	2	2	2	2	1	1	1	1	1	
29	2	2	1	1	
30	2	1	1	1	
10	4	4	3	3	3	2	1	1	1	1	1	
11	2	2	2	2	2	2	1	1	1	1	1	1	1	1	1	1	1	
15	4	3	3	2	1	1	1	1	1	1	1	
10	5	4	3	2	2	1	1	1	1	1	1	1	1	
13	4	4	3	2	2	2	1	1	1	
14	3	2	1	1	1	1	1	1	1	1	1	1	1	1	1	1	
20	3	1	1	1	1	1	1	1	1	1	
10	5	2	2	1	1	1	1	1	1	1	1	1	1	1	1	
24	2	2	1	1	1	
16	2	2	1	1	1	1	1	1	1	1	1	1	
26	3	1	
10	8	4	1	1	1	1	1	1	1	1	
9	6	2	2	2	1	1	1	1	1	1	1	1	1	
3	2	2	2	2	2	1	1	1	1	1	1	1	1	1	1	1	1	1	1	1	1	
19	7	1	1	1	
3	1	1	1	1	1	1	1	1	1	1	1	1	1	1	1	1	1	1	1	1	1	1	1	1	1	1	
3	2	2	2	2	2	1	1	1	1	1	1	1	1	1	1	1	1	1	1	1	1	
18	2	1	1	1	1	1	1	1	1	1	
3	3	2	2	2	2	1	1	1	1	1	1	1	1	1	1	1	1	1	1	
2	2	2	1	1	1	1	1	1	1	1	1	1	1	1	1	1	1	1	1	1	1	1	1	1	
3	3	2	2	2	2	1	1	1	1	1	1	1	1	1	1	1	1	1	1	
10	4	2	2	1	1	1	1	1	1	1	1	1	
24	1	1	1	
5	3	2	2	2	2	2	1	1	1	1	1	1	1	1	1	
5	5	5	3	2	1	1	1	1	1	1	1	
10	10	3	1	1	1	
7	4	2	2	1	1	1	1	1	1	1	1	1	1	1	
17	3	1	1	1	1	1	1	
20	1	1	1	1	1	
20	1	1	1	1	1	
17	2	1	1	1	1	1	1	
14	5	1	1	1	1	1	1	
7	2	2	2	2	2	1	1	1	1	1	1	1	
4	3	3	3	2	1	1	1	1	1	1	1	1	1	
9	4	3	3	1	1	1	1	1	
5	5	2	2	2	1	1	1	1	1	1	1	1	
8	5	2	2	1	1	1	1	1	1	1	
9	2	1	1	1	1	1	1	1	1	1	1	1	1	1	
13	4	3	2	1	1	
4	3	2	2	2	1	1	1	1	1	1	1	1	1	1	1	
2	2	2	1	1	1	1	1	1	1	1	1	1	1	1	1	1	1	1	1	
7	4	2	1	1	1	1	1	1	1	1	1	1	
7	4	2	2	2	2	1	1	1	1	
5	5	2	2	2	1	1	1	1	1	1	1	
22	
5	2	2	1	1	1	1	1	1	1	1	1	1	1	1	1	
12	4	3	1	1	
2	2	2	1	1	1	1	1	1	1	1	1	1	1	1	1	1	1	
3	2	2	2	2	1	1	1	1	1	1	1	1	1	1	
12	4	1	1	1	1	1	
6	4	3	2	1	1	1	1	1	1	
13	7	1	
6	3	1	1	1	1	1	1	1	1	1	1	1	1	
3	2	2	1	1	1	1	1	1	1	1	1	1	1	1	1	
8	2	1	1	1	1	1	1	1	1	1	1	
2	2	1	1	1	1	1	1	1	1	1	1	1	1	1	1	1	1	
11	1	1	1	1	1	1	1	1	1	
12	5	1	1	1	
5	5	2	2	1	1	1	1	1	1	
9	2	2	1	1	1	1	1	1	1	
2	2	2	2	1	1	1	1	1	1	1	1	1	1	1	
7	4	3	2	2	1	
5	4	3	2	1	1	1	1	1	
6	4	1	1	1	1	1	1	1	1	1	
12	2	1	1	1	1	1	
4	3	2	1	1	1	1	1	1	1	1	1	1	
2	2	2	1	1	1	1	1	1	1	1	1	1	1	1	1	
14	4	1	
3	3	2	2	2	2	1	1	1	1	
7	5	3	1	1	1	
7	2	1	1	1	1	1	1	1	1	1	
3	2	1	1	1	1	1	1	1	1	1	1	1	1	1	
2	2	2	1	1	1	1	1	1	1	1	1	1	1	1	
6	2	1	1	1	1	1	1	1	1	1	1	
4	4	2	1	1	1	1	1	1	1	1	
8	2	2	1	1	1	1	1	1	
7	2	2	1	1	1	1	1	1	1	
6	5	3	1	1	1	1	
8	2	1	1	1	1	1	1	1	1	
11	3	2	1	1	
5	3	2	2	2	1	1	1	1	
7	4	2	1	1	1	1	1	
16	1	1	
4	4	3	2	2	1	1	
8	2	2	2	2	1	
12	3	1	1	
4	3	1	1	1	1	1	1	1	1	1	1	
3	3	3	2	1	1	1	1	1	1	
5	5	3	2	1	1	
13	1	1	1	1	
5	2	2	2	2	1	1	1	1	
3	2	1	1	1	1	1	1	1	1	1	1	1	1	
2	2	1	1	1	1	1	1	1	1	1	1	1	1	1	
12	4	
4	4	2	2	1	1	1	1	
6	2	2	1	1	1	1	1	1	
8	6	1	1	
3	2	1	1	1	1	1	1	1	1	1	1	1	
7	4	1	1	1	1	1	
10	6	
10	3	1	1	1	
3	2	1	1	1	1	1	1	1	1	1	1	
6	2	2	1	1	1	1	1	
12	2	1	
4	2	2	2	1	1	1	1	1	
9	2	2	1	1	
2	1	1	1	1	1	1	1	1	1	1	1	1	1	
2	2	2	1	1	1	1	1	1	1	1	1	
13	1	1	
4	3	2	2	1	1	1	1	
5	3	3	2	1	1	
3	3	2	2	1	1	1	1	1	
3	2	2	2	2	2	1	1	
6	5	1	1	1	1	
3	2	2	1	1	1	1	1	1	1	1	
7	3	2	1	1	
4	2	1	1	1	1	1	1	1	1	
7	2	1	1	1	1	1	
2	2	1	1	1	1	1	1	1	1	1	1	
2	2	1	1	1	1	1	1	1	1	1	1	
3	3	2	2	1	1	1	1	
14	
14	
4	3	3	2	1	1	
10	1	1	1	1	
7	2	1	1	1	1	1	
3	2	2	2	2	1	1	1	
10	3	1	
5	1	1	1	1	1	1	1	1	
4	3	2	1	1	1	1	
3	2	2	1	1	1	1	1	1	
6	2	1	1	1	1	1	
5	2	1	1	1	1	1	1	
5	4	2	1	1	
5	2	2	1	1	1	1	
1	1	1	1	1	1	1	1	1	1	1	1	1	
5	4	2	1	1	
3	2	2	2	1	1	1	1	
8	1	1	1	1	1	
5	2	2	1	1	1	1	
5	1	1	1	1	1	1	1	1	
3	2	1	1	1	1	1	1	1	1	
4	3	2	2	1	1	
2	2	1	1	1	1	1	1	1	1	1	
7	1	1	1	1	1	1	
4	4	2	1	1	1	
4	3	2	1	1	1	1	
5	2	1	1	1	1	1	1	
8	3	1	
4	4	1	1	1	1	
4	3	2	1	1	1	
7	2	2	1	
5	2	2	1	1	1	
7	1	1	1	1	1	
3	2	2	1	1	1	1	1	
7	5	
6	3	1	1	1	
2	2	1	1	1	1	1	1	1	1	
9	2	1	
3	3	1	1	1	1	1	1	
7	1	1	1	1	1	
6	2	2	1	1	
2	1	1	1	1	1	1	1	1	1	1	
4	2	1	1	1	1	1	1	
2	2	1	1	1	1	1	1	1	1	
4	2	2	2	1	1	
2	2	1	1	1	1	1	1	1	1	
3	2	1	1	1	1	1	1	1	
3	2	1	1	1	1	1	1	1	
3	2	1	1	1	1	1	1	
8	2	1	
8	1	1	1	
2	2	2	1	1	1	1	1	
2	1	1	1	1	1	1	1	1	1	
4	4	1	1	1	
2	2	1	1	1	1	1	1	1	
4	1	1	1	1	1	1	1	
2	2	1	1	1	1	1	1	1	
2	1	1	1	1	1	1	1	1	1	
4	2	2	1	1	1	
4	2	1	1	1	1	1	
6	1	1	1	1	1	
1	1	1	1	1	1	1	1	1	1	1	
6	2	1	1	1	
3	1	1	1	1	1	1	1	1	
8	2	1	
2	2	2	1	1	1	1	1	
3	1	1	1	1	1	1	1	1	
5	2	1	1	1	1	
7	2	1	1	
2	1	1	1	1	1	1	1	1	1	
5	4	2	
3	2	1	1	1	1	1	1	
5	2	1	1	1	
3	2	1	1	1	1	1	
4	2	1	1	1	1	
2	1	1	1	1	1	1	1	1	
1	1	1	1	1	1	1	1	1	1	
7	1	1	1	
2	1	1	1	1	1	1	1	1	
9	1	
3	2	1	1	1	1	1	
2	2	2	1	1	1	1	
2	1	1	1	1	1	1	1	1	
2	1	1	1	1	1	1	1	1	
1	1	1	1	1	1	1	1	1	1	
7	2	1	
2	2	1	1	1	1	1	1	
5	2	1	1	1	
4	3	3	
6	2	1	1	
2	1	1	1	1	1	1	1	1	
2	2	1	1	1	1	1	1	
3	1	1	1	1	1	1	1	
3	2	2	1	1	1	
4	1	1	1	1	1	1	
4	1	1	1	1	1	1	
5	3	2	
2	2	2	1	1	1	1	
2	1	1	1	1	1	1	1	1	
2	2	1	1	1	1	1	1	
3	2	1	1	1	1	1	
2	2	2	1	1	1	1	
4	1	1	1	1	1	
3	1	1	1	1	1	1	
3	2	1	1	1	1	
3	2	1	1	1	1	
4	1	1	1	1	1	
3	1	1	1	1	1	1	
2	1	1	1	1	1	1	1	
4	1	1	1	1	1	
3	2	2	1	1	
5	1	1	1	1	
4	2	1	1	1	
5	2	1	1	
6	1	1	1	
4	2	1	1	1	
3	2	1	1	1	1	
3	3	1	1	1	
2	2	2	1	1	1	
3	2	1	1	1	1	
3	2	1	1	1	1	
4	2	2	1	
1	1	1	1	1	1	1	1	1	
4	1	1	1	1	1	
8	1	
2	2	1	1	1	1	1	
4	1	1	1	1	1	
2	2	1	1	1	1	1	
4	2	1	1	1	
6	1	1	1	
4	1	1	1	1	1	
5	2	1	1	
1	1	1	1	1	1	1	1	1	
1	1	1	1	1	1	1	1	1	
5	2	1	1	
5	1	1	1	1	
3	2	1	1	1	1	
1	1	1	1	1	1	1	1	1	
4	2	1	1	
3	1	1	1	1	1	
1	1	1	1	1	1	1	1	
2	2	1	1	1	1	
5	1	1	1	
3	1	1	1	1	1	
3	2	1	1	1	
4	2	1	1	
7	1	
6	1	1	
5	1	1	1	
8	
8	
3	2	1	1	1	
6	1	1	
2	1	1	1	1	1	1	
5	1	1	1	
2	2	1	1	1	1	
2	2	2	1	1	
2	2	2	1	1	
4	3	1	
3	1	1	1	1	1	
3	2	1	1	1	
2	2	1	1	1	1	
3	1	1	1	1	1	
6	2	
2	2	1	1	1	1	
2	2	1	1	1	1	
2	1	1	1	1	1	1	
7	1	
5	1	1	1	
8	
3	1	1	1	1	1	
2	1	1	1	1	1	
2	1	1	1	1	1	
3	2	1	1	
3	1	1	1	1	
4	1	1	1	
2	1	1	1	1	1	
3	1	1	1	1	
4	1	1	1	
3	2	1	1	
4	2	1	
3	1	1	1	1	
4	2	1	
2	1	1	1	1	1	
5	1	1	
2	1	1	1	1	1	
3	2	1	1	
2	1	1	1	1	1	
5	1	1	
4	1	1	1	
4	1	1	1	
2	1	1	1	1	1	
3	2	1	1	
4	1	1	1	
2	1	1	1	1	1	
3	1	1	1	1	
2	2	1	1	1	
2	2	1	1	1	
1	1	1	1	1	1	1	
5	1	1	
2	2	1	1	1	
2	1	1	1	1	1	
2	2	1	1	1	
2	2	1	1	1	
3	2	1	1	
3	1	1	1	1	
3	3	1	
2	1	1	1	1	1	
4	1	1	1	
4	1	1	1	
4	1	1	1	
1	1	1	1	1	1	1	
3	1	1	1	1	
4	2	1	
2	1	1	1	1	1	
1	1	1	1	1	1	1	
2	1	1	1	1	1	
2	1	1	1	1	1	
3	1	1	1	1	
1	1	1	1	1	1	1	
1	1	1	1	1	1	1	
5	1	1	
3	1	1	1	1	
2	2	1	1	1	
1	1	1	1	1	1	
2	2	2	
5	1	
1	1	1	1	1	1	
3	2	1	
5	1	
1	1	1	1	1	1	
1	1	1	1	1	1	
2	1	1	1	1	
2	1	1	1	1	
2	2	1	1	
5	1	
2	1	1	1	1	
1	1	1	1	1	1	
4	1	1	
2	1	1	1	1	
1	1	1	1	1	1	
2	1	1	1	1	
4	1	1	
2	2	1	1	
2	1	1	1	1	
1	1	1	1	1	1	
1	1	1	1	1	1	
1	1	1	1	1	1	
2	2	2	
2	2	1	1	
5	1	
3	2	1	
2	2	1	1	
2	1	1	1	1	
5	1	
5	1	
3	1	1	1	
2	2	2	
1	1	1	1	1	1	
3	1	1	1	
2	1	1	1	1	
3	1	1	1	
4	1	1	
3	2	1	
3	1	1	1	
5	1	
2	1	1	1	1	
2	1	1	1	1	
2	1	1	1	1	
2	1	1	1	1	
3	1	1	1	
2	1	1	1	1	
3	1	1	1	
2	1	1	1	1	
4	2	
6	
2	1	1	1	1	
2	1	1	1	1	
1	1	1	1	1	1	
2	1	1	1	1	
2	1	1	1	1	
3	1	1	1	
5	1	
2	2	1	1	
5	1	
1	1	1	1	1	1	
3	1	1	1	
6	
2	1	1	1	1	
4	1	1	
5	1	
2	1	1	1	1	
1	1	1	1	1	1	
1	1	1	1	1	1	
1	1	1	1	1	1	
2	1	1	1	1	
2	1	1	1	1	
2	1	1	1	1	
2	2	1	1	
4	2	
1	1	1	1	1	1	
3	2	1	
4	1	1	
5	1	
6	
1	1	1	1	1	1	
1	1	1	1	1	1	
3	1	1	1	
1	1	1	1	1	1	
1	1	1	1	1	1	
2	1	1	1	1	
4	1	1	
1	1	1	1	1	1	
2	1	1	1	1	
6	
3	2	1	
1	1	1	1	1	1	
5	1	
2	2	1	1	
2	2	1	1	
2	2	1	1	
2	1	1	1	1	
5	1	
3	2	1	
6	
1	1	1	1	1	1	
2	1	1	1	1	
1	1	1	1	1	1	
3	2	1	
1	1	1	1	1	
2	1	1	1	
4	1	
2	1	1	1	
1	1	1	1	1	
3	1	1	
1	1	1	1	1	
4	1	
3	1	1	
4	1	
1	1	1	1	1	
1	1	1	1	1	
3	2	
2	1	1	1	
1	1	1	1	1	
1	1	1	1	1	
2	1	1	1	
2	1	1	1	
2	1	1	1	
2	1	1	1	
5	
3	1	1	
1	1	1	1	1	
1	1	1	1	1	
3	1	1	
2	1	1	1	
2	1	1	1	
1	1	1	1	1	
5	
3	1	1	
1	1	1	1	1	
3	1	1	
2	1	1	1	
1	1	1	1	1	
1	1	1	1	1	
3	1	1	
1	1	1	1	1	
2	1	1	1	
2	1	1	1	
2	1	1	1	
2	1	1	1	
1	1	1	1	1	
2	1	1	1	
2	1	1	1	
1	1	1	1	1	
2	1	1	1	
1	1	1	1	1	
2	2	1	
4	1	
1	1	1	1	1	
2	1	1	1	
1	1	1	1	1	
2	1	1	1	
1	1	1	1	1	
3	1	1	
4	1	
3	1	1	
4	1	
2	1	1	1	
4	1	
1	1	1	1	1	
3	1	1	
3	1	1	
3	1	1	
2	1	1	1	
1	1	1	1	1	
3	1	1	
2	1	1	1	
1	1	1	1	1	
1	1	1	1	1	
1	1	1	1	1	
2	1	1	1	
3	1	1	
2	1	1	1	
1	1	1	1	1	
5	
2	1	1	1	
3	1	1	
2	2	1	
5	
4	1	
2	1	1	1	
2	1	1	1	
2	1	1	1	
2	1	1	1	
4	1	
5	
5	
2	1	1	1	
5	
4	1	
3	1	1	
2	1	1	1	
2	1	1	1	
2	1	1	1	
3	1	1	
1	1	1	1	1	
1	1	1	1	1	
1	1	1	1	1	
2	2	1	
1	1	1	1	1	
1	1	1	1	1	
1	1	1	1	1	
5	
2	1	1	1	
3	1	1	
1	1	1	1	1	
5	
2	1	1	1	
3	1	1	
4	1	
2	1	1	1	
3	1	1	
1	1	1	1	1	
5	
3	1	1	
1	1	1	1	1	
1	1	1	1	1	
5	
2	1	1	1	
2	1	1	1	
2	1	1	1	
2	2	1	
4	1	
3	1	1	
2	2	1	
2	2	1	
1	1	1	1	1	
2	1	1	1	
2	2	1	
5	
2	1	1	1	
3	1	1	
1	1	1	1	1	
2	1	1	1	
3	2	
1	1	1	1	1	
2	1	1	1	
1	1	1	1	1	
1	1	1	1	1	
4	1	
2	1	1	1	
1	1	1	1	
1	1	1	1	
3	1	
1	1	1	1	
2	1	1	
2	1	1	
3	1	
1	1	1	1	
2	1	1	
2	1	1	
1	1	1	1	
4	
3	1	
1	1	1	1	
2	1	1	
1	1	1	1	
3	1	
2	1	1	
2	2	
2	1	1	
3	1	
2	1	1	
2	1	1	
2	1	1	
4	
2	1	1	
3	1	
2	2	
1	1	1	1	
1	1	1	1	
1	1	1	1	
4	
2	1	1	
3	1	
1	1	1	1	
2	1	1	
1	1	1	1	
3	1	
3	1	
1	1	1	1	
4	
1	1	1	1	
2	1	1	
2	2	
2	1	1	
3	1	
3	1	
1	1	1	1	
1	1	1	1	
2	1	1	
1	1	1	1	
2	1	1	
1	1	1	1	
2	1	1	
1	1	1	1	
2	1	1	
2	1	1	
1	1	1	1	
1	1	1	1	
2	1	1	
3	1	
2	1	1	
1	1	1	1	
2	1	1	
1	1	1	1	
4	
2	1	1	
1	1	1	1	
2	1	1	
2	1	1	
3	1	
2	1	1	
1	1	1	1	
2	2	
2	1	1	
1	1	1	1	
3	1	
1	1	1	1	
1	1	1	1	
1	1	1	1	
2	1	1	
2	1	1	
2	1	1	
1	1	1	1	
1	1	1	1	
2	1	1	
1	1	1	1	
1	1	1	1	
3	1	
1	1	1	1	
1	1	1	1	
1	1	1	1	
1	1	1	1	
2	1	1	
1	1	1	1	
3	1	
2	1	1	
1	1	1	1	
2	1	1	
2	1	1	
1	1	1	1	
4	
3	1	
1	1	1	1	
2	2	
1	1	1	1	
1	1	1	1	
2	1	1	
2	2	
3	1	
1	1	1	1	
1	1	1	1	
2	2	
2	1	1	
1	1	1	1	
4	
2	1	1	
2	1	1	
2	1	1	
1	1	1	1	
3	1	
2	1	1	
1	1	1	1	
1	1	1	1	
2	1	1	
2	1	1	
1	1	1	1	
2	1	1	
2	1	1	
1	1	1	1	
2	1	1	
4	
2	1	1	
3	1	
3	1	
2	2	
3	1	
1	1	1	1	
3	1	
2	1	1	
2	1	1	
4	
2	1	1	
2	1	1	
2	2	
2	1	1	
1	1	1	1	
2	1	1	
4	
3	1	
3	1	
2	1	1	
2	1	1	
3	1	
4	
2	1	1	
2	1	1	
2	1	1	
1	1	1	1	
1	1	1	1	
3	1	
2	2	
1	1	1	1	
1	1	1	1	
1	1	1	1	
1	1	1	1	
1	1	1	1	
1	1	1	1	
1	1	1	1	
2	1	1	
3	1	
1	1	1	1	
2	2	
1	1	1	1	
1	1	1	1	
2	1	1	
2	1	1	
2	1	1	
2	1	1	
3	1	
2	1	1	
2	1	1	
2	2	
1	1	1	1	
3	1	
2	1	1	
2	1	1	
2	1	1	
2	1	1	
1	1	1	1	
3	1	
2	1	1	
1	1	1	1	
3	1	
1	1	1	1	
2	1	1	
2	1	1	
2	1	1	
1	1	1	1	
2	1	1	
4	
2	2	
3	1	
1	1	1	1	
1	1	1	1	
1	1	1	1	
2	1	1	
1	1	1	1	
4	
2	1	1	
1	1	1	1	
3	1	
2	2	
2	1	1	
3	1	
3	
3	
2	1	
3	
2	1	
1	1	1	
1	1	1	
1	1	1	
3	
3	
1	1	1	
1	1	1	
1	1	1	
1	1	1	
1	1	1	
2	1	
1	1	1	
1	1	1	
2	1	
2	1	
2	1	
2	1	
2	1	
3	
2	1	
1	1	1	
1	1	1	
2	1	
3	
2	1	
1	1	1	
1	1	1	
1	1	1	
1	1	1	
1	1	1	
1	1	1	
1	1	1	
2	1	
1	1	1	
1	1	1	
2	1	
1	1	1	
1	1	1	
1	1	1	
1	1	1	
2	1	
3	
1	1	1	
1	1	1	
1	1	1	
1	1	1	
2	1	
1	1	1	
2	1	
3	
1	1	1	
3	
3	
1	1	1	
1	1	1	
2	1	
1	1	1	
1	1	1	
1	1	1	
3	
2	1	
1	1	1	
1	1	1	
2	1	
3	
2	1	
2	1	
1	1	1	
1	1	1	
2	1	
1	1	1	
3	
1	1	1	
3	
1	1	1	
1	1	1	
1	1	1	
2	1	
1	1	1	
1	1	1	
1	1	1	
2	1	
1	1	1	
1	1	1	
2	1	
1	1	1	
1	1	1	
2	1	
3	
2	1	
2	1	
1	1	1	
1	1	1	
3	
2	1	
1	1	1	
3	
1	1	1	
1	1	1	
1	1	1	
1	1	1	
3	
1	1	1	
1	1	1	
1	1	1	
1	1	1	
2	1	
1	1	1	
1	1	1	
2	1	
1	1	1	
2	1	
3	
1	1	1	
2	1	
1	1	1	
3	
2	1	
2	1	
2	1	
1	1	1	
3	
1	1	1	
1	1	1	
1	1	1	
2	1	
2	1	
2	1	
1	1	1	
2	1	
1	1	1	
2	1	
2	1	
1	1	1	
2	1	
3	
3	
1	1	1	
1	1	1	
3	
1	1	1	
2	1	
2	1	
3	
2	1	
1	1	1	
3	
1	1	1	
1	1	1	
1	1	1	
1	1	1	
1	1	1	
2	1	
2	1	
1	1	1	
1	1	1	
1	1	1	
1	1	1	
3	
1	1	1	
3	
1	1	1	
2	1	
1	1	1	
2	1	
1	1	1	
1	1	1	
1	1	1	
2	1	
2	1	
1	1	1	
1	1	1	
1	1	1	
1	1	1	
1	1	1	
2	1	
1	1	1	
1	1	1	
1	1	1	
1	1	1	
1	1	1	
2	1	
2	1	
2	1	
2	1	
1	1	1	
2	1	
2	1	
1	1	1	
2	1	
2	1	
2	1	
2	1	
2	1	
2	1	
3	
1	1	1	
1	1	1	
1	1	1	
2	1	
1	1	1	
2	1	
2	1	
1	1	1	
1	1	1	
1	1	1	
2	1	
2	1	
2	1	
1	1	1	
2	1	
1	1	1	
1	1	1	
1	1	1	
1	1	1	
1	1	1	
1	1	1	
1	1	1	
1	1	1	
1	1	1	
1	1	1	
3	
2	1	
1	1	1	
1	1	1	
2	1	
1	1	1	
1	1	1	
3	
2	1	
2	1	
2	1	
3	
3	
2	1	
2	1	
1	1	1	
1	1	1	
2	1	
2	1	
1	1	1	
1	1	1	
3	
1	1	1	
1	1	1	
2	1	
1	1	1	
2	1	
1	1	1	
1	1	1	
1	1	1	
1	1	1	
1	1	1	
2	1	
2	1	
2	1	
1	1	1	
1	1	1	
2	1	
2	1	
2	1	
1	1	1	
3	
3	
1	1	1	
2	1	
1	1	1	
1	1	1	
1	1	1	
3	
3	
2	1	
1	1	1	
1	1	1	
2	1	
1	1	1	
2	1	
2	1	
1	1	1	
2	1	
2	1	
1	1	1	
1	1	1	
1	1	1	
2	1	
1	1	1	
2	1	
1	1	1	
2	1	
2	1	
2	1	
1	1	1	
2	1	
1	1	1	
2	1	
2	1	
2	1	
1	1	1	
2	1	
1	1	1	
2	1	
1	1	1	
1	1	1	
1	1	1	
1	1	1	
2	1	
2	1	
1	1	1	
3	
1	1	1	
1	1	1	
2	1	
3	
2	1	
2	1	
2	1	
1	1	1	
2	1	
2	1	
3	
1	1	1	
1	1	1	
1	1	1	
2	1	
1	1	1	
1	1	1	
1	1	1	
2	1	
1	1	1	
2	1	
1	1	1	
1	1	1	
2	1	
1	1	1	
1	1	1	
1	1	1	
1	1	1	
1	1	1	
2	1	
1	1	1	
2	1	
3	
2	1	
1	1	1	
2	1	
3	
2	1	
1	1	1	
2	1	
2	1	
1	1	1	
3	
2	1	
1	1	1	
2	1	
1	1	1	
3	
1	1	1	
1	1	1	
1	1	1	
1	1	1	
3	
2	1	
3	
2	1	
1	1	1	
1	1	1	
2	1	
1	1	1	
2	
2	
2	
1	1	
1	1	
1	1	
2	
1	1	
1	1	
2	
2	
1	1	
2	
1	1	
2	
1	1	
2	
2	
2	
1	1	
2	
1	1	
1	1	
1	1	
1	1	
2	
1	1	
1	1	
1	1	
1	1	
1	1	
1	1	
2	
2	
1	1	
1	1	
1	1	
1	1	
1	1	
1	1	
1	1	
2	
1	1	
1	1	
2	
1	1	
1	1	
2	
2	
2	
1	1	
1	1	
1	1	
2	
1	1	
1	1	
2	
1	1	
2	
1	1	
1	1	
1	1	
2	
1	1	
1	1	
1	1	
1	1	
1	1	
1	1	
1	1	
1	1	
1	1	
2	
1	1	
1	1	
1	1	
1	1	
1	1	
1	1	
1	1	
1	1	
1	1	
1	1	
2	
1	1	
1	1	
1	1	
1	1	
2	
1	1	
1	1	
1	1	
2	
1	1	
2	
1	1	
1	1	
2	
1	1	
1	1	
2	
1	1	
2	
1	1	
1	1	
2	
1	1	
1	1	
2	
1	1	
1	1	
1	1	
1	1	
2	
1	1	
1	1	
1	1	
1	1	
2	
1	1	
1	1	
2	
1	1	
2	
1	1	
2	
1	1	
2	
2	
1	1	
1	1	
1	1	
2	
1	1	
1	1	
2	
1	1	
2	
1	1	
1	1	
1	1	
2	
1	1	
1	1	
1	1	
1	1	
1	1	
1	1	
1	1	
1	1	
1	1	
1	1	
1	1	
2	
1	1	
2	
1	1	
1	1	
1	1	
1	1	
2	
1	1	
1	1	
1	1	
1	1	
2	
1	1	
2	
2	
2	
1	1	
1	1	
2	
1	1	
2	
2	
1	1	
1	1	
2	
2	
1	1	
2	
1	1	
1	1	
1	1	
1	1	
2	
1	1	
1	1	
1	1	
1	1	
2	
1	1	
1	1	
1	1	
1	1	
1	1	
1	1	
1	1	
1	1	
1	1	
1	1	
1	1	
2	
2	
1	1	
1	1	
1	1	
1	1	
1	1	
2	
2	
1	1	
1	1	
1	1	
2	
1	1	
1	1	
1	1	
2	
1	1	
2	
1	1	
2	
1	1	
1	1	
2	
1	1	
2	
2	
1	1	
1	1	
1	1	
2	
2	
1	1	
1	1	
1	1	
2	
1	1	
1	1	
1	1	
1	1	
1	1	
1	1	
1	1	
1	1	
1	1	
1	1	
2	
1	1	
1	1	
1	1	
1	1	
1	1	
2	
1	1	
1	1	
2	
2	
2	
1	1	
1	1	
1	1	
1	1	
1	1	
2	
2	
1	1	
1	1	
1	1	
1	1	
1	1	
2	
1	1	
1	1	
1	1	
1	1	
2	
2	
1	1	
2	
2	
1	1	
1	1	
2	
1	1	
1	1	
1	1	
1	1	
1	1	
1	1	
1	1	
1	1	
2	
1	1	
1	1	
2	
2	
1	1	
1	1	
2	
2	
1	1	
2	
1	1	
1	1	
1	1	
1	1	
1	1	
1	1	
1	1	
1	1	
1	1	
2	
1	1	
2	
1	1	
1	1	
1	1	
1	1	
2	
2	
2	
1	1	
1	1	
2	
2	
1	1	
1	1	
1	1	
1	1	
1	1	
2	
2	
2	
1	1	
2	
1	1	
1	1	
1	1	
2	
1	1	
1	1	
2	
1	1	
1	1	
1	1	
2	
1	1	
1	1	
2	
1	1	
1	1	
2	
2	
1	1	
1	1	
2	
2	
1	1	
1	1	
2	
1	1	
2	
1	1	
2	
1	1	
1	1	
1	1	
1	1	
1	1	
1	1	
1	1	
1	1	
1	1	
1	1	
1	1	
1	1	
1	1	
1	1	
2	
1	1	
1	1	
1	1	
1	1	
1	1	
1	1	
1	1	
1	1	
1	1	
1	1	
1	1	
2	
2	
1	1	
1	1	
1	1	
1	1	
2	
2	
1	1	
1	1	
1	1	
1	1	
1	1	
2	
1	1	
2	
1	1	
2	
1	1	
2	
2	
2	
1	1	
1	1	
1	1	
1	1	
1	1	
1	1	
1	1	
1	1	
1	1	
2	
2	
1	1	
1	1	
1	1	
2	
2	
1	1	
1	1	
1	1	
1	1	
1	1	
1	1	
2	
1	1	
1	1	
1	1	
2	
1	1	
1	1	
1	1	
1	1	
2	
2	
1	1	
1	1	
1	1	
2	
1	1	
1	1	
2	
1	1	
1	1	
2	
1	1	
1	1	
1	1	
2	
1	1	
1	1	
2	
1	1	
1	1	
1	1	
1	1	
1	1	
2	
1	1	
1	1	
1	1	
1	1	
1	1	
2	
1	1	
2	
2	
1	1	
1	1	
1	1	
1	1	
2	
2	
2	
1	1	
2	
1	1	
2	
1	1	
2	
1	1	
2	
1	1	
1	1	
2	
2	
1	1	
1	1	
1	1	
2	
1	1	
1	1	
1	1	
1	1	
2	
1	1	
1	1	
1	1	
1	1	
1	1	
1	1	
1	1	
1	1	
1	1	
1	1	
1	1	
1	1	
1	1	
1	1	
1	1	
1	1	
1	1	
1	1	
2	
1	1	
2	
2	
1	1	
1	1	
1	1	
1	1	
2	
1	1	
1	1	
1	1	
2	
1	1	
1	1	
2	
1	1	
1	1	
1	1	
1	1	
2	
1	1	
2	
1	1	
1	1	
1	1	
1	1	
1	1	
1	1	
1	1	
2	
2	
1	1	
1	1	
2	
2	
1	1	
1	1	
1	1	
2	
1	1	
2	
1	1	
1	1	
1	1	
2	
1	1	
2	
2	
2	
1	1	
1	1	
1	1	
1	1	
2	
2	
1	1	
1	1	
1	1	
1	1	
1	1	
2	
2	
2	
1	1	
2	
1	1	
1	1	
1	1	
2	
2	
1	1	
1	1	
1	1	
1	1	
2	
1	1	
1	1	
2	
2	
1	1	
1	1	
1	1	
1	1	
1	1	
1	1	
1	1	
1	1	
1	1	
2	
1	1	
2	
2	
1	1	
2	
1	1	
1	1	
1	1	
1	1	
1	1	
1	1	
1	1	
1	1	
1	1	
2	
1	1	
1	1	
1	1	
1	1	
2	
2	
2	
1	1	
2	
1	1	
1	1	
2	
2	
2	
1	1	
1	1	
1	1	
1	1	
1	1	
1	1	
1	1	
1	1	
2	
1	1	
1	1	
2	
1	1	
2	
1	1	
2	
2	
1	1	
2	
1	1	
1	1	
1	1	
1	1	
2	
2	
1	1	
2	
1	1	
1	1	
1	1	
1	1	
1	1	
2	
1	1	
1	1	
1	1	
2	
1	1	
1	1	
1	1	
2	
1	1	
1	1	
1	1	
1	1	
1	1	
1	1	
1	1	
1	1	
1	1	
2	
1	1	
2	
1	1	
2	
1	1	
1	1	
1	1	
2	
1	1	
1	1	
2	
1	1	
1	1	
1	1	
1	1	
1	1	
1	1	
1	1	
1	1	
1	1	
1	1	
2	
1	1	
1	1	
1	1	
1	1	
1	1	
2	
1	1	
1	1	
1	1	
1	1	
1	1	
1	1	
1	1	
2	
1	1	
1	1	
1	1	
2	
1	1	
2	
1	1	
1	1	
2	
1	1	
1	1	
1	1	
1	1	
2	
1	1	
1	1	
1	1	
1	1	
1	1	
1	1	
1	1	
2	
1	1	
1	1	
1	1	
2	
1	1	
1	1	
2	
2	
1	1	
1	1	
1	1	
2	
2	
1	1	
1	1	
2	
2	
1	1	
2	
1	1	
1	1	
2	
1	1	
2	
1	1	
1	1	
2	
1	1	
1	1	
1	1	
1	1	
1	1	
1	1	
1	1	
1	1	
2	
1	1	
2	
1	1	
2	
2	
1	1	
2	
1	1	
1	1	
1	1	
2	
1	1	
1	1	
1	1	
1	1	
1	1	
2	
1	1	
1	1	
2	
1	1	
2	
1	1	
1	1	
1	1	
1	1	
1	1	
1	1	
2	
2	
1	1	
1	1	
2	
1	1	
2	
1	1	
2	
2	
1	
1	
1	
1	
1	
1	
1	
1	
1	
1	
1	
1	
1	
1	
1	
1	
1	
1	
1	
1	
1	
1	
1	
1	
1	
1	
1	
1	
1	
1	
1	
1	
1	
1	
1	
1	
1	
1	
1	
1	
1	
1	
1	
1	
1	
1	
1	
1	
1	
1	
1	
1	
1	
1	
1	
1	
1	
1	
1	
1	
1	
1	
1	
1	
1	
1	
1	
1	
1	
1	
1	
1	
1	
1	
1	
1	
1	
1	
1	
1	
1	
1	
1	
1	
1	
1	
1	
1	
1	
1	
1	
1	
1	
1	
1	
1	
1	
1	
1	
1	
1	
1	
1	
1	
1	
1	
1	
1	
1	
1	
1	
1	
1	
1	
1	
1	
1	
1	
1	
1	
1	
1	
1	
1	
1	
1	
1	
1	
1	
1	
1	
1	
1	
1	
1	
1	
1	
1	
1	
1	
1	
1	
1	
1	
1	
1	
1	
1	
1	
1	
1	
1	
1	
1	
1	
1	
1	
1	
1	
1	
1	
1	
1	
1	
1	
1	
1	
1	
1	
1	
1	
1	
1	
1	
1	
1	
1	
1	
1	
1	
1	
1	
1	
1	
1	
1	
1	
1	
1	
1	
1	
1	
1	
1	
1	
1	
1	
1	
1	
1	
1	
1	
1	
1	
1	
1	
1	
1	
1	
1	
1	
1	
1	
1	
1	
1	
1	
1	
1	
1	
1	
1	
1	
1	
1	
1	
1	
1	
1	
1	
1	
1	
1	
1	
1	
1	
1	
1	
1	
1	
1	
1	
1	
1	
1	
1	
1	
1	
1	
1	
1	
1	
1	
1	
1	
1	
1	
1	
1	
1	
1	
1	
1	
1	
1	
1	
1	
1	
1	
1	
1	
1	
1	
1	
1	
1	
1	
1	
1	
1	
1	
1	
1	
1	
1	
1	
1	
1	
1	
1	
1	
1	
1	
1	
1	
1	
1	
1	
1	
1	
1	
1	
1	
1	
1	
1	
1	
1	
1	
1	
1	
1	
1	
1	
1	
1	
1	
1	
1	
1	
1	
1	
1	
1	
1	
1	
1	
1	
1	
1	
1	
1	
1	
1	
1	
1	
1	
1	
1	
1	
1	
1	
1	
1	
1	
1	
1	
1	
1	
1	
1	
1	
1	
1	
1	
1	
1	
1	
1	
1	
1	
1	
1	
1	
1	
1	
1	
1	
1	
1	
1	
1	
1	
1	
1	
1	
1	
1	
1	
1	
1	
1	
1	
1	
1	
1	
1	
1	
1	
1	
1	
1	
1	
1	
1	
1	
1	
1	
1	
1	
1	
1	
1	
1	
1	
1	
1	
1	
1	
1	
1	
1	
1	
1	
1	
1	
1	
1	
1	
1	
1	
1	
1	
1	
1	
1	
1	
1	
1	
1	
1	
1	
1	
1	
1	
1	
1	
1	
1	
1	
1	
1	
1	
1	
1	
1	
1	
1	
1	
1	
1	
1	
1	
1	
1	
1	
1	
1	
1	
1	
1	
1	
1	
1	
1	
1	
1	
1	
1	
1	
1	
1	
1	
1	
1	
1	
1	
1	
1	
1	
1	
1	
1	
1	
1	
1	
1	
1	
1	
1	
1	
1	
1	
1	
1	
1	
1	
1	
1	
1	
1	
1	
1	
1	
1	
1	
1	
1	
1	
1	
1	
1	
1	
1	
1	
1	
1	
1	
1	
1	
1	
1	
1	
1	
1	
1	
1	
1	
1	
1	
1	
1	
1	
1	
1	
1	
1	
1	
1	
1	
1	
1	
1	
1	
1	
1	
1	
1	
1	
1	
1	
1	
1	
1	
1	
1	
1	
1	
1	
1	
1	
1	
1	
1	
1	
1	
1	
1	
1	
1	
1	
1	
1	
1	
1	
1	
1	
1	
1	
1	
1	
1	
1	
1	
1	
1	
1	
1	
1	
1	
1	
1	
1	
1	
1	
1	
1	
1	
1	
1	
1	
1	
1	
1	
1	
1	
1	
1	
1	
1	
1	
1	
1	
1	
1	
1	
1	
1	
1	
1	
1	
1	
1	
1	
1	
1	
1	
1	
1	
1	
1	
1	
1	
1	
1	
1	
1	
1	
1	
1	
1	
1	
1	
1	
1	
1	
1	
1	
1	
1	
1	
1	
1	
1	
1	
1	
1	
1	
1	
1	
1	
1	
1	
1	
1	
1	
1	
1	
1	
1	
1	
1	
1	
1	
1	
1	
1	
1	
1	
1	
1	
1	
1	
1	
1	
1	
1	
1	
1	
1	
1	
1	
1	
1	
1	
1	
1	
1	
1	
1	
1	
1	
1	
1	
1	
1	
1	
1	
1	
1	
1	
1	
1	
1	
1	
1	
1	
1	
1	
1	
1	
1	
1	
1	
1	
1	
1	
1	
1	
1	
1	
1	
1	
1	
1	
1	
1	
1	
1	
1	
1	
1	
1	
1	
1	
1	
1	
1	
1	
1	
1	
1	
1	
1	
1	
1	
1	
1	
1	
1	
1	
1	
1	
1	
1	
1	
1	
1	
1	
1	
1	
1	
1	
1	
1	
1	
1	
1	
1	
1	
1	
1	
1	
1	
1	
1	
1	
1	
1	
1	
1	
1	
1	
1	
1	
1	
1	
1	
1	
1	
1	
1	
1	
1	
1	
1	
1	
1	
1	
1	
1	
1	
1	
1	
1	
1	
1	
1	
1	
1	
1	
1	
1	
1	
1	
1	
1	
1	
1	
1	
1	
1	
1	
1	
1	
1	
1	
1	
1	
1	
1	
1	
1	
1	
1	
1	
1	
1	
1	
1	
1	
1	
1	
1	
1	
1	
1	
1	
1	
1	
1	
1	
1	
1	
1	
1	
1	
1	
1	
1	
1	
1	
1	
1	
1	
1	
1	
1	
1	
1	
1	
1	
1	
1	
1	
1	
1	
1	
1	
1	
1	
1	
1	
1	
1	
1	
1	
1	
1	
1	
1	
1	
1	
1	
1	
1	
1	
1	
1	
1	
1	
1	
1	
1	
1	
1	
1	
1	
1	
1	
1	
1	
1	
1	
1	
1	
1	
1	
1	
1	
1	
1	
1	
1	
1	
1	
1	
1	
1	
1	
1	
1	
1	
1	
1	
1	
1	
1	
1	
1	
1	
1	
1	
1	
1	
1	
1	
1	
1	
1	
1	
1	
1	
1	
1	
1	
1	
1	
1	
1	
1	
1	
1	
1	
1	
1	
1	
1	
1	
1	
1	
1	
1	
1	
1	
1	
1	
1	
1	
1	
1	
1	
1	
1	
1	
1	
1	
1	
1	
1	
1	
1	
1	
1	
1	
1	
1	
1	
1	
1	
1	
1	
1	
1	
1	
1	
1	
1	
1	
1	
1	
1	
1	
1	
1	
1	
1	
1	
1	
1	
1	
1	
1	
1	
1	
1	
1	
1	
1	
1	
1	
1	
1	
1	
1	
1	
1	
1	
1	
1	
1	
1	
1	
1	
1	
1	
1	
1	
1	
1	
1	
1	
1	
1	
1	
1	
1	
1	
1	
1	
1	
1	
1	
1	
1	
1	
1	
1	
1	
1	
1	
1	
1	
1	
1	
1	
1	
1	
1	
1	
1	
1	
1	
1	
1	
1	
1	
1	
1	
1	
1	
1	
1	
1	
1	
1	
1	
1	
1	
1	
1	
1	
1	
1	
1	
1	
1	
1	
1	
1	
1	
1	
1	
1	
1	
1	
1	
1	
1	
1	
1	
1	
1	
1	
1	
1	
1	
1	
1	
1	
1	
1	
1	
1	
1	
1	
1	
1	
1	
1	
1	
1	
1	
1	
1	
1	
1	
1	
1	
1	
1	
1	
1	
1	
1	
1	
1	
1	
1	
1	
1	
1	
1	
1	
1	
1	
1	
1	
1	
1	
1	
1	
1	
1	
1	
1	
1	
1	
1	
1	
1	
1	
1	
1	
1	
1	
1	
1	
1	
1	
1	
1	
1	
1	
1	
1	
1	
1	
1	
1	
1	
1	
1	
1	
1	
1	
1	
1	
1	
1	
1	
1	
1	
1	
1	
1	
1	
1	
1	
1	
1	
1	
1	
1	
1	
1	
1	
1	
1	
1	
1	
1	
1	
1	
1	
1	
1	
1	
1	
1	
1	
1	
1	
1	
1	
1	
1	
1	
1	
1	
1	
1	
1	
1	
1	
1	
1	
1	
1	
1	
1	
1	
1	
1	
1	
1	
1	
1	
1	
1	
1	
1	
1	
1	
1	
1	
1	
1	
1	
1	
1	
1	
1	
1	
1	
1	
1	
1	
1	
1	
1	
1	
1	
1	
1	
1	
1	
1	
1	
1	
1	
1	
1	
1	
1	
1	
1	
1	
1	
1	
1	
1	
1	
1	
1	
1	
1	
1	
1	
1	
1	
1	
1	
1	
1	
1	
1	
1	
1	
1	
1	
1	
1	
1	
1	
1	
1	
1	
1	
1	
1	
1	
1	
1	
1	
1	
1	
1	
1	
1	
1	
1	
1	
1	
1	
1	
1	
1	
1	
1	
1	
1	
1	
1	
1	
1	
1	
1	
1	
1	
1	
1	
1	
1	
1	
1	
1	
1	
1	
1	
1	
1	
1	
1	
1	
1	
1	
1	
1	
1	
1	
1	
1	
1	
1	
1	
1	
1	
1	
1	
1	
1	
1	
1	
1	
1	
1	
1	
1	
1	
1	
1	
1	
1	
1	
1	
1	
1	
1	
1	
1	
1	
1	
1	
1	
1	
1	
1	
1	
1	
1	
1	
1	
1	
1	
1	
1	
1	
1	
1	
1	
1	
1	
1	
1	
1	
1	
1	
1	
1	
1	
1	
1	
1	
1	
1	
1	
1	
1	
1	
1	
1	
1	
1	
1	
1	
1	
1	
1	
1	
1	
1	
1	
1	
1	
1	
1	
1	
1	
1	
1	
1	
1	
1	
1	
1	
1	
1	
1	
1	
1	
1	
1	
1	
1	
1	
1	
1	
1	
1	
1	
1	
1	
1	
1	
1	
1	
1	
1	
1	
1	
1	
1	
1	
1	
1	
1	
1	
1	
1	
1	
1	
1	
1	
1	
1	
1	
1	
1	
1	
1	
1	
1	
1	
1	
1	
1	
1	
1	
1	
1	
1	
1	
1	
1	
1	
1	
1	
1	
1	
1	
1	
1	
1	
1	
1	
1	
1	
1	
1	
1	
1	
1	
1	
1	
1	
1	
1	
1	
1	
1	
1	
1	
1	
1	
1	
1	
1	
1	
1	
1	
1	
1	
1	
1	
1	
1	
1	
1	
1	
1	
1	
1	
1	
1	
1	
1	
1	
1	
1	
1	
1	
1	
1	
1	
1	
1	
1	
1	
1	
1	
1	
1	
1	
1	
1	
1	
1	
1	
1	
1	
1	
1	
1	
1	
1	
1	
1	
1	
1	
1	
1	
1	
1	
1	
1	
1	
1	
1	
1	
1	
1	
1	
1	
1	
1	
1	
1	
1	
1	
1	
1	
1	
1	
1	
1	
1	
1	
1	
1	
1	
1	
1	
1	
1	
1	
1	
1	
1	
1	
1	
1	
1	
1	
1	
1	
1	
1	
1	
1	
1	
1	
1	
1	
1	
1	
1	
1	
1	
1	
1	
1	
1	
1	
1	
1	
1	
1	
1	
1	
1	
1	
1	
1	
1	
1	
1	
1	
1	
1	
1	
1	
1	
1	
1	
1	
1	
1	
1	
1	
1	
1	
1	
1	
1	
1	
1	
1	
1	
1	
1	
1	
1	
1	
1	
1	
1	
1	
1	
1	
1	
1	
1	
1	
1	
1	
1	
1	
1	
1	
1	
1	
1	
1	
1	
1	
1	
1	
1	
1	
1	
1	
1	
1	
1	
1	
1	
1	
1	
1	
1	
1	
1	
1	
1	
1	
1	
1	
1	
1	
1	
1	
1	
1	
1	
1	
1	
1	
1	
1	
1	
1	
1	
1	
1	
1	
1	
1	
1	
1	
1	
1	
1	
1	
1	
1	
1	
1	
1	
1	
1	
1	
1	
1	
1	
1	
1	
1	
1	
1	
1	
1	
1	
1	
1	
1	
1	
1	
1	
1	
1	
1	
1	
1	
1	
1	
1	
1	
1	
1	
1	
1	
1	
1	
1	
1	
1	
1	
1	
1	
1	
1	
1	
1	
1	
1	
1	
1	
1	
1	
1	
1	
1	
1	
1	
1	
1	
1	
1	
1	
1	
1	
1	
1	
1	
1	
1	
1	
1	
1	
1	
1	
1	
1	
1	
1	
1	
1	
1	
1	
1	
1	
1	
1	
1	
1	
1	
1	
1	
1	
1	
1	
1	
1	
1	
1	
1	
1	
1	
1	
1	
1	
1	
1	
1	
1	
1	
1	
1	
1	
1	
1	
1	
1	
1	
1	
1	
1	
1	
1	
1	
1	
1	
1	
1	
1	
1	
1	
1	
1	
1	
1	
1	
1	
1	
1	
1	
1	
1	
1	
1	
1	
1	
1	
1	
1	
1	
1	
1	
1	
1	
1	
1	
1	
1	
1	
1	
1	
1	
1	
1	
1	
1	
1	
1	
1	
1	
1	
1	
1	
1	
1	
1	
1	
1	
1	
1	
1	
1	
1	
1	
1	
1	
1	
1	
1	
1	
1	
1	
1	
1	
1	
1	
1	
1	
1	
1	
1	
1	
1	
1	
1	
1	
1	
1	
1	
1	
1	
1	
1	
1	
1	
1	
1	
1	
1	
1	
1	
1	
1	
1	
1	
1	
1	
1	
1	
1	
1	
1	
1	
1	
1	
1	
1	
1	
1	
1	
1	
1	
1	
1	
1	
1	
1	
1	
1	
1	
1	
1	
1	
1	
1	
1	
1	
1	
1	
1	
1	
1	
1	
1	
1	
1	
1	
1	
1	
1	
1	
1	
1	
1	
1	
1	
1	
1	
1	
1	
1	
1	
1	
1	
1	
1	
1	
1	
1	
1	
1	
1	
1	
1	
1	
1	
1	
1	
1	
1	
1	
1	
1	
1	
1	
1	
1	
1	
1	
1	
1	
1	
1	
1	
1	
1	
1	
1	
1	
1	
1	
1	
1	
1	
1	
1	
1	
1	
1	
1	
1	
1	
1	
1	
1	
1	
1	
1	
1	
1	
1	
1	
1	
1	
1	
1	
1	
1	
1	
1	
1	
1	
1	
1	
1	
1	
1	
1	
1	
1	
1	
1	
1	
1	
1	
1	
1	
1	
1	
1	
1	
1	
1	
1	
1	
1	
1	
1	
1	
1	
1	
1	
1	
1	
1	
1	
1	
1	
1	
1	
1	
1	
1	
1	
1	
1	
1	
1	
1	
1	
1	
1	
1	
1	
1	
1	
1	
1	
1	
1	
1	
1	
1	
1	
1	
1	
1	
1	
1	
1	
1	
1	
1	
1	
1	
1	
1	
1	
1	
1	
1	
1	
1	
1	
1	
1	
1	
1	
1	
1	
1	
1	
1	
1	
1	
1	
1	
1	
1	
1	
1	
1	
1	
1	
1	
1	
1	
1	
1	
1	
1	
1	
1	
1	
1	
1	
1	
1	
1	
1	
1	
1	
1	
1	
1	
1	
1	
1	
1	
1	
1	
1	
1	
1	
1	
1	
1	
1	
1	
1	
1	
1	
1	
1	
1	
1	
1	
1	
1	
1	
1	
1	
1	
1	
1	
1	
1	
1	
1	
1	
1	
1	
1	
1	
1	
1	
1	
1	
1	
1	
1	
1	
1	
1	
1	
1	
1	
1	
1	
1	
1	
1	
1	
1	
1	
1	
1	
1	
1	
1	
1	
1	
1	
1	
1	
1	
1	
1	
1	
1	
1	
1	
1	
1	
1	
1	
1	
1	
1	
1	
1	
1	
1	
1	
1	
1	
1	
1	
1	
1	
1	
1	
1	
1	
1	
1	
1	
1	
1	
1	
1	
1	
1	
1	
1	
1	
1	
1	
1	
1	
1	
1	
1	
1	
1	
1	
1	
1	
1	
1	
1	
1	
1	
1	
1	
1	
1	
1	
1	
1	
1	
1	
1	
1	
1	
1	
1	
1	
1	
1	
1	
1	
1	
1	
1	
1	
1	
1	
1	
1	
1	
1	
1	
1	
1	
1	
1	
1	
1	
1	
1	
1	
1	
1	
1	
1	
1	
1	
1	
1	
1	
1	
1	
1	
1	
1	
1	
1	
1	
1	
1	
1	
1	
1	
1	
1	
1	
1	
1	
1	
1	
1	
1	
1	
1	
1	
1	
1	
1	
1	
1	
1	
1	
1	
1	
1	
1	
1	
1	
1	
1	
1	
1	
1	
1	
1	
1	
1	
1	
1	
1	
1	
1	
1	
1	
1	
1	
1	
1	
1	
1	
1	
1	
1	
1	
1	
1	
1	
1	
1	
1	
1	
1	
1	
1	
1	
1	
1	
1	
1	
1	
1	
1	
1	
1	
1	
1	
1	
1	
1	
1	
1	
1	
1	
1	
1	
1	
1	
1	
1	
1	
1	
1	
1	
1	
1	
1	
1	
1	
1	
1	
1	
1	
1	
1	
1	
1	
1	
1	
1	
1	
1	
1	
1	
1	
1	
1	
1	
1	
1	
1	
1	
1	
1	
1	
1	
1	
1	
1	
1	
1	
1	
1	
1	
1	
1	
1	
1	
1	
1	
1	
1	
1	
1	
1	
1	
1	
1	
1	
1	
1	
1	
1	
1	
1	
1	
1	
1	
1	
1	
1	
1	
1	
1	
1	
1	
1	
1	
1	
1	
1	
1	
1	
1	
1	
1	
1	
1	
1	
1	
1	
1	
1	
1	
1	
1	
1	
1	
1	
1	
1	
1	
1	
1	
1	
1	
1	
1	
1	
1	
1	
1	
1	
1	
1	
1	
1	
1	
1	
1	
1	
1	
1	
1	
1	
1	
1	
1	
1	
1	
1	
1	
1	
1	
1	
1	
1	
1	
1	
1	
1	
1	
1	
1	
1	
1	
1	
1	
1	
1	
1	
1	
1	
1	
1	
1	
1	
1	
1	
1	
1	
1	
1	
1	
1	
1	
1	
1	
1	
1	
1	
1	
1	
1	
1	
1	
1	
1	
1	
1	
1	
1	
1	
1	
1	
1	
1	
1	
1	
1	
1	
1	
1	
1	
1	
1	
1	
1	
1	
1	
1	
1	
1	
1	
1	
1	
1	
1	
1	
1	
1	
1	
1	
1	
1	
1	
1	
1	
1	
1	
1	
1	
1	
1	
1	
1	
1	
1	
1	
1	
1	
1	
1	
1	
1	
1	
1	
1	
1	
1	
1	
1	
1	
1	
1	
1	
1	
1	
1	
1	
1	
1	
1	
1	
1	
1	
1	
1	
1	
1	
1	
1	
1	
1	
1	
1	
1	
1	
1	
1	
1	
1	
1	
1	
1	
1	
1	
1	
1	
1	
1	
1	
1	
1	
1	
1	
1	
1	
1	
1	
1	
1	
1	
1	
1	
1	
1	
1	
1	
1	
1	
1	
1	
1	
1	
1	
1	
1	
1	
1	
1	
1	
1	
1	
1	
1	
1	
1	
1	
1	
1	
1	
1	
1	
1	
1	
1	
1	
1	
1	
1	
1	
1	
1	
1	
1	
1	
1	
1	
1	
1	
1	
1	
1	
1	
1	
1	
1	
1	
1	
1	
1	
1	
1	
1	
1	
1	
1	
1	
1	
1	
1	
1	
1	
1	
1	
1	
1	
1	
1	
1	
1	
1	
1	
1	
1	
1	
1	
1	
1	
1	
1	
1	
1	
1	
1	
1	
1	
1	
1	
1	
1	
1	
1	
1	
1	
1	
1	
1	
1	
1	
1	
1	
1	
1	
1	
1	
1	
1	
1	
1	
1	
1	
1	
1	
1	
1	
1	
1	
1	
1	
1	
1	
1	
1	
1	
1	
1	
1	
1	
1	
1	
1	
1	
1	
1	
1	
1	
1	
1	
1	
1	
1	
1	
1	
1	
1	
1	
1	
1	
1	
1	
1	
1	
1	
1	
1	
1	
1	
1	
1	
1	
1	
1	
1	
1	
1	
1	
1	
1	
1	
1	
1	
1	
1	
1	
1	
1	
1	
1	
1	
1	
1	
1	
1	
1	
1	
1	
1	
1	
1	
1	
1	
1	
1	
1	
1	
1	
1	
1	
1	
1	
1	
1	
1	
1	
1	
1	
1	
1	
1	
1	
1	
1	
1	
1	
1	
1	
1	
1	
1	
1	
1	
1	
1	
1	
1	
1	
1	
1	
1	
1	
1	
1	
1	
1	
1	
1	
1	
1	
1	
1	
1	
1	
1	
1	
1	
1	
1	
1	
1	
1	
1	
1	
1	
1	
1	
1	
1	
1	
1	
1	
1	
1	
1	
1	
1	
1	
1	
1	
1	
1	
1	
1	
1	
1	
1	
1	
1	
1	
1	
1	
1	
1	
1	
1	
1	
1	
1	
1	
1	
1	
1	
1	
1	
1	
1	
1	
1	
1	
1	
1	
1	
1	
1	
1	
1	
1	
1	
1	
1	
1	
1	
1	
1	
1	
1	
1	
1	
1	
1	
1	
1	
1	
1	
1	
1	
1	
1	
1	
1	
1	
1	
1	
1	
1	
1	
1	
1	
1	
1	
1	
1	
1	
1	
1	
1	
1	
1	
1	
1	
1	
1	
1	
1	
1	
1	
1	
1	
1	
1	
1	
1	
1	
1	
1	
1	
1	
1	
1	
1	
1	
1	
1	
1	
1	
1	
1	
1	
1	
1	
1	
1	
1	
1	
1	
1	
1	
1	
1	
1	
1	
1	
1	
1	
1	
1	
1	
1	
1	
1	
1	
1	
1	
1	
1	
1	
1	
1	
1	
1	
1	
1	
1	
1	
1	
1	
1	
1	
1	
1	
1	
1	
1	
1	
1	
1	
1	
1	
1	
1	
1	
1	
1	
1	
1	
1	
1	
1	
1	
1	
1	
1	
1	
1	
1	
1	
1	
1	
1	
1	
1	
1	
1	
1	
1	
1	
1	
1	
1	
1	
1	
1	
1	
1	
1	
1	
1	
1	
1	
1	
1	
1	
