1
11
12
10
13
14
15
17
16
18
19
10
12
11
15
13
14
17
16
18
19
10
1
11
14
14
17
18
12
16
10
15
13
10
15
13
13
19
11
16
13
12
17
16
12
18
14
15
10
12
19
17
11
14
12
11
11
13
1
14
17
19
18
1
16
15
14
10
16
15
18
18
17
19
19
10
1
15
12
12
13
13
14
10
16
13
11
10
13
12
15
1
18
12
11
15
11
17
16
14
19
17
11
11
14
18
18
17
14
14
11
12
10
19
10
17
18
12
10
10
13
12
17
15
10
16
19
15
17
11
17
13
17
16
14
16
18
13
17
10
11
10
14
16
11
19
14
19
12
11
18
14
16
19
19
16
11
16
10
11
12
14
12
15
18
12
12
15
13
15
17
19
13
12
19
13
15
18
10
13
15
13
13
16
19
11
18
10
16
11
16
10
14
16
14
13
18
13
19
19
17
19
19
1
10
19
16
12
17
11
10
10
18
18
14
13
17
1
16
15
14
12
1
13
13
16
19
16
13
13
18
13
12
13
10
18
15
19
17
14
18
11
16
15
15
14
10
14
10
10
1
12
16
19
10
11
17
11
13
16
15
13
15
17
11
10
15
18
18
19
11
15
15
17
10
18
16
15
12
15
18
16
11
12
13
16
12
16
15
13
17
19
10
19
18
14
11
17
13
12
17
16
15
10
18
14
14
15
15
12
19
11
10
11
18
12
10
18
17
17
11
17
13
17
15
17
11
11
12
15
13
11
16
10
13
12
11
11
15
11
12
10
11
10
19
10
10
12
12
10
18
17
19
18
15
11
10
18
11
10
14
12
13
18
16
16
14
13
13
15
12
13
16
12
15
11
16
13
14
10
12
13
18
14
11
18
15
15
19
14
10
12
17
12
18
12
18
17
13
11
14
19
14
10
18
19
12
14
11
11
18
12
18
15
10
11
16
14
16
14
12
19
15
11
16
11
17
12
15
13
16
10
16
16
13
16
12
16
15
10
10
10
16
18
12
15
12
12
19
14
16
18
18
18
10
12
17
11
14
17
15
19
17
11
18
17
11
18
15
18
16
12
18
13
15
12
10
19
14
13
10
15
19
19
11
14
16
14
14
14
13
13
11
19
18
12
12
10
15
14
18
13
13
11
13
18
13
10
11
17
18
17
17
15
13
19
15
16
18
19
19
16
13
13
13
19
17
19
17
11
13
11
19
11
13
12
16
12
11
11
15
19
10
19
16
12
10
19
16
11
12
15
19
19
10
13
18
15
18
10
12
11
19
16
10
19
17
15
11
13
14
11
18
14
16
18
15
12
14
11
10
16
10
19
11
12
15
16
11
17
11
11
13
12
13
18
18
18
15
15
14
17
13
14
12
17
16
18
11
13
10
17
10
16
13
19
12
17
14
15
17
18
15
16
16
15
11
12
16
14
13
18
13
16
13
15
14
16
19
13
13
13
16
11
15
11
19
17
11
16
18
18
12
14
14
16
16
15
19
17
139
10
15
13
15
15
12
13
16
11
19
14
170
14
144
130
130
17
18
16
13
10
19
10
16
17
14
19
19
12
154
16
10
133
17
19
13
133
11
11
11
12
15
16
13
13
12
15
14
18
13
10
172
14
12
12
12
19
18
11
149
14
12
149
18
17
19
16
13
17
14
10
14
12
18
19
19
17
18
15
10
18
12
10
11
13
10
14
14
117
16
13
14
16
17
11
10
15
10
14
11
11
13
15
16
145
139
12
17
11
19
145
15
13
17
11
18
18
18
10
11
15
10
12
14
13
11
19
17
113
14
113
12
19
17
124
15
16
10
124
173
146
12
16
16
15
10
12
10
10
16
18
132
19
10
11
12
14
18
19
15
17
11
19
19
10
10
18
16
17
17
15
13
10
16
10
11
10
15
15
11
12
14
147
11
147
18
16
14
17
11
111
10
16
14
18
13
16
12
14
18
11
11
15
11
10
19
16
17
111
12
17
17
18
14
19
175
19
11
12
131
18
11
15
18
19
12
18
12
11
11
12
18
17
10
18
131
11
138
12
10
10
15
15
10
13
17
122
12
15
12
11
16
10
14
16
15
14
15
14
11
16
14
14
10
151
17
15
10
10
112
17
17
112
10
164
12
19
18
15
19
13
13
19
12
19
17
142
18
15
142
11
100
143
132
19
13
18
15
143
100
13
14
16
14
12
11
141
138
12
12
15
17
19
11
15
19
13
18
13
11
15
16
11
129
129
15
10
106
10
169
14
15
106
16
14
19
13
11
16
10
15
13
19
104
13
12
12
12
162
15
11
10
12
18
18
10
17
15
14
19
110
19
159
11
13
16
19
11
11
127
16
13
127
17
14
19
12
16
16
109
109
13
19
140
15
10
140
168
102
11
19
102
19
11
19
12
11
19
12
17
15
11
16
11
12
16
12
12
10
137
17
18
14
19
137
12
15
17
16
11
15
19
110
13
12
11
16
13
13
13
14
17
16
15
13
13
19
10
19
15
19
14
17
14
160
18
15
11
11
12
16
14
16
15
10
13
17
10
16
11
107
107
13
12
12
10
15
18
17
18
16
18
136
15
150
150
11
11
14
10
103
14
103
19
108
15
12
12
16
157
10
108
19
17
16
14
120
14
11
19
11
152
10
167
15
12
15
13
19
12
14
15
12
155
166
17
16
11
12
12
148
13
12
105
17
19
126
105
126
16
15
17
18
19
12
19
14
15
18
118
118
17
11
12
13
11
12
120
10
115
12
10
14
14
11
11
10
12
14
15
11
10
13
19
14
14
174
128
11
19
163
16
12
15
17
13
13
13
19
13
10
19
156
12
165
16
18
19
17
16
17
10
15
14
141
12
135
135
12
17
12
17
119
16
17
14
18
19
13
158
17
13
13
13
17
17
12
17
17
17
16
16
12
19
14
19
17
10
14
10
13
14
14
16
14
14
11
12
11
17
18
15
17
16
14
14
12
16
18
161
12
14
13
15
18
15
10
16
11
11
15
11
19
17
117
10
12
17
176
18
18
18
15
18
13
14
14
14
18
16
19
12
16
18
14
10
13
12
17
14
11
16
11
13
11
11
16
17
19
12
17
19
11
19
16
13
15
17
14
17
13
19
17
10
17
13
15
18
15
148
13
12
17
17
14
18
15
16
16
16
12
16
12
10
17
11
121
121
101
18
11
12
18
11
18
16
101
12
10
13
19
12
15
12
10
11
11
13
13
17
14
10
16
14
14
19
134
11
13
134
13
10
153
17
14
10
12
13
13
11
122
14
11
116
12
116
16
17
15
17
11
11
18
17
16
14
17
18
13
14
115
10
12
19
15
14
11
14
18
13
15
10
17
14
19
13
15
15
16
13
11
13
13
11
125
18
14
14
10
171
13
16
14
15
11
19
14
104
17
12
19
14
18
125
17
17
12
18
18
19
10
14
13
19
11
146
16
17
12
10
10
14
17
119
13
12
10
19
17
13
12
11
17
13
13
17
14
15
18
10
123
13
123
13
15
11
14
16
11
11
14
128
136
10
16
19
144
14
13
10
12
14
13
18
114
16
14
16
114
19
19
