441	339	298	183	84	74	67	64	63	62	61	57	53	50	44	41	39	35	31	29	26	23	23	21	19	19	16	14	14	13	12	10	10	10	10	9	9	9	9	9	9	9	8	8	8	8	7	7	7	7	7	7	6	6	6	6	6	6	6	6	6	6	6	6	6	6	6	5	5	5	5	5	5	5	5	5	5	4	4	4	4	4	4	4	4	4	4	4	4	4	4	3	3	3	3	3	3	3	3	3	3	3	3	3	3	3	3	3	3	3	3	3	3	3	3	3	3	3	3	3	3	3	3	3	2	2	2	2	2	2	2	2	2	2	2	2	2	2	2	2	2	2	2	2	2	2	2	2	2	2	2	2	2	2	2	2	2	2	2	2	2	2	2	2	2	2	2	2	1	1	1	1	1	1	1	1	1	1	1	1	1	1	1	1	1	1	1	1	1	1	1	1	1	1	1	1	1	1	1	1	1	1	1	1	1	1	1	1	1	1	1	1	1	1	1	1	1	1	1	1	1	1	1	1	1	1	1	1	1	1	1	1	1	1	1	1	1	1	1	1	1	1	1	1	1	1	1	1	1	1	1	1	1	1	1	1	1	1	1	1	1	1	1	1	1	1	1	1	1	1	1	1	1	1	1	1	1	1	1	1	1	1	1	1	1	1	1	1	1	1	1	1	1	1	1	1	1	1	1	1	1	1	1	1	1	1	1	1	1	1	1	1	1	1	1	1	1	1	1	1	1	1	1	1	1	1	1	1	1	1	1	1	1	1	1	1	1	1	1	1	1	1	1	1	1	1	1	1	1	1	1	1	1	1	1	1	1	1	1	1	1	1	1	1	1	1	1	1	1	1	1	1	1	1	1	1	1	1	1	1	1	1	1	1	1	1	1	1	1	1	1	1	1	1	1	1	1	1	1	1	1	1	1	1	1	1	1	1	1	1	1	1	1	1	1	1	1	1	1	1	1	1	1	1	1	1	1	1	1	1	1	1	1	1	1	1	
97	85	69	63	44	33	29	16	15	12	12	11	11	11	11	8	8	6	6	6	5	5	5	5	3	3	3	3	3	2	2	2	2	2	2	2	2	2	2	2	2	2	1	1	1	1	1	1	1	1	1	1	1	1	1	1	1	1	1	1	1	1	1	1	1	1	1	1	1	1	1	1	1	1	1	1	1	1	1	1	1	1	
68	43	31	24	21	20	15	13	10	10	9	9	8	7	7	6	5	5	5	5	5	4	4	4	4	4	3	3	3	3	3	3	3	3	3	2	2	2	2	2	2	2	2	2	2	2	2	2	2	2	2	2	2	2	2	2	1	1	1	1	1	1	1	1	1	1	1	1	1	1	1	1	1	1	1	1	1	1	1	1	1	1	1	1	1	1	1	1	1	1	1	1	1	1	1	1	1	1	1	1	1	1	1	1	1	1	1	1	1	1	1	1	1	1	1	1	1	1	1	1	1	1	1	1	1	1	1	1	1	1	
78	28	20	14	12	10	10	9	8	8	6	6	5	5	5	5	5	4	4	3	3	3	3	2	2	2	2	2	2	2	2	2	2	1	1	1	1	1	1	1	1	1	1	1	1	1	1	1	1	1	1	
22	17	11	8	6	4	4	4	3	3	3	3	3	3	3	3	3	3	2	2	2	2	2	2	2	2	2	2	2	2	2	2	2	2	2	2	2	2	1	1	1	1	1	1	1	1	1	1	1	1	1	1	1	1	1	1	1	1	1	1	1	1	1	1	1	1	1	1	1	1	1	1	1	1	1	1	1	1	1	1	1	1	1	1	1	1	1	1	1	1	1	1	1	1	1	1	1	1	1	1	1	1	1	1	1	1	1	1	1	1	1	1	1	1	1	1	1	1	1	1	1	1	1	1	1	1	1	1	1	1	1	1	1	1	1	1	1	1	1	1	1	1	1	1	1	1	1	1	1	1	1	1	1	1	1	1	1	
54	26	25	14	11	6	4	4	3	3	3	3	2	2	2	2	1	1	1	1	1	1	1	1	1	1	1	1	1	1	1	1	1	1	1	1	1	1	1	1	1	1	1	1	1	1	1	1	1	1	1	1	1	1	1	1	1	1	1	1	1	
61	21	14	7	7	3	3	3	3	2	2	2	2	2	1	1	1	1	1	1	1	1	1	1	1	1	1	1	1	1	1	1	1	1	1	1	1	1	1	1	1	1	1	1	1	1	1	1	1	1	1	1	1	1	1	1	1	1	1	1	1	1	1	1	1	1	1	1	1	1	1	1	1	1	1	
83	25	14	9	4	4	3	3	3	3	2	2	1	1	1	1	1	1	1	1	1	1	1	1	1	1	1	1	1	1	1	1	1	1	1	1	1	1	1	1	1	1	1	1	1	1	
26	19	18	16	14	10	9	7	6	5	4	4	3	3	3	2	2	2	2	1	1	1	1	1	1	1	1	1	1	1	1	1	1	1	1	1	1	1	1	1	1	1	1	1	1	
26	21	20	15	11	11	7	6	6	3	3	3	2	2	2	2	1	1	1	1	1	1	1	1	1	1	1	1	
44	11	4	4	3	3	3	3	3	3	3	3	2	2	2	2	2	2	2	2	1	1	1	1	1	1	1	1	1	1	1	1	1	1	1	1	1	1	1	1	1	
39	26	6	6	4	3	2	1	1	1	1	1	1	1	1	1	1	1	1	1	1	1	1	1	1	1	1	
41	10	5	4	3	3	3	2	2	2	2	1	1	1	1	1	1	1	1	1	1	1	1	1	1	1	1	1	1	1	1	
86	1	
80	1	
16	7	5	5	3	2	2	2	2	2	2	2	2	1	1	1	1	1	1	1	1	1	1	1	1	1	1	1	1	1	1	1	1	1	1	1	1	1	1	
22	4	3	3	3	2	2	2	2	2	2	2	2	2	1	1	1	1	1	1	1	1	1	1	1	1	1	1	1	1	1	1	1	1	1	1	1	1	
33	13	5	4	3	3	2	2	2	2	1	1	1	1	1	1	1	1	
15	8	7	7	4	3	3	3	2	2	1	1	1	1	1	1	1	1	1	1	1	1	1	1	1	1	1	
23	15	13	2	1	1	1	1	1	1	1	1	1	1	1	1	1	1	
21	3	3	2	2	2	2	2	1	1	1	1	1	1	1	1	1	1	1	1	1	1	1	1	1	1	1	1	1	1	1	1	1	1	1	1	1	1	
14	8	6	6	6	5	3	3	2	2	2	1	1	1	1	1	1	
13	4	3	3	3	2	2	2	2	2	1	1	1	1	1	1	1	1	1	1	1	1	1	1	1	1	1	1	1	
9	4	3	3	3	2	2	2	2	1	1	1	1	1	1	1	1	1	1	1	1	1	1	1	1	1	1	1	1	1	1	1	
16	3	3	2	2	2	2	2	1	1	1	1	1	1	1	1	1	1	1	1	1	1	1	1	1	1	1	1	
13	3	3	2	2	2	2	2	2	1	1	1	1	1	1	1	1	1	1	1	1	1	1	1	1	1	1	1	1	1	
16	4	3	2	2	2	2	2	2	2	1	1	1	1	1	1	1	1	1	1	1	1	1	1	1	
16	4	3	2	2	2	2	2	2	2	1	1	1	1	1	1	1	1	1	1	1	1	1	
20	3	2	2	2	2	2	2	1	1	1	1	1	1	1	1	1	1	1	1	1	
6	6	3	3	3	3	2	2	2	2	1	1	1	1	1	1	1	1	1	1	1	1	1	1	1	1	
19	3	2	2	2	2	2	1	1	1	1	1	1	1	1	1	1	1	1	1	1	1	
7	7	6	6	2	2	1	1	1	1	1	1	1	1	1	1	1	1	1	1	1	1	1	
13	4	3	3	2	2	2	2	2	1	1	1	1	1	1	1	1	1	1	1	1	1	
15	4	3	2	2	1	1	1	1	1	1	1	1	1	1	1	1	1	1	1	1	1	1	1	
6	5	4	4	3	3	3	3	2	2	1	1	1	1	1	1	1	1	1	1	
13	3	2	2	2	1	1	1	1	1	1	1	1	1	1	1	1	1	1	1	1	1	1	1	1	1	1	1	
7	4	3	3	2	2	2	1	1	1	1	1	1	1	1	1	1	1	1	1	1	1	1	1	1	1	1	1	
13	3	3	2	2	2	2	2	1	1	1	1	1	1	1	1	1	1	1	1	1	1	1	
5	4	4	2	2	2	2	1	1	1	1	1	1	1	1	1	1	1	1	1	1	1	1	1	1	1	1	1	1	1	
14	4	3	2	2	1	1	1	1	1	1	1	1	1	1	1	1	1	1	1	1	1	1	
11	3	3	3	2	2	1	1	1	1	1	1	1	1	1	1	1	1	1	1	1	1	1	1	1	
11	3	3	2	2	2	2	1	1	1	1	1	1	1	1	1	1	1	1	1	1	1	1	
19	10	2	2	1	1	1	1	1	1	1	1	
15	2	2	2	2	2	2	1	1	1	1	1	1	1	1	1	1	1	1	
7	6	3	2	2	2	2	1	1	1	1	1	1	1	1	1	1	1	1	1	1	
16	3	2	2	1	1	1	1	1	1	1	1	1	1	1	1	1	1	1	
9	3	3	2	2	2	1	1	1	1	1	1	1	1	1	1	1	1	1	1	1	1	
4	3	3	3	2	2	1	1	1	1	1	1	1	1	1	1	1	1	1	1	1	1	1	1	1	
5	5	4	4	3	3	2	2	2	1	1	1	1	1	1	
3	2	1	1	1	1	1	1	1	1	1	1	1	1	1	1	1	1	1	1	1	1	1	1	1	1	1	1	1	1	1	1	
6	5	4	2	2	1	1	1	1	1	1	1	1	1	1	1	1	1	1	1	
15	7	3	3	1	1	1	1	1	
11	3	1	1	1	1	1	1	1	1	1	1	1	1	1	1	1	1	1	1	1	
3	2	2	2	2	1	1	1	1	1	1	1	1	1	1	1	1	1	1	1	1	1	1	1	1	1	1	
14	2	1	1	1	1	1	1	1	1	1	1	1	1	1	1	1	1	1	
8	5	3	3	3	2	2	1	1	1	1	1	1	
7	7	3	3	3	2	1	1	1	1	1	1	
7	4	3	3	2	1	1	1	1	1	1	1	1	1	1	
4	2	2	1	1	1	1	1	1	1	1	1	1	1	1	1	1	1	1	1	1	1	1	1	
3	2	2	1	1	1	1	1	1	1	1	1	1	1	1	1	1	1	1	1	1	1	1	
8	3	2	2	2	1	1	1	1	1	1	1	1	1	1	
11	3	3	3	2	1	1	1	1	1	
4	4	3	2	1	1	1	1	1	1	1	1	1	1	1	1	1	
9	2	2	2	1	1	1	1	1	1	1	1	1	1	
11	4	2	1	1	1	1	1	1	1	1	
6	3	2	2	1	1	1	1	1	1	1	1	1	1	1	1	
6	3	2	2	1	1	1	1	1	1	1	1	1	1	1	
5	5	2	1	1	1	1	1	1	1	1	1	1	1	1	
5	1	1	1	1	1	1	1	1	1	1	1	1	1	1	1	1	1	1	1	
7	2	1	1	1	1	1	1	1	1	1	1	1	1	
11	3	2	2	1	
5	4	3	2	1	1	1	1	1	
4	3	3	2	1	1	1	1	1	1	1	
10	4	1	1	1	1	
9	3	2	1	1	1	1	
7	3	1	1	1	1	1	1	
8	2	1	1	1	1	1	1	
12	1	1	1	1	
5	3	3	2	2	1	
3	2	2	1	1	1	1	1	1	1	1	1	
6	4	1	1	1	1	1	
4	2	1	1	1	1	1	1	1	1	1	
4	2	1	1	1	1	1	1	1	1	
13	1	
10	1	1	1	1	
2	2	1	1	1	1	1	1	1	1	1	1	
4	2	2	1	1	1	1	1	1	
5	3	2	1	1	1	1	
3	1	1	1	1	1	1	1	1	1	1	
7	3	1	1	1	
4	1	1	1	1	1	1	1	1	1	
2	2	2	1	1	1	1	1	1	1	
4	3	2	1	1	1	1	
1	1	1	1	1	1	1	1	1	1	1	1	
1	1	1	1	1	1	1	1	1	1	1	1	
2	2	1	1	1	1	1	1	1	1	
1	1	1	1	1	1	1	1	1	1	1	
9	1	1	
6	1	1	1	1	1	
5	2	2	1	1	
4	3	1	1	1	
3	2	1	1	1	1	1	
2	1	1	1	1	1	1	1	1	
6	1	1	1	1	
4	2	1	1	1	
2	1	1	1	1	1	1	1	
4	2	2	1	
3	2	1	1	1	
3	2	1	1	1	
6	1	1	
1	1	1	1	1	1	1	1	
1	1	1	1	1	1	1	1	
2	1	1	1	1	1	1	
4	1	1	1	1	
2	2	1	1	1	1	
6	1	
5	1	1	
3	1	1	1	1	
2	1	1	1	1	1	
2	1	1	1	1	1	
2	1	1	1	1	1	
4	1	1	1	
1	1	1	1	1	1	1	
2	1	1	1	1	1	
5	1	1	
3	2	1	
2	1	1	1	1	
2	1	1	1	1	
1	1	1	1	1	1	
2	2	2	
3	2	1	
1	1	1	1	1	1	
3	1	1	1	
2	1	1	1	1	
6	
4	1	1	
2	1	1	1	1	
3	1	1	
3	1	1	
1	1	1	1	1	
2	1	1	1	
1	1	1	1	1	
1	1	1	1	1	
3	1	1	
5	
3	2	
2	1	1	1	
3	1	1	
2	1	1	1	
4	
1	1	1	1	
4	
2	1	1	
3	1	
1	1	1	1	
2	1	1	
2	1	1	
1	1	1	1	
3	1	
2	1	1	
2	1	1	
4	
2	1	1	
3	1	
2	2	
1	1	1	1	
1	1	1	1	
3	1	
2	1	1	
1	1	1	1	
1	1	1	1	
3	1	
2	1	1	
1	1	1	1	
1	1	1	1	
1	1	1	1	
4	
2	1	1	
1	1	1	1	
2	1	1	
1	1	1	1	
2	1	
1	1	1	
1	1	1	
1	1	1	
1	1	1	
3	
1	1	1	
2	1	
3	
3	
3	
1	1	1	
3	
1	1	1	
2	1	
3	
2	1	
1	1	1	
2	1	
3	
3	
1	1	1	
2	1	
3	
1	1	1	
3	
2	1	
1	1	1	
1	1	1	
1	1	1	
2	1	
2	1	
1	1	1	
2	1	
2	1	
3	
2	1	
1	1	1	
2	1	
2	1	
2	1	
2	1	
1	1	1	
1	1	1	
2	
2	
1	1	
2	
2	
2	
1	1	
1	1	
2	
1	1	
1	1	
1	1	
1	1	
1	1	
2	
1	1	
1	1	
1	1	
1	1	
2	
2	
1	1	
2	
1	1	
1	1	
1	1	
1	1	
2	
1	1	
2	
1	1	
2	
1	1	
1	1	
2	
2	
1	1	
1	1	
2	
1	1	
2	
2	
1	1	
1	1	
1	1	
1	1	
1	1	
2	
1	1	
2	
1	1	
1	1	
1	1	
1	1	
2	
2	
1	1	
2	
2	
2	
1	1	
2	
1	1	
1	1	
1	1	
1	1	
1	1	
1	1	
2	
2	
1	1	
1	1	
1	1	
2	
2	
1	1	
2	
2	
2	
1	1	
1	1	
2	
2	
1	1	
1	1	
2	
1	1	
2	
1	1	
1	1	
1	1	
1	1	
1	1	
1	1	
2	
2	
1	1	
1	
1	
1	
1	
1	
1	
1	
1	
1	
1	
1	
1	
1	
1	
1	
1	
1	
1	
1	
1	
1	
1	
1	
1	
1	
1	
1	
1	
1	
1	
1	
1	
1	
1	
1	
1	
1	
1	
1	
1	
1	
1	
1	
1	
1	
1	
1	
1	
1	
1	
1	
1	
1	
1	
1	
1	
1	
1	
1	
1	
1	
1	
1	
1	
1	
1	
1	
1	
1	
1	
1	
1	
1	
1	
1	
1	
1	
1	
1	
1	
1	
1	
1	
1	
1	
1	
1	
1	
1	
1	
1	
1	
1	
1	
1	
1	
1	
1	
1	
1	
1	
1	
1	
1	
1	
1	
1	
1	
1	
1	
1	
1	
1	
1	
1	
1	
1	
1	
1	
1	
1	
1	
1	
1	
1	
1	
1	
1	
1	
1	
1	
1	
1	
1	
1	
1	
1	
1	
1	
1	
1	
1	
1	
1	
1	
1	
1	
1	
1	
1	
1	
1	
1	
1	
1	
1	
1	
1	
1	
1	
1	
1	
1	
1	
1	
1	
1	
1	
1	
1	
1	
1	
1	
1	
1	
1	
1	
1	
1	
1	
1	
1	
1	
1	
1	
1	
1	
1	
1	
1	
1	
1	
1	
1	
1	
1	
1	
1	
1	
1	
1	
1	
1	
1	
1	
1	
1	
1	
1	
1	
1	
1	
1	
1	
1	
1	
1	
1	
1	
1	
1	
1	
1	
1	
1	
1	
1	
1	
1	
1	
1	
1	
1	
1	
1	
1	
1	
1	
1	
1	
1	
1	
1	
1	
1	
1	
1	
1	
1	
1	
1	
1	
1	
1	
1	
1	
1	
1	
1	
1	
1	
1	
1	
1	
1	
1	
1	
1	
1	
1	
1	
1	
1	
1	
1	
1	
1	
1	
1	
1	
1	
1	
1	
1	
1	
1	
1	
1	
1	
1	
1	
1	
1	
1	
1	
1	
1	
1	
1	
1	
1	
1	
1	
1	
1	
1	
1	
1	
1	
1	
1	
1	
1	
1	
1	
1	
1	
1	
1	
1	
1	
1	
1	
1	
1	
1	
1	
1	
1	
1	
1	
1	
1	
1	
1	
1	
1	
1	
1	
1	
1	
1	
1	
1	
1	
1	
1	
1	
1	
1	
1	
1	
1	
1	
1	
1	
1	
1	
1	
1	
1	
1	
1	
1	
1	
1	
