6015
4531
4415
3837
2848
2773
1844
1400
985
970
763
699
664
548
451
426
420
407
401
396
367
348
344
314
305
291
288
287
282
262
250
247
245
237
234
231
225
214
212
205
198
186
183
179
179
171
167
152
140
135
133
127
124
123
122
110
108
106
106
100
91
89
76
75
72
71
71
71
70
69
68
66
66
64
62
61
58
55
55
54
51
49
49
49
46
45
44
44
42
41
39
38
38
37
37
35
35
33
33
33
32
32
32
32
31
30
30
29
29
27
27
27
27
27
26
26
26
26
26
25
25
25
24
23
23
22
21
21
21
20
20
19
19
18
17
17
16
16
16
15
15
15
15
15
15
15
15
15
15
14
14
14
14
14
14
14
14
13
13
13
13
12
12
12
12
12
12
11
11
11
11
11
11
10
10
10
10
10
10
10
10
10
10
10
9
9
9
9
9
9
9
9
9
8
8
8
8
8
8
8
8
8
7
7
7
7
7
7
7
7
7
7
7
6
6
6
6
6
6
6
6
6
6
6
6
6
6
6
6
6
6
6
6
5
5
5
5
5
5
5
5
5
4
4
4
4
4
4
4
4
4
4
4
4
4
4
4
4
4
4
3
3
3
3
3
3
3
3
3
3
3
3
3
3
3
3
3
3
3
3
3
3
3
3
3
3
3
3
3
3
3
3
2
2
2
2
2
2
2
2
2
2
2
2
2
2
2
2
2
2
2
2
2
2
2
2
2
2
2
2
2
2
2
2
2
2
2
2
2
2
2
2
2
2
2
2
2
2
2
2
2
2
2
2
2
2
2
2
2
2
2
2
2
2
2
2
2
1
1
1
1
1
1
1
1
1
1
1
1
1
1
1
1
1
1
1
1
1
1
1
1
1
1
1
1
1
1
1
1
1
1
1
1
1
1
1
1
1
1
1
1
1
1
1
1
1
1
1
1
1
1
1
1
1
1
1
1
1
1
1
1
1
1
1
1
1
1
1
1
1
1
1
1
1
1
1
1
1
1
1
1
1
1
1
1
1
1
1
1
1
1
1
1
1
