99   4338      0.12886169                                              0000
10   3640      0.10812738                                              0001
101  2861      0.08498693                                               001
111  2631      0.07815471                                              0100
110  2530      0.07515447                                              0101
105  2096      0.06226236                                               011
114  2057      0.06110385                                              1000
97   2013      0.05979682                                              1001
115  2006      0.05958888                                              1010
116  1745      0.05183579                                              1011
108  1518      0.04509268                                             11000
117  966       0.02869534                                             11001
109  862       0.02560599                                             11010
100  813       0.02415043                                             11011
104  757       0.02248693                                            111000
103  578       0.01716968                                            111001
112  570       0.01693203                                             11101
121  451       0.01339710                                           1111000
118  286       0.00849572                                           1111001
98   274       0.00813926                                            111101
102  221       0.00656488                                           1111100
107  177       0.00525784                                           1111101
119  141       0.00418845                                           1111110
113  39        0.00115851                                         111111100
122  33        0.00098028                                         111111101
120  32        0.00095057                                         111111110
106  29        0.00086145                                         111111111

33664		4.222285