511	108	97	63	51	43	27	23	22	22	20	19	17	15	15	15	14	14	14	13	13	12	12	11	10	10	10	9	9	9	8	8	8	8	8	7	7	7	7	7	7	7	7	7	6	6	6	6	6	6	6	6	6	6	5	5	5	5	5	5	5	5	5	5	5	5	5	4	4	4	4	4	4	4	4	4	4	4	4	4	4	4	4	4	4	4	4	4	4	4	4	4	4	4	4	4	4	4	4	3	3	3	3	3	3	3	3	3	3	3	3	3	3	3	3	3	3	3	3	3	3	3	3	3	3	3	2	2	2	2	2	2	2	2	2	2	2	2	2	2	2	2	2	2	2	2	2	2	2	2	2	2	2	2	2	2	2	2	2	2	2	2	2	2	2	2	2	2	2	2	2	2	2	2	2	2	2	2	2	2	2	2	2	2	2	2	2	2	2	1	1	1	1	1	1	1	1	1	1	1	1	1	1	1	1	1	1	1	1	1	1	1	1	1	1	1	1	1	1	1	1	1	1	1	1	1	1	1	1	1	1	1	1	1	1	1	1	1	1	1	1	1	1	1	1	1	1	1	1	1	1	1	1	1	1	1	1	1	1	1	1	1	1	1	1	1	1	1	1	1	1	1	1	1	1	1	1	1	1	1	1	1	1	1	1	1	1	1	1	1	1	1	1	1	1	1	1	1	1	1	1	1	1	1	1	1	1	1	1	1	1	1	1	1	1	1	1	1	1	1	1	1	1	1	1	1	1	1	1	1	1	1	1	1	1	1	1	1	1	1	1	1	1	1	1	1	1	1	1	1	1	1	1	1	1	1	1	1	1	1	1	1	1	1	1	1	1	1	1	1	1	1	1	1	1	1	1	1	1	1	1	1	1	1	1	1	1	1	1	1	1	1	1	1	1	1	1	1	1	1	1	1	1	1	1	1	1	1	1	1	1	1	1	1	1	1	1	1	1	1	
749	60	39	35	26	21	19	16	12	11	10	8	7	7	6	6	5	5	4	4	4	3	3	3	3	3	2	2	2	2	2	2	2	2	2	1	1	1	1	1	1	1	1	1	1	1	1	1	1	1	1	1	1	1	1	1	1	1	1	1	1	1	1	1	1	1	1	1	1	1	1	1	
613	81	36	35	33	17	9	7	6	6	6	6	5	5	5	5	5	4	4	4	4	3	3	3	2	2	2	2	2	2	2	2	2	2	2	1	1	1	1	1	1	1	1	1	1	1	1	1	1	1	1	1	1	1	1	1	1	1	1	1	1	1	1	1	1	1	1	1	
94	79	32	32	29	20	19	19	17	16	13	13	11	11	11	11	10	9	9	8	8	8	8	7	7	7	6	6	6	6	6	5	5	5	5	5	5	4	4	4	4	4	4	4	4	4	4	3	3	3	3	3	3	3	3	3	3	3	3	3	3	3	3	3	3	3	3	3	3	3	3	3	3	3	3	2	2	2	2	2	2	2	2	2	2	2	2	2	2	2	2	2	2	2	2	2	2	2	2	2	2	2	2	2	2	2	2	2	2	2	2	2	2	1	1	1	1	1	1	1	1	1	1	1	1	1	1	1	1	1	1	1	1	1	1	1	1	1	1	1	1	1	1	1	1	1	1	1	1	1	1	1	1	1	1	1	1	1	1	1	1	1	1	1	1	1	1	1	1	1	1	1	1	1	1	1	1	1	1	1	1	1	1	1	1	1	1	1	1	1	1	1	1	1	1	1	1	1	1	1	1	1	1	1	1	1	1	1	1	1	1	1	1	1	1	1	1	1	1	1	1	1	1	1	1	1	1	1	1	1	1	1	1	1	1	1	1	1	1	1	1	1	1	1	1	1	1	1	1	1	1	1	1	1	1	1	1	1	1	1	1	1	1	1	1	1	1	1	1	1	1	1	1	1	1	1	1	1	1	1	
361	49	48	40	22	20	17	10	6	6	6	5	5	5	5	4	4	4	4	4	3	3	2	2	2	2	2	2	1	1	1	1	1	1	1	1	1	1	1	1	1	1	1	1	1	1	1	1	1	1	1	1	1	
281	80	36	18	13	13	9	8	8	7	7	7	5	5	5	5	4	4	4	3	3	3	2	2	2	2	2	2	1	1	1	1	1	1	1	1	1	1	1	1	1	1	1	1	1	1	1	1	1	1	1	1	1	1	1	1	1	1	1	1	1	1	1	1	1	1	1	1	
196	78	38	29	28	12	8	6	6	5	5	5	4	4	4	3	2	2	2	2	2	2	2	2	2	2	2	2	2	2	2	2	1	1	1	1	1	1	1	1	1	1	1	1	1	1	1	1	1	1	1	1	1	1	1	1	1	1	1	1	1	1	1	1	1	1	1	1	1	1	
152	14	11	9	7	6	5	5	4	4	4	3	3	3	3	3	2	2	2	2	2	2	2	2	2	2	2	2	2	1	1	1	1	1	1	1	1	1	1	1	1	1	1	1	1	1	1	1	1	1	1	1	1	1	1	1	1	1	1	1	1	
84	24	14	12	11	10	9	8	8	6	5	5	4	4	4	4	4	4	3	3	3	2	2	2	2	2	2	2	2	2	2	2	2	2	2	1	1	1	1	1	1	1	1	1	1	1	1	1	1	1	1	1	1	1	1	1	1	1	1	1	1	1	1	1	1	1	1	1	1	1	1	
19	18	11	8	5	5	5	4	4	3	3	3	3	3	3	2	2	2	2	2	2	2	2	2	2	2	2	2	2	2	2	1	1	1	1	1	1	1	1	1	1	1	1	1	1	1	1	1	1	1	1	1	1	1	1	1	1	1	1	1	1	1	1	1	1	1	1	1	1	1	1	1	1	1	1	1	1	1	1	1	1	1	1	1	1	1	1	1	1	1	1	1	1	1	1	1	1	1	1	1	1	1	1	1	1	1	1	1	1	1	1	1	1	1	1	1	1	1	1	1	1	1	1	1	1	1	1	1	1	1	1	1	1	1	1	1	1	1	1	1	1	1	1	1	1	
20	17	16	15	14	9	8	8	8	8	8	7	6	6	5	5	4	3	3	3	3	3	2	2	2	2	2	2	2	2	2	1	1	1	1	1	1	1	1	1	1	1	1	1	1	1	1	1	1	1	1	1	1	1	1	1	1	1	1	1	1	1	1	1	1	
160	19	10	3	3	2	1	1	1	1	1	1	1	1	
51	25	14	7	5	4	3	3	3	3	3	2	2	2	2	2	2	2	2	2	2	2	2	2	2	2	1	1	1	1	1	1	1	1	1	1	1	1	1	1	1	1	1	1	1	1	1	1	1	1	1	1	1	1	1	1	1	1	1	1	1	1	1	1	1	1	1	1	1	1	1	1	1	1	
50	42	16	10	8	7	6	3	3	2	2	2	2	2	1	1	1	1	1	1	1	1	1	1	1	1	1	1	1	1	1	1	1	1	1	1	1	1	1	1	
121	15	5	4	3	3	2	2	2	2	1	1	1	1	1	1	1	1	1	1	1	1	1	1	1	1	1	1	1	
68	40	13	10	8	6	5	4	3	3	3	2	2	1	1	1	1	1	1	1	1	1	1	1	
24	10	9	8	7	6	5	4	3	3	3	3	3	3	3	2	2	2	2	2	2	2	2	2	2	2	2	1	1	1	1	1	1	1	1	1	1	1	1	1	1	1	1	1	1	1	1	1	1	1	1	1	1	1	1	1	1	1	1	1	1	1	1	1	1	1	1	
29	18	12	8	6	4	4	4	3	3	3	3	2	2	2	2	2	2	2	2	2	1	1	1	1	1	1	1	1	1	1	1	1	1	1	1	1	1	1	1	1	1	1	1	1	1	1	1	1	1	1	1	1	1	1	1	1	1	1	1	1	1	1	
70	14	10	9	8	5	5	4	3	2	2	2	1	1	1	1	1	1	1	1	1	1	1	1	1	1	1	1	1	1	1	1	1	1	
30	19	18	5	5	4	4	4	3	2	2	2	2	2	1	1	1	1	1	1	1	1	1	1	1	1	1	1	1	1	1	1	1	1	1	1	1	1	1	1	1	1	1	1	1	1	1	1	1	1	1	1	1	1	
9	9	9	9	6	5	5	5	4	4	4	4	4	3	3	3	3	3	3	2	2	2	2	2	2	2	2	2	1	1	1	1	1	1	1	1	1	1	1	1	1	1	1	1	1	1	1	1	1	1	1	1	1	1	1	
89	9	5	4	3	2	2	2	2	2	2	2	1	1	1	1	1	1	1	1	1	1	1	
42	9	9	8	7	6	5	4	4	3	3	2	2	1	1	1	1	1	1	1	1	1	1	1	1	1	1	1	1	1	1	1	1	1	1	1	1	1	1	1	1	
14	13	13	8	7	7	5	5	4	4	3	3	3	3	2	2	2	2	2	2	1	1	1	1	1	1	1	1	1	1	1	1	1	1	1	1	1	1	1	1	1	1	1	1	1	
62	18	8	6	3	3	2	2	1	1	1	1	1	1	1	1	
41	17	10	7	4	3	2	2	2	2	1	1	1	1	1	1	1	1	1	
20	6	6	6	5	5	4	4	4	3	2	2	2	2	2	2	1	1	1	1	1	1	1	1	1	1	1	1	1	1	1	1	1	1	
29	17	9	8	4	3	3	3	3	2	2	1	1	1	1	1	1	1	1	1	
32	7	4	3	3	3	3	3	3	2	1	1	1	1	1	1	1	1	1	1	1	1	1	1	1	1	1	1	1	1	1	1	1	1	1	
20	7	7	6	4	3	3	2	2	2	1	1	1	1	1	1	1	1	1	1	1	1	1	1	1	1	1	1	1	1	1	1	1	1	1	1	1	1	1	1	1	
32	14	7	4	3	3	2	2	2	2	2	2	2	1	1	1	1	1	1	1	1	1	1	
32	13	6	4	3	3	2	2	2	2	1	1	1	1	1	1	1	1	1	1	1	1	1	1	1	
23	10	4	3	3	3	2	2	2	2	2	1	1	1	1	1	1	1	1	1	1	1	1	1	1	1	1	1	1	1	1	1	1	1	1	1	1	
15	9	8	6	4	4	4	3	3	2	2	2	2	2	2	2	1	1	1	1	1	1	1	1	1	
39	4	4	3	3	3	2	2	2	2	1	1	1	1	1	1	1	1	1	1	1	1	1	1	1	
5	5	5	4	4	4	4	3	3	3	3	2	2	2	2	2	2	2	1	1	1	1	1	1	1	1	1	1	1	1	1	1	1	1	1	1	1	
14	7	4	4	4	3	3	3	2	2	2	1	1	1	1	1	1	1	1	1	1	1	1	1	1	1	1	1	1	1	1	1	1	1	
35	9	5	5	2	2	2	2	1	1	1	1	1	1	1	1	1	
70	
28	12	8	2	2	1	1	1	1	1	1	1	1	1	1	1	1	1	1	1	
7	4	3	3	3	3	3	3	3	2	2	2	2	2	2	1	1	1	1	1	1	1	1	1	1	1	1	1	1	1	1	1	1	1	1	1	1	
7	6	4	4	3	3	3	3	2	2	1	1	1	1	1	1	1	1	1	1	1	1	1	1	1	1	1	1	1	1	1	1	1	1	1	1	1	1	1	
10	5	4	3	3	3	2	2	2	2	1	1	1	1	1	1	1	1	1	1	1	1	1	1	1	1	1	1	1	1	1	1	1	1	
7	4	2	2	2	2	2	2	1	1	1	1	1	1	1	1	1	1	1	1	1	1	1	1	1	1	1	1	1	1	1	1	1	1	1	1	1	1	1	1	1	1	1	1	
22	9	7	7	2	1	1	1	1	1	1	1	1	1	1	1	
12	3	3	3	2	1	1	1	1	1	1	1	1	1	1	1	1	1	1	1	1	1	1	1	1	1	1	1	1	1	1	1	1	1	1	1	1	1	1	
11	8	4	4	3	2	2	2	2	2	1	1	1	1	1	1	1	1	1	1	1	1	1	1	1	1	1	
4	3	2	2	2	1	1	1	1	1	1	1	1	1	1	1	1	1	1	1	1	1	1	1	1	1	1	1	1	1	1	1	1	1	1	1	1	1	1	1	1	1	1	1	
19	5	3	3	3	2	2	2	2	2	1	1	1	1	1	1	1	1	1	
25	6	6	3	2	2	1	1	1	1	1	1	1	1	
6	5	4	3	3	2	2	2	2	2	2	1	1	1	1	1	1	1	1	1	1	1	1	1	1	1	1	1	1	
21	10	3	3	2	1	1	1	1	1	1	1	1	1	1	1	
9	3	2	2	2	2	2	1	1	1	1	1	1	1	1	1	1	1	1	1	1	1	1	1	1	1	1	1	1	1	1	1	1	
36	7	2	1	1	1	
5	4	4	3	3	3	2	2	2	2	2	2	1	1	1	1	1	1	1	1	1	1	1	1	1	1	
10	3	3	3	3	2	2	2	2	1	1	1	1	1	1	1	1	1	1	1	1	1	1	1	1	
5	4	4	2	2	2	1	1	1	1	1	1	1	1	1	1	1	1	1	1	1	1	1	1	1	1	1	1	1	1	1	1	1	
12	3	3	2	2	1	1	1	1	1	1	1	1	1	1	1	1	1	1	1	1	1	1	1	1	1	1	1	
6	5	4	4	3	2	2	2	2	2	2	1	1	1	1	1	1	1	1	1	1	
10	5	4	3	2	1	1	1	1	1	1	1	1	1	1	1	1	1	1	1	1	1	1	1	1	
23	6	5	4	1	1	1	1	1	
9	7	3	2	1	1	1	1	1	1	1	1	1	1	1	1	1	1	1	1	1	1	1	1	1	1	
12	5	3	2	2	1	1	1	1	1	1	1	1	1	1	1	1	1	1	1	1	1	1	
8	8	4	3	2	2	2	2	1	1	1	1	1	1	1	1	1	1	1	
12	4	4	4	3	3	1	1	1	1	1	1	1	1	1	1	1	1	
6	6	4	2	2	1	1	1	1	1	1	1	1	1	1	1	1	1	1	1	1	1	1	1	1	
12	3	2	2	2	2	2	2	1	1	1	1	1	1	1	1	1	1	1	1	1	
8	7	5	5	2	2	2	2	1	1	1	1	1	1	
4	4	3	3	3	3	3	2	2	1	1	1	1	1	1	1	1	1	
15	4	3	2	1	1	1	1	1	1	1	1	1	1	1	1	
14	5	5	2	1	1	1	1	1	1	1	1	1	
5	4	3	3	3	3	2	2	2	1	1	1	1	1	1	1	1	
16	8	4	3	2	1	1	
10	7	2	2	1	1	1	1	1	1	1	1	1	1	1	1	
17	6	5	2	2	
29	3	
10	7	3	3	2	2	1	1	1	
3	3	2	1	1	1	1	1	1	1	1	1	1	1	1	1	1	1	1	1	1	1	1	1	1	
5	2	2	2	2	2	1	1	1	1	1	1	1	1	1	1	1	1	1	1	
5	2	2	2	2	2	1	1	1	1	1	1	1	1	1	1	1	1	1	1	
9	8	2	1	1	1	1	1	1	1	1	1	
24	2	1	1	
9	5	3	2	2	2	1	1	1	1	1	
11	9	5	2	1	
4	3	2	2	2	2	2	1	1	1	1	1	1	1	1	1	1	1	
17	3	2	1	1	1	1	1	
12	2	1	1	1	1	1	1	1	1	1	1	1	
3	2	2	2	1	1	1	1	1	1	1	1	1	1	1	1	1	1	1	1	
8	4	4	2	1	1	1	1	1	1	1	
10	3	3	2	2	1	1	1	1	1	
12	11	1	
6	3	2	2	1	1	1	1	1	1	1	1	1	1	1	
12	6	2	1	1	1	
2	2	2	2	1	1	1	1	1	1	1	1	1	1	1	1	1	1	1	
10	2	1	1	1	1	1	1	1	1	1	1	
5	4	3	2	2	1	1	1	1	1	1	
12	2	1	1	1	1	1	1	1	1	
4	3	3	3	2	1	1	1	1	1	1	1	
13	2	1	1	1	1	1	1	1	
14	2	1	1	1	1	1	1	
8	3	1	1	1	1	1	1	1	1	1	1	1	
5	5	3	3	2	2	1	
2	2	2	2	1	1	1	1	1	1	1	1	1	1	1	1	1	
7	2	2	1	1	1	1	1	1	1	1	1	1	
17	1	1	1	1	
5	5	3	3	2	1	1	1	
10	2	2	1	1	1	1	1	1	
15	2	1	1	
7	3	2	1	1	1	1	1	1	
5	3	3	3	1	1	1	
6	2	1	1	1	1	1	1	1	1	1	
5	2	2	1	1	1	1	1	1	1	
3	3	2	2	1	1	1	1	1	1	
10	1	1	1	1	1	1	
7	2	1	1	1	1	1	1	1	
5	2	2	1	1	1	1	1	1	1	
3	2	1	1	1	1	1	1	1	1	1	1	1	
7	2	2	1	1	1	1	1	
5	3	3	2	2	1	
7	3	1	1	1	1	1	
4	4	2	1	1	1	1	1	
4	3	3	2	2	1	
14	1	
3	2	2	2	1	1	1	1	1	1	
3	1	1	1	1	1	1	1	1	1	1	1	1	
3	2	2	2	1	1	1	1	1	1	
11	2	1	1	
5	4	2	1	1	1	1	
8	1	1	1	1	1	1	
6	1	1	1	1	1	1	1	1	
7	3	1	1	1	1	
3	3	2	2	2	1	1	
3	2	2	1	1	1	1	1	1	1	
9	2	1	1	1	
5	2	2	2	1	1	1	
3	2	2	2	2	1	1	
13	
8	2	1	1	1	
4	2	2	1	1	1	1	1	
4	4	3	1	1	
7	2	1	1	1	1	
13	
3	2	1	1	1	1	1	1	1	1	
6	2	1	1	1	1	1	
7	1	1	1	1	1	1	
9	1	1	1	1	
5	3	2	1	1	1	
3	3	2	1	1	1	1	1	
7	2	1	1	1	
10	2	
2	1	1	1	1	1	1	1	1	1	1	
2	2	2	2	1	1	1	1	
9	2	1	
4	3	1	1	1	1	1	
4	2	1	1	1	1	1	1	
3	3	3	1	1	1	
4	3	1	1	1	1	1	
10	1	1	
3	2	2	1	1	1	1	1	
3	3	2	2	1	1	
6	2	1	1	1	1	
4	3	2	1	1	1	
2	1	1	1	1	1	1	1	1	1	
9	1	1	
2	2	1	1	1	1	1	1	1	
4	2	2	1	1	1	
4	3	2	1	1	
9	1	1	
2	2	1	1	1	1	1	1	1	
3	2	2	1	1	1	1	
3	2	2	2	1	1	
7	2	1	1	
5	2	1	1	1	1	
7	1	1	1	
5	3	1	1	
3	2	1	1	1	1	1	
5	1	1	1	1	1	
3	2	1	1	1	1	1	
6	2	1	1	
2	2	1	1	1	1	1	1	
10	
5	2	1	1	1	
4	3	1	1	1	
4	2	1	1	1	1	
6	1	1	1	
3	1	1	1	1	1	1	
2	2	2	1	1	1	
8	1	
4	3	1	1	
2	1	1	1	1	1	1	1	
3	2	1	1	1	1	
7	1	1	
2	2	2	1	1	1	
6	1	1	1	
6	1	1	1	
9	
2	1	1	1	1	1	1	1	
3	3	1	1	1	
2	2	1	1	1	1	1	
5	1	1	1	
4	2	1	1	
3	1	1	1	1	1	
3	2	1	1	1	
3	1	1	1	1	1	
6	1	1	
1	1	1	1	1	1	1	1	
5	1	1	1	
7	1	
3	2	1	1	1	
7	1	
2	1	1	1	1	1	1	
3	2	2	1	
2	1	1	1	1	1	1	
4	1	1	1	1	
7	1	
3	1	1	1	1	1	
5	3	
5	1	1	1	
6	2	
4	1	1	1	1	
4	2	1	1	
2	2	1	1	1	1	
2	1	1	1	1	1	
4	1	1	1	
3	2	1	1	
2	1	1	1	1	1	
2	1	1	1	1	1	
1	1	1	1	1	1	1	
7	
1	1	1	1	1	1	1	
2	1	1	1	1	1	
3	1	1	1	1	
3	1	1	1	1	
4	1	1	1	
5	2	
4	2	1	
5	2	
7	
6	1	
7	
1	1	1	1	1	1	1	
4	3	
3	1	1	1	1	
7	
7	
5	2	
4	1	1	1	
2	1	1	1	1	1	
4	1	1	1	
2	2	1	1	1	
3	1	1	1	1	
5	1	
3	1	1	1	
2	1	1	1	1	
6	
2	1	1	1	1	
2	2	1	1	
2	1	1	1	1	
4	1	1	
6	
3	2	1	
2	1	1	1	1	
2	1	1	1	1	
6	
2	2	1	1	
3	2	1	
3	2	1	
5	1	
5	1	
1	1	1	1	1	1	
3	1	1	1	
6	
3	1	1	1	
5	1	
1	1	1	1	1	1	
1	1	1	1	1	1	
5	1	
1	1	1	1	1	1	
2	2	1	1	
2	1	1	1	1	
2	2	1	1	
3	3	
2	1	1	1	
2	1	1	1	
2	1	1	1	
1	1	1	1	1	
5	
1	1	1	1	1	
2	1	1	1	
2	1	1	1	
1	1	1	1	1	
2	2	1	
5	
1	1	1	1	1	
1	1	1	1	1	
1	1	1	1	1	
3	1	1	
3	2	
2	1	1	1	
2	1	1	1	
2	1	1	1	
3	1	1	
1	1	1	1	1	
4	1	
1	1	1	1	1	
2	1	1	1	
3	1	1	
1	1	1	1	1	
2	1	1	1	
2	2	1	
1	1	1	1	1	
4	1	
5	
2	1	1	1	
2	1	1	1	
1	1	1	1	1	
4	1	
3	1	1	
2	1	1	1	
4	1	
1	1	1	1	1	
3	1	1	
2	1	1	1	
4	1	
2	1	1	1	
2	2	1	
2	1	1	1	
5	
2	1	1	1	
3	1	1	
3	1	
3	1	
1	1	1	1	
3	1	
2	1	1	
1	1	1	1	
2	1	1	
2	1	1	
2	1	1	
2	1	1	
1	1	1	1	
2	1	1	
2	1	1	
1	1	1	1	
2	2	
2	2	
2	1	1	
1	1	1	1	
3	1	
2	1	1	
4	
4	
1	1	1	1	
3	1	
2	1	1	
1	1	1	1	
4	
3	1	
3	1	
2	2	
2	2	
2	1	1	
1	1	1	1	
2	1	1	
2	1	1	
2	1	1	
1	1	1	1	
3	1	
1	1	1	1	
3	1	
2	2	
1	1	1	1	
2	1	1	
2	1	1	
2	1	1	
2	1	1	
1	1	1	1	
1	1	1	1	
1	1	1	1	
2	1	1	
2	1	1	
2	1	1	
3	1	
2	1	1	
1	1	1	1	
4	
3	1	
3	1	
2	2	
3	1	
4	
2	2	
2	1	1	
1	1	1	1	
2	1	1	
4	
2	1	1	
4	
4	
2	1	1	
3	1	
1	1	1	1	
2	1	1	
4	
1	1	1	
1	1	1	
3	
2	1	
2	1	
1	1	1	
1	1	1	
3	
2	1	
2	1	
2	1	
2	1	
1	1	1	
2	1	
1	1	1	
2	1	
2	1	
1	1	1	
2	1	
1	1	1	
1	1	1	
2	1	
1	1	1	
2	1	
2	1	
1	1	1	
1	1	1	
2	1	
1	1	1	
1	1	1	
2	1	
1	1	1	
2	1	
1	1	1	
2	1	
1	1	1	
2	1	
1	1	1	
2	1	
2	1	
2	1	
1	1	1	
2	1	
1	1	1	
2	1	
1	1	1	
2	1	
1	1	1	
2	1	
1	1	1	
3	
3	
2	1	
1	1	1	
1	1	1	
3	
3	
2	1	
1	1	1	
2	1	
3	
1	1	1	
2	1	
1	1	1	
1	1	1	
1	1	1	
2	1	
2	1	
3	
2	1	
2	1	
1	1	1	
3	
2	1	
2	1	
3	
1	1	1	
2	1	
2	1	
1	1	1	
1	1	1	
3	
1	1	1	
2	1	
1	1	1	
2	1	
1	1	1	
1	1	1	
2	1	
2	1	
1	1	1	
2	1	
1	1	1	
1	1	1	
1	1	1	
3	
1	1	1	
2	1	
1	1	1	
2	1	
1	1	1	
3	
1	1	1	
3	
1	1	1	
1	1	1	
1	1	1	
2	1	
1	1	1	
3	
2	1	
2	1	
2	1	
3	
3	
2	1	
1	1	1	
1	1	
2	
1	1	
1	1	
1	1	
2	
1	1	
1	1	
1	1	
1	1	
2	
1	1	
1	1	
1	1	
1	1	
2	
1	1	
1	1	
2	
1	1	
2	
1	1	
1	1	
2	
1	1	
2	
1	1	
1	1	
1	1	
2	
2	
1	1	
1	1	
1	1	
2	
1	1	
1	1	
1	1	
1	1	
1	1	
2	
1	1	
1	1	
1	1	
1	1	
1	1	
1	1	
1	1	
1	1	
1	1	
1	1	
1	1	
2	
1	1	
2	
1	1	
1	1	
1	1	
1	1	
1	1	
1	1	
1	1	
1	1	
1	1	
1	1	
1	1	
1	1	
1	1	
1	1	
1	1	
2	
1	1	
1	1	
1	1	
1	1	
2	
1	1	
1	1	
1	1	
1	1	
2	
1	1	
1	1	
1	1	
1	1	
1	1	
2	
2	
1	1	
1	1	
1	1	
1	1	
2	
1	1	
1	1	
1	1	
2	
1	1	
1	1	
1	1	
2	
1	1	
2	
2	
1	1	
1	1	
1	1	
1	1	
1	1	
1	1	
2	
1	1	
1	1	
2	
1	1	
1	1	
1	1	
1	1	
2	
1	1	
1	1	
2	
1	1	
1	1	
1	1	
1	1	
1	1	
2	
1	1	
2	
1	1	
2	
1	1	
1	1	
2	
2	
1	1	
2	
1	1	
1	1	
2	
1	1	
1	1	
2	
1	1	
2	
1	1	
1	1	
1	1	
2	
1	1	
1	1	
1	1	
1	1	
1	1	
1	1	
2	
2	
2	
1	1	
1	1	
1	1	
1	1	
1	1	
1	1	
2	
1	1	
2	
1	1	
2	
1	1	
2	
1	1	
1	1	
2	
1	1	
1	1	
1	1	
1	1	
2	
1	1	
1	1	
1	1	
1	1	
2	
1	1	
1	1	
2	
1	1	
2	
1	1	
1	1	
2	
1	1	
1	1	
1	1	
1	1	
2	
1	1	
1	1	
1	1	
1	1	
1	1	
1	1	
1	1	
1	1	
1	1	
1	1	
2	
1	1	
2	
1	1	
1	1	
1	1	
1	1	
2	
1	1	
1	1	
2	
1	1	
1	1	
1	1	
2	
2	
1	1	
2	
1	1	
1	1	
1	1	
1	1	
1	1	
1	1	
1	1	
2	
2	
1	1	
1	1	
1	1	
1	1	
2	
2	
1	1	
1	1	
1	1	
1	1	
1	1	
1	1	
1	1	
1	1	
1	1	
1	1	
1	1	
2	
1	1	
1	1	
1	1	
1	1	
1	1	
1	1	
1	1	
1	1	
1	1	
1	1	
1	1	
2	
1	1	
1	1	
2	
1	1	
1	1	
1	1	
1	1	
1	1	
1	1	
2	
1	1	
1	1	
2	
2	
2	
1	1	
2	
1	1	
1	1	
1	1	
1	1	
1	1	
1	1	
1	1	
1	1	
1	1	
2	
1	1	
1	
1	
1	
1	
1	
1	
1	
1	
1	
1	
1	
1	
1	
1	
1	
1	
1	
1	
1	
1	
1	
1	
1	
1	
1	
1	
1	
1	
1	
1	
1	
1	
1	
1	
1	
1	
1	
1	
1	
1	
1	
1	
1	
1	
1	
1	
1	
1	
1	
1	
1	
1	
1	
1	
1	
1	
1	
1	
1	
1	
1	
1	
1	
1	
1	
1	
1	
1	
1	
1	
1	
1	
1	
1	
1	
1	
1	
1	
1	
1	
1	
1	
1	
1	
1	
1	
1	
1	
1	
1	
1	
1	
1	
1	
1	
1	
1	
1	
1	
1	
1	
1	
1	
1	
1	
1	
1	
1	
1	
1	
1	
1	
1	
1	
1	
1	
1	
1	
1	
1	
1	
1	
1	
1	
1	
1	
1	
1	
1	
1	
1	
1	
1	
1	
1	
1	
1	
1	
1	
1	
1	
1	
1	
1	
1	
1	
1	
1	
1	
1	
1	
1	
1	
1	
1	
1	
1	
1	
1	
1	
1	
1	
1	
1	
1	
1	
1	
1	
1	
1	
1	
1	
1	
1	
1	
1	
1	
1	
1	
1	
1	
1	
1	
1	
1	
1	
1	
1	
1	
1	
1	
1	
1	
1	
1	
1	
1	
1	
1	
1	
1	
1	
1	
1	
1	
1	
1	
1	
1	
1	
1	
1	
1	
1	
1	
1	
1	
1	
1	
1	
1	
1	
1	
1	
1	
1	
1	
1	
1	
1	
1	
1	
1	
1	
1	
1	
1	
1	
1	
1	
1	
1	
1	
1	
1	
1	
1	
1	
1	
1	
1	
1	
1	
1	
1	
1	
1	
1	
1	
1	
1	
1	
1	
1	
1	
1	
1	
1	
1	
1	
1	
1	
1	
1	
1	
1	
1	
1	
1	
1	
1	
1	
1	
1	
1	
1	
1	
1	
1	
1	
1	
1	
1	
1	
1	
1	
1	
1	
1	
1	
1	
1	
1	
1	
1	
1	
1	
1	
1	
1	
1	
1	
1	
1	
1	
1	
1	
1	
1	
1	
1	
1	
1	
1	
1	
1	
1	
1	
1	
1	
1	
1	
1	
1	
1	
1	
1	
1	
1	
1	
1	
1	
1	
1	
1	
1	
1	
1	
1	
1	
1	
1	
1	
1	
1	
1	
1	
1	
1	
1	
1	
1	
1	
1	
1	
1	
1	
1	
1	
1	
1	
1	
1	
1	
1	
1	
1	
1	
1	
1	
1	
1	
1	
1	
1	
1	
1	
1	
1	
1	
1	
1	
1	
1	
1	
1	
1	
1	
1	
1	
1	
1	
1	
1	
1	
1	
1	
1	
1	
1	
1	
1	
1	
1	
1	
1	
1	
1	
1	
1	
1	
1	
1	
1	
1	
1	
1	
1	
1	
1	
1	
1	
1	
1	
1	
1	
1	
1	
1	
1	
1	
1	
1	
1	
1	
1	
1	
1	
1	
1	
1	
1	
1	
1	
1	
1	
1	
1	
1	
1	
1	
1	
1	
1	
1	
1	
1	
1	
1	
1	
1	
1	
1	
1	
1	
1	
1	
1	
1	
1	
1	
1	
1	
1	
1	
1	
1	
1	
1	
1	
1	
1	
1	
1	
1	
1	
1	
1	
1	
1	
1	
1	
1	
1	
1	
1	
1	
1	
1	
1	
1	
1	
1	
1	
1	
1	
1	
1	
1	
1	
1	
1	
1	
1	
1	
1	
1	
1	
1	
1	
1	
1	
1	
1	
1	
1	
1	
1	
1	
1	
1	
1	
1	
1	
1	
1	
1	
1	
1	
1	
1	
1	
1	
1	
1	
1	
1	
1	
1	
1	
1	
1	
1	
1	
1	
1	
1	
1	
1	
1	
1	
1	
1	
1	
1	
1	
1	
1	
1	
1	
1	
1	
1	
1	
1	
1	
1	
1	
1	
1	
1	
1	
1	
1	
1	
1	
1	
1	
1	
1	
1	
1	
1	
1	
1	
1	
1	
1	
1	
1	
1	
1	
1	
1	
1	
1	
1	
1	
1	
1	
1	
1	
1	
1	
1	
1	
1	
1	
1	
1	
1	
1	
1	
1	
1	
1	
1	
1	
1	
1	
1	
1	
1	
1	
1	
1	
1	
1	
1	
1	
1	
1	
1	
1	
1	
1	
1	
1	
1	
1	
1	
1	
1	
1	
1	
1	
1	
1	
1	
1	
1	
1	
1	
1	
1	
1	
1	
1	
1	
1	
1	
1	
1	
1	
1	
1	
1	
1	
1	
1	
1	
1	
1	
1	
1	
1	
1	
1	
1	
1	
1	
1	
1	
1	
1	
1	
1	
1	
1	
1	
1	
1	
1	
1	
1	
1	
1	
1	
1	
1	
1	
1	
1	
1	
1	
1	
1	
1	
1	
1	
1	
1	
1	
1	
1	
1	
1	
1	
1	
1	
1	
1	
1	
1	
1	
1	
1	
1	
1	
1	
1	
1	
1	
1	
1	
1	
1	
1	
1	
1	
1	
1	
1	
1	
1	
1	
1	
1	
1	
1	
1	
1	
1	
1	
1	
1	
1	
1	
1	
1	
1	
1	
1	
1	
1	
1	
1	
1	
1	
1	
1	
1	
1	
1	
1	
1	
1	
1	
1	
1	
1	
1	
1	
1	
1	
1	
1	
1	
1	
1	
1	
1	
1	
1	
1	
1	
1	
1	
1	
1	
1	
1	
1	
1	
1	
1	
1	
1	
1	
1	
1	
1	
1	
1	
1	
1	
1	
1	
1	
1	
1	
1	
1	
1	
1	
1	
1	
1	
1	
1	
1	
1	
1	
1	
1	
1	
1	
1	
1	
1	
1	
1	
1	
1	
1	
1	
1	
1	
1	
1	
1	
1	
1	
1	
1	
1	
1	
1	
1	
1	
1	
1	
1	
1	
1	
1	
1	
1	
1	
1	
1	
1	
1	
1	
1	
1	
1	
1	
1	
1	
1	
1	
1	
1	
1	
1	
1	
1	
1	
1	
1	
1	
1	
1	
1	
1	
1	
1	
1	
1	
1	
1	
1	
1	
1	
1	
1	
1	
1	
1	
1	
1	
1	
1	
1	
1	
1	
1	
1	
1	
1	
1	
1	
1	
1	
1	
1	
1	
1	
1	
1	
1	
1	
1	
1	
1	
1	
1	
1	
1	
1	
1	
1	
1	
1	
1	
1	
1	
1	
1	
1	
1	
1	
1	
1	
1	
1	
1	
1	
1	
1	
1	
1	
1	
1	
1	
1	
1	
1	
1	
1	
1	
1	
1	
1	
1	
1	
1	
1	
1	
1	
1	
1	
1	
1	
1	
1	
1	
1	
1	
1	
1	
1	
1	
1	
1	
1	
1	
1	
1	
1	
1	
1	
1	
1	
1	
1	
1	
1	
1	
1	
1	
1	
1	
1	
1	
1	
1	
1	
1	
1	
1	
1	
1	
1	
1	
1	
1	
1	
1	
1	
1	
1	
1	
1	
1	
1	
1	
1	
1	
1	
1	
1	
1	
1	
1	
1	
1	
1	
1	
1	
1	
1	
1	
1	
1	
1	
1	
1	
1	
1	
1	
1	
1	
1	
1	
1	
1	
1	
1	
1	
1	
1	
1	
1	
1	
1	
1	
1	
1	
1	
1	
1	
1	
1	
1	
1	
1	
1	
1	
1	
1	
1	
1	
1	
1	
1	
1	
1	
1	
1	
1	
1	
1	
1	
1	
1	
1	
1	
1	
1	
1	
1	
1	
1	
1	
1	
1	
1	
1	
1	
1	
1	
1	
1	
1	
1	
1	
1	
1	
1	
1	
1	
1	
1	
1	
1	
1	
1	
1	
1	
1	
1	
1	
1	
1	
1	
1	
1	
1	
1	
1	
1	
1	
1	
1	
1	
1	
1	
1	
1	
1	
1	
1	
1	
1	
1	
1	
1	
1	
1	
1	
1	
1	
1	
1	
1	
1	
1	
1	
1	
1	
1	
1	
1	
1	
1	
1	
1	
1	
1	
1	
1	
1	
1	
1	
1	
1	
1	
1	
1	
1	
1	
1	
1	
1	
1	
1	
1	
1	
1	
1	
1	
1	
1	
1	
