148	137	135	83	69	47	37	19	16	15	10	8	7	6	6	5	5	5	5	5	4	4	4	4	4	4	4	3	3	3	3	2	2	2	2	2	2	2	2	2	2	2	2	2	2	2	2	1	1	1	1	1	1	1	1	1	1	1	1	1	1	1	1	1	1	1	1	1	1	1	1	1	1	1	1	1	1	1	1	1	1	1	1	1	1	1	1	1	
78	15	15	13	12	11	7	6	6	5	4	4	4	4	3	3	3	3	3	3	2	2	2	2	2	2	2	2	2	2	2	2	2	2	2	1	1	1	1	1	1	1	1	1	1	1	1	1	1	1	1	1	1	1	1	1	1	1	1	1	1	1	1	1	1	1	1	1	1	1	1	1	1	1	1	1	1	1	1	1	1	1	1	1	1	1	1	1	1	
284	
108	33	24	13	10	9	7	5	5	4	4	3	3	3	3	2	2	2	2	2	2	1	1	1	1	1	1	1	1	1	1	1	1	1	1	1	
54	40	40	8	5	3	3	2	2	1	1	1	1	1	1	1	1	1	1	1	1	
70	33	7	4	3	3	3	3	2	2	2	1	1	1	1	1	1	1	1	
9	6	6	5	5	5	5	4	4	3	3	3	3	3	3	2	2	2	2	2	2	2	2	1	1	1	1	1	1	1	1	1	1	1	1	1	1	1	1	1	1	1	1	
14	10	10	7	6	4	3	3	3	2	1	1	1	1	1	1	1	1	1	1	1	1	1	1	1	1	1	1	
42	25	7	1	1	1	1	
15	10	6	5	4	3	2	2	2	2	2	2	2	1	1	1	1	1	1	1	1	1	1	1	1	1	
21	9	6	5	4	3	2	2	2	1	1	1	1	1	1	1	1	
6	3	3	3	2	2	2	2	2	2	1	1	1	1	1	1	1	1	1	1	1	1	1	1	1	1	1	1	1	1	1	1	1	1	1	1	1	
6	6	5	4	3	3	3	2	2	2	1	1	1	1	1	1	1	1	1	1	1	1	1	1	
24	3	3	2	2	1	1	1	1	1	1	1	1	1	1	1	1	1	
6	5	5	4	2	2	2	2	2	1	1	1	1	1	1	1	1	1	1	1	1	1	1	1	
12	5	4	3	2	2	2	2	2	1	1	1	1	1	1	1	1	1	1	
15	8	4	2	2	2	1	1	1	1	1	1	1	1	1	1	1	
13	7	4	3	3	2	2	2	1	1	1	1	1	1	
10	7	7	4	3	2	2	1	1	1	1	
9	8	4	1	1	1	1	1	1	1	1	1	1	1	1	1	1	1	1	1	
12	6	2	1	1	1	1	1	1	1	1	1	1	1	1	1	1	1	1	1	
17	2	2	2	2	1	1	1	1	1	1	1	1	1	1	1	1	
7	4	4	2	2	2	1	1	1	1	1	1	1	1	1	1	1	1	1	1	1	
9	8	4	3	3	2	1	1	1	1	1	1	1	
9	9	5	5	2	1	1	1	1	1	
9	8	4	3	1	1	1	1	1	1	1	1	1	1	
4	4	3	3	2	2	2	2	2	1	1	1	1	1	1	1	1	1	
16	3	2	2	1	1	1	1	1	1	1	1	
18	7	2	2	1	1	
18	2	2	2	1	1	1	1	1	1	
24	1	1	1	1	1	1	
28	
3	2	2	2	1	1	1	1	1	1	1	1	1	1	1	1	1	1	1	1	1	1	1	
17	4	1	1	1	1	1	1	
5	3	2	2	2	2	1	1	1	1	1	1	1	1	1	1	
9	9	3	3	1	
10	3	2	1	1	1	1	1	1	1	1	1	1	
7	4	2	1	1	1	1	1	1	1	1	1	1	1	
3	3	2	1	1	1	1	1	1	1	1	1	1	1	1	1	1	1	1	
13	1	1	1	1	1	1	1	1	1	1	
5	2	2	2	2	1	1	1	1	1	1	1	1	1	1	
3	3	2	2	1	1	1	1	1	1	1	1	1	1	1	1	
6	6	2	2	1	1	1	1	1	1	
4	4	2	2	1	1	1	1	1	1	1	1	1	1	
3	3	2	2	2	1	1	1	1	1	1	1	1	1	
2	2	2	1	1	1	1	1	1	1	1	1	1	1	1	1	1	1	
6	4	3	3	2	1	1	
3	3	2	2	2	1	1	1	1	1	1	1	
4	2	1	1	1	1	1	1	1	1	1	1	1	1	1	
6	2	2	2	1	1	1	1	1	1	1	
5	3	2	1	1	1	1	1	1	1	1	1	
10	1	1	1	1	1	1	1	1	
6	4	2	2	2	1	1	
15	1	1	
11	5	
2	2	1	1	1	1	1	1	1	1	1	1	1	1	
7	3	2	1	1	1	1	
4	3	2	1	1	1	1	1	1	1	
3	3	1	1	1	1	1	1	1	1	1	1	
2	2	2	1	1	1	1	1	1	1	1	1	1	
12	1	1	1	
4	4	3	1	1	1	1	
13	1	1	
6	2	1	1	1	1	1	1	
3	2	2	1	1	1	1	1	1	1	
3	3	1	1	1	1	1	1	1	1	
2	2	1	1	1	1	1	1	1	1	1	1	
4	4	4	2	
7	4	2	1	
7	3	1	1	1	1	
11	2	1	
5	1	1	1	1	1	1	1	1	1	
9	2	1	1	
3	2	2	1	1	1	1	1	1	
4	2	2	1	1	1	1	1	
7	3	1	1	1	
3	2	2	1	1	1	1	1	1	
3	1	1	1	1	1	1	1	1	1	1	
1	1	1	1	1	1	1	1	1	1	1	1	1	
3	2	2	1	1	1	1	1	
6	4	1	1	
3	2	1	1	1	1	1	1	1	
4	2	1	1	1	1	1	1	
11	1	
2	1	1	1	1	1	1	1	1	1	1	
5	1	1	1	1	1	1	1	
3	2	2	1	1	1	1	1	
2	2	2	1	1	1	1	1	1	
4	2	2	2	1	
3	2	2	2	1	1	
2	2	1	1	1	1	1	1	1	
10	1	
2	1	1	1	1	1	1	1	1	1	
6	2	2	1	
3	3	2	1	1	1	
1	1	1	1	1	1	1	1	1	1	1	
2	1	1	1	1	1	1	1	1	1	
7	1	1	1	1	
5	2	1	1	1	
2	2	2	2	1	1	
7	2	1	
1	1	1	1	1	1	1	1	1	1	
2	1	1	1	1	1	1	1	1	
3	2	2	2	1	
3	1	1	1	1	1	1	1	
6	2	2	
3	1	1	1	1	1	1	1	
6	1	1	1	1	
2	2	2	1	1	1	
6	1	1	1	
3	2	1	1	1	1	
8	1	
2	1	1	1	1	1	1	1	
1	1	1	1	1	1	1	1	1	
2	1	1	1	1	1	1	1	
2	2	1	1	1	1	1	
5	1	1	1	1	
5	1	1	1	
2	2	2	1	1	
4	2	1	1	
2	1	1	1	1	1	1	
3	1	1	1	1	1	
3	2	1	1	1	
2	1	1	1	1	1	1	
4	2	1	1	
4	2	2	
2	1	1	1	1	1	1	
5	1	1	1	
2	1	1	1	1	1	1	
2	2	1	1	1	1	
4	1	1	1	1	
2	2	1	1	1	1	
3	1	1	1	1	
2	2	1	1	1	
6	1	
2	2	1	1	1	
2	2	1	1	1	
2	2	1	1	1	
3	3	1	
2	2	1	1	1	
3	2	1	1	
3	1	1	1	1	
5	1	1	
1	1	1	1	1	1	1	
2	2	1	1	1	
2	1	1	1	1	1	
4	2	1	
1	1	1	1	1	1	
2	1	1	1	1	
1	1	1	1	1	1	
4	1	1	
2	1	1	1	1	
2	2	1	1	
1	1	1	1	1	1	
4	1	1	
2	1	1	1	1	
2	2	1	1	
4	1	1	
3	2	1	
2	2	1	1	
2	2	1	1	
4	1	1	
2	1	1	1	1	
3	1	1	1	
4	1	1	
2	1	1	1	1	
3	1	1	1	
1	1	1	1	1	1	
1	1	1	1	1	1	
6	
3	1	1	1	
1	1	1	1	1	1	
2	1	1	1	1	
2	1	1	1	1	
2	2	1	1	
4	1	1	
4	1	1	
2	1	1	1	1	
4	1	1	
1	1	1	1	1	1	
3	1	1	
1	1	1	1	1	
3	1	1	
2	1	1	1	
2	1	1	1	
3	1	1	
3	1	1	
2	1	1	1	
1	1	1	1	1	
2	1	1	1	
4	1	
2	1	1	1	
2	1	1	1	
2	1	1	1	
4	1	
3	1	1	
2	1	1	1	
4	1	
2	1	1	1	
2	2	1	
2	1	1	1	
1	1	1	1	1	
2	2	1	
5	
2	1	1	1	
3	1	1	
2	1	1	1	
3	1	1	
1	1	1	1	1	
1	1	1	1	1	
3	1	1	
1	1	1	1	1	
2	1	1	1	
2	1	1	1	
2	1	1	1	
2	2	1	
5	
2	1	1	1	
2	1	1	1	
2	2	1	
2	1	1	
4	
1	1	1	1	
2	2	
3	1	
1	1	1	1	
2	2	
1	1	1	1	
2	1	1	
1	1	1	1	
4	
3	1	
4	
1	1	1	1	
1	1	1	1	
1	1	1	1	
2	1	1	
1	1	1	1	
3	1	
3	1	
1	1	1	1	
3	1	
3	1	
2	1	1	
1	1	1	1	
4	
2	1	1	
2	2	
2	1	1	
1	1	1	1	
1	1	1	1	
3	1	
1	1	1	1	
2	1	1	
2	1	1	
3	1	
2	1	1	
2	1	1	
1	1	1	1	
1	1	1	1	
2	1	1	
2	1	1	
4	
2	1	1	
1	1	1	1	
2	1	1	
1	1	1	1	
2	2	
2	1	1	
2	1	1	
2	1	1	
2	1	
3	
3	
2	1	
2	1	
2	1	
2	1	
2	1	
1	1	1	
2	1	
3	
1	1	1	
3	
1	1	1	
2	1	
2	1	
1	1	1	
2	1	
1	1	1	
1	1	1	
1	1	1	
1	1	1	
1	1	1	
1	1	1	
1	1	1	
2	1	
1	1	1	
2	1	
1	1	1	
1	1	1	
2	1	
1	1	1	
1	1	1	
1	1	1	
1	1	1	
1	1	1	
1	1	1	
2	1	
1	1	1	
1	1	1	
1	1	1	
2	1	
1	1	1	
2	1	
1	1	1	
1	1	1	
1	1	1	
1	1	1	
1	1	1	
2	1	
1	1	1	
1	1	1	
2	1	
2	1	
2	1	
2	1	
1	1	1	
1	1	1	
2	1	
1	1	1	
2	1	
1	1	1	
2	1	
1	1	1	
1	1	1	
1	1	1	
2	1	
3	
1	1	1	
3	
2	1	
1	1	1	
1	1	1	
2	1	
1	1	1	
1	1	1	
1	1	1	
1	1	1	
1	1	1	
1	1	1	
1	1	1	
2	1	
1	1	1	
2	1	
2	1	
1	1	1	
2	1	
1	1	1	
1	1	1	
1	1	1	
1	1	1	
3	
2	1	
3	
2	1	
1	1	1	
1	1	1	
1	1	1	
2	1	
3	
1	1	1	
1	1	1	
1	1	1	
2	1	
2	1	
2	1	
1	1	
2	
2	
2	
2	
2	
2	
1	1	
1	1	
2	
1	1	
1	1	
2	
2	
2	
2	
1	1	
1	1	
2	
1	1	
1	1	
2	
1	1	
1	1	
2	
2	
1	1	
2	
2	
2	
1	1	
1	1	
1	1	
1	1	
1	1	
1	1	
2	
1	1	
1	1	
2	
1	1	
1	1	
1	1	
1	1	
1	1	
1	1	
2	
2	
2	
2	
2	
2	
2	
2	
2	
2	
2	
2	
2	
2	
1	1	
1	1	
1	1	
2	
1	1	
2	
1	1	
1	1	
1	1	
1	1	
2	
1	1	
1	1	
1	1	
1	1	
1	1	
2	
1	1	
1	1	
2	
2	
1	1	
1	1	
2	
1	1	
1	1	
1	1	
1	1	
1	1	
1	1	
1	1	
1	1	
1	1	
2	
1	1	
2	
1	1	
2	
2	
2	
2	
1	1	
2	
1	1	
1	1	
2	
2	
2	
2	
1	1	
1	1	
1	1	
2	
1	1	
1	1	
1	1	
2	
1	1	
2	
1	1	
1	1	
2	
1	1	
1	1	
2	
1	1	
1	1	
1	1	
1	1	
1	1	
1	1	
1	1	
1	1	
2	
1	1	
2	
1	1	
1	1	
1	1	
2	
1	1	
1	1	
1	1	
2	
1	1	
2	
1	1	
1	1	
1	1	
1	1	
1	1	
1	1	
2	
1	1	
2	
2	
1	1	
2	
2	
1	1	
2	
1	1	
1	1	
1	1	
1	1	
1	1	
2	
1	1	
1	1	
1	1	
2	
1	1	
1	1	
2	
1	1	
2	
1	1	
2	
2	
1	1	
1	1	
1	1	
1	1	
2	
1	1	
1	1	
2	
2	
1	1	
1	1	
1	1	
1	1	
2	
1	1	
1	1	
1	1	
1	1	
1	1	
1	1	
1	1	
1	1	
1	1	
1	1	
2	
2	
2	
2	
1	1	
1	1	
1	1	
1	1	
1	1	
2	
1	1	
1	1	
1	1	
1	
1	
1	
1	
1	
1	
1	
1	
1	
1	
1	
1	
1	
1	
1	
1	
1	
1	
1	
1	
1	
1	
1	
1	
1	
1	
1	
1	
1	
1	
1	
1	
1	
1	
1	
1	
1	
1	
1	
1	
1	
1	
1	
1	
1	
1	
1	
1	
1	
1	
1	
1	
1	
1	
1	
1	
1	
1	
1	
1	
1	
1	
1	
1	
1	
1	
1	
1	
1	
1	
1	
1	
1	
1	
1	
1	
1	
1	
1	
1	
1	
1	
1	
1	
1	
1	
1	
1	
1	
1	
1	
1	
1	
1	
1	
1	
1	
1	
1	
1	
1	
1	
1	
1	
1	
1	
1	
1	
1	
1	
1	
1	
1	
1	
1	
1	
1	
1	
1	
1	
1	
1	
1	
1	
1	
1	
1	
1	
1	
1	
1	
1	
1	
1	
1	
1	
1	
1	
1	
1	
1	
1	
1	
1	
1	
1	
1	
1	
1	
1	
1	
1	
1	
1	
1	
1	
1	
1	
1	
1	
1	
1	
1	
1	
1	
1	
1	
1	
1	
1	
1	
1	
1	
1	
1	
1	
1	
1	
1	
1	
1	
1	
1	
1	
1	
1	
1	
1	
1	
1	
1	
1	
1	
1	
1	
1	
1	
1	
1	
1	
1	
1	
1	
1	
1	
1	
1	
1	
1	
1	
1	
1	
1	
1	
1	
1	
1	
1	
1	
1	
1	
1	
1	
1	
1	
1	
1	
1	
1	
1	
1	
1	
1	
1	
1	
1	
1	
1	
1	
1	
1	
1	
1	
1	
1	
1	
1	
1	
1	
1	
1	
1	
1	
1	
1	
1	
1	
1	
1	
1	
1	
1	
1	
1	
1	
1	
1	
1	
1	
1	
1	
1	
1	
1	
1	
1	
1	
1	
1	
1	
1	
1	
1	
1	
1	
1	
1	
1	
1	
1	
1	
1	
1	
1	
1	
1	
1	
1	
1	
1	
1	
1	
1	
1	
1	
1	
1	
1	
1	
1	
1	
1	
1	
1	
1	
1	
1	
1	
1	
1	
1	
1	
1	
1	
1	
1	
1	
1	
1	
1	
1	
1	
1	
1	
1	
1	
1	
1	
1	
1	
1	
1	
1	
1	
1	
1	
1	
1	
1	
1	
1	
1	
1	
1	
1	
1	
1	
1	
1	
1	
1	
1	
1	
1	
1	
1	
1	
1	
1	
1	
1	
1	
1	
1	
1	
1	
1	
1	
1	
1	
1	
1	
1	
1	
1	
1	
1	
1	
1	
1	
1	
1	
1	
1	
1	
1	
1	
1	
1	
1	
1	
1	
1	
1	
1	
1	
1	
1	
1	
1	
1	
1	
1	
1	
1	
1	
1	
1	
1	
1	
1	
1	
1	
1	
1	
1	
1	
1	
1	
1	
1	
1	
1	
1	
1	
1	
1	
1	
1	
1	
1	
1	
1	
1	
1	
1	
1	
1	
1	
1	
1	
1	
1	
1	
1	
1	
1	
1	
1	
1	
1	
1	
1	
1	
1	
1	
1	
1	
1	
1	
1	
1	
1	
1	
1	
1	
1	
1	
1	
1	
1	
1	
1	
1	
1	
1	
1	
1	
1	
1	
1	
1	
1	
1	
1	
1	
1	
1	
1	
1	
1	
1	
1	
1	
1	
1	
1	
1	
1	
1	
1	
1	
1	
1	
1	
1	
1	
1	
1	
1	
1	
1	
1	
1	
1	
1	
1	
1	
1	
1	
1	
1	
1	
1	
1	
1	
1	
1	
1	
1	
1	
1	
1	
1	
1	
1	
1	
1	
1	
1	
1	
1	
1	
1	
1	
1	
1	
1	
1	
1	
1	
1	
1	
1	
1	
1	
1	
1	
1	
1	
1	
1	
1	
1	
1	
1	
1	
1	
1	
1	
1	
1	
1	
1	
1	
1	
1	
1	
1	
1	
1	
1	
1	
1	
1	
1	
1	
1	
1	
1	
1	
1	
1	
1	
1	
1	
1	
1	
1	
1	
1	
1	
1	
1	
1	
1	
1	
1	
1	
1	
1	
1	
1	
1	
1	
1	
1	
1	
1	
1	
1	
1	
1	
1	
1	
1	
1	
1	
1	
1	
1	
1	
1	
1	
1	
1	
1	
1	
1	
