4
4
4
40
41
42
4
44
4
43
4
45
46
4
47
48
4
49
4
4
4
4
41
4
4
4
4
4
4
43
40
45
4
40
41
4
4
4
4
4
44
40
4
40
40
4
42
40
43
47
40
45
49
42
42
46
4
4
44
41
4
42
46
4
46
47
47
4
42
4
44
4
40
43
44
44
41
43
46
40
45
4
48
45
45
43
43
4
49
41
4
4
4
46
49
4
48
4
4
43
48
48
4
42
49
4
4
44
4
46
40
4
40
4
4
45
4
44
4
41
4
49
48
41
4
44
4
46
42
43
4
4
47
4
47
42
4
4
40
4
42
47
4
41
4
41
4
48
4
49
47
4
4
4
41
4
40
45
4
43
46
45
41
49
4
41
42
43
48
43
4
4
4
46
4
46
4
4
45
4
44
4
48
46
42
4
4
42
4
45
49
41
4
4
40
49
47
45
44
41
4
47
4
40
46
40
43
4
47
43
4
46
41
4
49
4
42
43
48
42
45
42
43
40
4
45
45
4
40
4
4
42
43
41
47
43
47
43
43
41
4
47
42
47
4
49
42
48
41
49
4
47
4
40
40
4
4
48
40
44
49
4
4
4
41
41
45
4
48
46
40
4
41
45
40
46
42
40
43
42
44
4
43
41
43
49
4
4
40
46
49
4
47
42
44
49
44
40
44
47
44
46
44
48
43
46
43
4
44
49
41
46
43
45
48
49
42
4
4
43
47
43
4
42
41
40
42
49
43
45
43
48
41
45
4
48
47
42
47
44
43
4
46
40
4
49
44
46
48
4
4
45
41
41
43
47
44
48
46
42
46
48
47
46
48
45
45
43
4
43
44
46
4
4
44
4
44
44
40
44
4
4
46
4
41
4
45
46
40
43
43
4
4
41
43
47
4
42
43
44
48
4
45
4
4
44
44
45
48
48
48
4
4
41
40
42
4
49
4
47
4
41
48
4
43
45
45
4
4
42
45
48
45
4
42
47
41
4
48
4
40
47
42
42
45
48
42
4
4
43
4
46
45
4
46
4
41
47
4
40
47
42
42
40
47
4
48
42
40
4
47
42
47
42
42
41
41
48
49
49
44
49
4
42
46
45
49
48
43
44
4
4
40
41
4
43
46
45
49
44
4
45
4
41
43
4
4
44
4
4
4
4
47
41
43
49
46
4
43
48
41
47
47
49
44
48
46
4
46
48
49
4
4
48
4
40
47
41
42
40
4
