65	55	33	21	16	14	11	8	7	7	7	6	5	4	4	3	3	3	2	2	2	2	2	2	2	1	1	1	1	1	1	1	1	1	1	1	1	1	1	1	1	1	1	1	1	
59	27	10	8	7	6	5	4	4	4	3	3	2	2	2	2	1	1	1	1	1	1	1	1	1	1	1	1	1	1	1	1	1	1	
26	17	11	10	9	6	5	3	2	2	2	1	1	1	1	1	1	1	1	1	1	1	1	1	
83	4	2	1	1	1	1	1	1	1	1	
64	5	2	2	1	1	1	1	1	1	
38	3	3	3	2	2	2	1	1	1	1	1	1	1	1	1	1	1	1	1	1	1	1	1	1	1	1	1	1	1	1	1	
21	10	6	4	3	3	2	2	2	2	1	1	1	1	1	1	1	1	1	1	1	1	
21	7	7	5	3	3	2	2	2	1	1	1	1	1	1	1	1	1	1	1	
27	3	2	2	1	1	1	1	1	1	1	1	1	1	1	1	1	1	1	1	1	1	1	1	1	
20	6	3	2	2	1	1	1	1	1	1	1	1	1	1	1	1	1	1	1	1	1	1	
13	8	6	4	3	2	1	1	1	1	1	1	1	1	1	1	1	1	1	1	1	
25	5	3	3	2	2	2	1	1	1	1	1	1	1	1	
12	5	4	4	2	2	2	2	2	1	1	1	1	1	1	1	1	1	1	1	1	
4	4	3	3	3	3	2	2	2	2	2	2	1	1	1	1	1	1	1	1	1	1	1	1	1	1	
14	12	10	2	2	1	1	1	1	1	1	
13	5	5	4	2	2	1	1	1	1	1	1	1	1	1	1	1	1	1	
31	3	2	1	1	1	1	1	1	1	1	
14	5	4	2	2	2	1	1	1	1	1	1	1	1	1	1	1	1	1	
16	12	3	2	2	1	1	1	1	1	
14	7	4	4	3	3	2	1	1	1	
11	6	5	4	3	2	2	1	1	1	1	1	1	1	
26	6	3	2	
27	2	2	1	1	1	1	1	
4	4	3	2	1	1	1	1	1	1	1	1	1	1	1	1	1	1	1	1	1	1	1	1	1	1	1	
8	5	4	3	2	2	2	2	2	1	1	1	1	1	
12	2	2	2	2	1	1	1	1	1	1	1	1	1	1	1	1	1	1	1	
19	4	2	1	1	1	1	1	1	1	1	1	
5	3	2	2	2	2	2	1	1	1	1	1	1	1	1	1	1	1	1	1	1	1	
26	2	2	1	1	1	
7	7	6	2	2	2	1	1	1	1	1	1	
13	4	3	1	1	1	1	1	1	1	1	1	1	1	1	
6	4	4	3	2	1	1	1	1	1	1	1	1	1	1	1	1	1	
18	2	2	2	2	1	1	1	1	1	
3	2	2	2	2	2	2	2	1	1	1	1	1	1	1	1	1	1	1	1	1	
8	5	4	3	3	2	1	1	1	1	
11	2	2	2	2	1	1	1	1	1	1	1	1	1	1	
7	6	2	2	2	2	2	1	1	1	1	1	1	
10	6	3	2	2	2	1	1	1	
6	4	3	2	1	1	1	1	1	1	1	1	1	1	1	1	1	
2	2	1	1	1	1	1	1	1	1	1	1	1	1	1	1	1	1	1	1	1	1	1	1	1	
4	4	3	1	1	1	1	1	1	1	1	1	1	1	1	1	1	1	1	
9	8	2	2	1	1	1	1	1	1	
8	7	3	2	2	1	1	1	
10	2	1	1	1	1	1	1	1	1	1	1	1	1	
12	2	2	2	1	1	1	1	1	1	
5	3	3	2	2	2	1	1	1	1	1	1	1	
11	3	3	2	1	1	1	1	
6	4	2	2	2	1	1	1	1	1	1	
8	2	2	2	1	1	1	1	1	1	1	1	
3	3	2	2	2	2	2	1	1	1	1	1	
9	8	1	1	1	1	
15	2	2	1	1	
2	2	2	2	2	1	1	1	1	1	1	1	1	1	1	
14	2	1	1	1	1	
10	3	1	1	1	1	1	1	1	
4	2	2	2	1	1	1	1	1	1	1	1	1	1	
6	2	2	1	1	1	1	1	1	1	1	1	1	
4	3	2	1	1	1	1	1	1	1	1	1	1	1	
3	3	3	2	1	1	1	1	1	1	1	1	
4	2	2	2	1	1	1	1	1	1	1	1	1	
4	3	3	3	2	2	2	
13	2	1	1	1	
6	5	2	2	2	1	
7	6	1	1	1	1	1	
4	2	2	2	1	1	1	1	1	1	1	
10	1	1	1	1	1	1	1	
3	2	1	1	1	1	1	1	1	1	1	1	1	1	
5	3	2	1	1	1	1	1	1	
4	3	2	1	1	1	1	1	1	1	
3	3	3	2	1	1	1	1	1	
4	2	2	1	1	1	1	1	1	1	1	
7	1	1	1	1	1	1	1	1	1	
15	1	
2	2	1	1	1	1	1	1	1	1	1	1	1	1	
10	3	1	1	1	
6	2	1	1	1	1	1	1	1	
8	2	1	1	1	1	1	
11	1	1	1	1	
6	3	2	1	1	1	
3	3	2	2	1	1	1	1	
7	2	2	1	1	1	
11	2	
6	2	2	1	1	1	
5	2	2	1	1	1	1	
2	1	1	1	1	1	1	1	1	1	1	1	
5	1	1	1	1	1	1	1	1	
4	2	2	1	1	1	1	1	
6	6	1	
4	4	2	1	1	1	
7	2	1	1	1	1	
3	3	2	2	1	1	1	
5	4	3	1	
7	2	1	1	1	1	
9	1	1	1	1	
4	1	1	1	1	1	1	1	1	1	
7	3	1	1	
9	3	
6	1	1	1	1	1	1	
12	
2	2	2	2	1	1	1	1	
2	2	2	1	1	1	1	1	1	
7	2	1	1	1	
4	2	1	1	1	1	1	1	
3	2	2	1	1	1	1	1	
8	1	1	1	
6	1	1	1	1	1	
2	1	1	1	1	1	1	1	1	1	
3	1	1	1	1	1	1	1	1	
3	2	1	1	1	1	1	1	
2	1	1	1	1	1	1	1	1	1	
7	4	
11	
5	2	1	1	1	1	
8	1	1	1	
5	2	1	1	1	1	
1	1	1	1	1	1	1	1	1	1	1	
2	2	1	1	1	1	1	1	1	
2	1	1	1	1	1	1	1	1	1	
3	2	1	1	1	1	1	1	
5	4	1	1	
4	1	1	1	1	1	1	1	
5	3	2	1	
8	1	1	1	
4	3	1	1	1	
1	1	1	1	1	1	1	1	1	1	
2	1	1	1	1	1	1	1	1	
3	2	2	1	1	1	
6	2	2	
2	1	1	1	1	1	1	1	1	
1	1	1	1	1	1	1	1	1	1	
2	2	2	1	1	1	1	
1	1	1	1	1	1	1	1	1	1	
9	1	
4	2	1	1	1	1	
3	1	1	1	1	1	1	1	
3	1	1	1	1	1	1	1	
7	1	1	1	
2	1	1	1	1	1	1	1	1	
8	1	1	
10	
3	3	2	1	1	
4	3	2	
2	1	1	1	1	1	1	1	
3	3	1	1	1	
3	2	2	1	1	
2	2	2	1	1	1	
2	1	1	1	1	1	1	1	
6	1	1	1	
8	1	
4	2	1	1	1	
5	1	1	1	1	
3	2	1	1	1	1	
3	2	1	1	1	1	
7	1	1	
6	1	1	1	
4	3	1	1	
6	2	1	
6	1	1	1	
5	4	
8	1	
1	1	1	1	1	1	1	1	1	
2	1	1	1	1	1	1	1	
7	1	1	
5	1	1	1	1	
3	1	1	1	1	1	1	
6	1	1	1	
5	1	1	1	
2	2	1	1	1	1	
5	1	1	1	
3	2	1	1	1	
3	1	1	1	1	1	
5	1	1	1	
5	1	1	1	
5	1	1	1	
8	
2	2	1	1	1	1	
3	2	1	1	1	
2	1	1	1	1	1	1	
3	2	1	1	1	
3	1	1	1	1	1	
7	1	
1	1	1	1	1	1	1	1	
3	1	1	1	1	1	
3	1	1	1	1	1	
3	1	1	1	1	1	
1	1	1	1	1	1	1	1	
2	1	1	1	1	1	1	
6	1	1	
3	2	1	1	1	
1	1	1	1	1	1	1	
2	1	1	1	1	1	
1	1	1	1	1	1	1	
2	1	1	1	1	1	
2	1	1	1	1	1	
5	1	1	
3	2	1	1	
1	1	1	1	1	1	1	
7	
5	1	1	
6	1	
2	2	2	1	
5	1	1	
2	1	1	1	1	1	
5	1	1	
2	2	2	1	
1	1	1	1	1	1	1	
2	2	1	1	1	
2	1	1	1	1	1	
2	1	1	1	1	1	
2	2	1	1	1	
2	2	1	1	1	
2	1	1	1	1	1	
4	2	1	
6	1	
2	2	1	1	1	
2	2	2	1	
6	1	
1	1	1	1	1	1	1	
3	3	1	
4	1	1	1	
1	1	1	1	1	1	1	
3	1	1	1	1	
5	1	1	
3	2	1	1	
4	1	1	1	
3	1	1	1	1	
3	2	1	1	
5	1	
1	1	1	1	1	1	
3	1	1	1	
2	1	1	1	1	
5	1	
5	1	
5	1	
1	1	1	1	1	1	
3	1	1	1	
2	1	1	1	1	
1	1	1	1	1	1	
2	1	1	1	1	
3	1	1	1	
1	1	1	1	1	1	
2	1	1	1	1	
1	1	1	1	1	1	
2	1	1	1	1	
4	1	1	
1	1	1	1	1	1	
2	1	1	1	1	
1	1	1	1	1	1	
2	1	1	1	1	
2	1	1	1	1	
3	1	1	1	
5	1	
3	1	1	1	
2	1	1	1	1	
3	1	1	1	
2	1	1	1	1	
1	1	1	1	1	1	
3	1	1	1	
2	1	1	1	1	
2	2	1	1	
2	2	2	
2	1	1	1	1	
2	1	1	1	1	
1	1	1	1	1	1	
3	1	1	1	
1	1	1	1	1	1	
4	1	1	
4	1	1	
2	1	1	1	1	
4	1	1	
1	1	1	1	1	1	
2	1	1	1	1	
2	1	1	1	1	
1	1	1	1	1	1	
5	1	
1	1	1	1	1	1	
2	2	1	1	
2	1	1	1	1	
1	1	1	1	1	1	
4	1	1	
6	
5	1	
1	1	1	1	1	1	
4	1	
5	
3	1	1	
4	1	
5	
1	1	1	1	1	
3	1	1	
2	1	1	1	
3	1	1	
1	1	1	1	1	
4	1	
2	1	1	1	
2	1	1	1	
4	1	
2	1	1	1	
5	
4	1	
3	2	
2	2	1	
1	1	1	1	1	
2	1	1	1	
1	1	1	1	1	
3	1	1	
2	1	1	1	
2	1	1	1	
3	1	1	
1	1	1	1	1	
5	
2	1	1	1	
1	1	1	1	1	
5	
2	2	1	
2	1	1	1	
2	1	1	1	
2	1	1	1	
5	
1	1	1	1	1	
1	1	1	1	1	
2	1	1	1	
2	2	1	
2	1	1	1	
1	1	1	1	1	
2	1	1	1	
4	1	
3	1	1	
1	1	1	1	1	
2	1	1	1	
5	
2	1	1	1	
4	1	
2	1	1	1	
3	1	1	
5	
1	1	1	1	1	
1	1	1	1	1	
3	1	1	
4	1	
5	
1	1	1	1	1	
1	1	1	1	1	
2	1	1	1	
2	1	1	1	
1	1	1	1	1	
5	
3	2	
5	
2	2	1	
2	2	1	
1	1	1	1	1	
1	1	1	1	1	
3	1	1	
4	1	
1	1	1	1	1	
3	1	1	
1	1	1	1	1	
2	1	1	1	
2	1	1	1	
1	1	1	1	1	
1	1	1	1	1	
2	1	1	1	
3	1	1	
1	1	1	1	1	
1	1	1	1	1	
2	1	1	1	
3	2	
3	1	1	
4	1	
1	1	1	1	1	
2	1	1	1	
1	1	1	1	1	
2	1	1	1	
3	1	1	
3	2	
2	1	1	1	
5	
1	1	1	1	1	
2	1	1	1	
2	1	1	
1	1	1	1	
3	1	
3	1	
4	
1	1	1	1	
2	1	1	
2	1	1	
1	1	1	1	
1	1	1	1	
3	1	
1	1	1	1	
1	1	1	1	
2	1	1	
1	1	1	1	
4	
3	1	
3	1	
3	1	
4	
2	2	
1	1	1	1	
1	1	1	1	
1	1	1	1	
1	1	1	1	
2	1	1	
4	
2	1	1	
2	1	1	
3	1	
2	1	1	
2	1	1	
1	1	1	1	
4	
2	1	1	
2	1	1	
2	1	1	
2	1	1	
4	
3	1	
2	1	1	
1	1	1	1	
2	1	1	
2	1	1	
1	1	1	1	
2	1	1	
4	
2	1	1	
4	
2	1	1	
1	1	1	1	
1	1	1	1	
2	1	1	
1	1	1	1	
3	1	
4	
2	1	1	
2	1	1	
1	1	1	1	
2	1	1	
1	1	1	1	
4	
2	1	1	
3	1	
2	1	1	
2	1	1	
1	1	1	1	
2	2	
1	1	1	1	
4	
3	1	
1	1	1	1	
2	1	1	
4	
1	1	1	1	
1	1	1	1	
2	1	1	
2	1	1	
2	2	
1	1	1	1	
2	2	
1	1	1	1	
1	1	1	1	
2	1	1	
2	1	1	
1	1	1	1	
2	1	1	
3	1	
4	
2	2	
2	1	1	
1	1	1	1	
2	2	
4	
1	1	1	1	
3	1	
1	1	1	1	
1	1	1	1	
1	1	1	1	
3	1	
2	2	
1	1	1	1	
1	1	1	1	
4	
2	1	1	
3	1	
2	1	1	
1	1	1	1	
2	1	1	
2	1	1	
1	1	1	1	
1	1	1	1	
2	1	1	
1	1	1	1	
4	
2	2	
2	1	1	
3	1	
1	1	1	1	
2	1	1	
4	
1	1	1	1	
1	1	1	1	
1	1	1	1	
1	1	1	1	
1	1	1	1	
2	1	1	
2	1	1	
2	1	1	
1	1	1	1	
3	1	
4	
1	1	1	1	
4	
2	1	1	
2	2	
2	1	1	
1	1	1	1	
1	1	1	1	
3	1	
3	1	
2	1	1	
1	1	1	1	
1	1	1	
1	1	1	
2	1	
2	1	
1	1	1	
2	1	
2	1	
3	
3	
2	1	
2	1	
1	1	1	
1	1	1	
1	1	1	
1	1	1	
3	
1	1	1	
1	1	1	
1	1	1	
1	1	1	
1	1	1	
1	1	1	
1	1	1	
2	1	
1	1	1	
2	1	
3	
2	1	
1	1	1	
1	1	1	
2	1	
1	1	1	
1	1	1	
3	
1	1	1	
1	1	1	
1	1	1	
3	
1	1	1	
1	1	1	
1	1	1	
2	1	
2	1	
1	1	1	
1	1	1	
1	1	1	
1	1	1	
1	1	1	
1	1	1	
2	1	
2	1	
1	1	1	
2	1	
1	1	1	
1	1	1	
3	
3	
1	1	1	
3	
2	1	
1	1	1	
1	1	1	
1	1	1	
1	1	1	
2	1	
1	1	1	
1	1	1	
1	1	1	
3	
1	1	1	
1	1	1	
2	1	
1	1	1	
3	
1	1	1	
1	1	1	
3	
1	1	1	
1	1	1	
3	
1	1	1	
1	1	1	
1	1	1	
2	1	
1	1	1	
3	
1	1	1	
3	
1	1	1	
1	1	1	
1	1	1	
1	1	1	
2	1	
1	1	1	
1	1	1	
3	
2	1	
1	1	1	
1	1	1	
2	1	
3	
1	1	1	
2	1	
3	
2	1	
3	
1	1	1	
1	1	1	
2	1	
1	1	1	
2	1	
1	1	1	
3	
2	1	
2	1	
1	1	1	
2	1	
2	1	
2	1	
1	1	1	
1	1	1	
3	
2	1	
2	1	
2	1	
1	1	1	
1	1	1	
3	
2	1	
1	1	1	
1	1	1	
2	1	
2	1	
3	
1	1	1	
3	
1	1	1	
1	1	1	
1	1	1	
3	
1	1	1	
1	1	1	
1	1	1	
1	1	1	
1	1	1	
2	1	
2	1	
1	1	1	
3	
1	1	1	
1	1	1	
1	1	1	
2	1	
1	1	1	
2	1	
3	
2	1	
1	1	1	
1	1	1	
2	1	
1	1	1	
2	1	
1	1	1	
3	
1	1	1	
3	
1	1	1	
2	1	
1	1	1	
2	1	
1	1	1	
3	
2	1	
3	
1	1	1	
3	
2	1	
2	1	
1	1	1	
2	1	
2	1	
1	1	1	
1	1	1	
1	1	1	
2	1	
2	1	
2	1	
1	1	1	
1	1	1	
2	1	
1	1	1	
1	1	1	
1	1	1	
1	1	1	
3	
2	1	
2	1	
1	1	1	
2	1	
3	
1	1	1	
2	1	
3	
1	1	1	
3	
1	1	1	
2	1	
2	1	
3	
2	1	
1	1	1	
1	1	1	
1	1	1	
2	1	
2	1	
3	
1	1	1	
1	1	1	
1	1	1	
2	1	
1	1	1	
2	1	
3	
3	
2	1	
1	1	1	
2	1	
3	
3	
2	1	
1	1	1	
3	
2	1	
2	1	
2	1	
1	1	1	
1	1	1	
2	1	
2	1	
1	1	1	
3	
2	1	
1	1	1	
1	1	1	
3	
2	1	
1	1	
2	
1	1	
1	1	
1	1	
1	1	
1	1	
1	1	
1	1	
1	1	
1	1	
2	
1	1	
2	
2	
2	
2	
1	1	
2	
2	
2	
2	
2	
2	
1	1	
2	
2	
2	
1	1	
2	
2	
2	
2	
1	1	
1	1	
1	1	
1	1	
1	1	
2	
1	1	
2	
1	1	
1	1	
1	1	
1	1	
2	
2	
1	1	
1	1	
2	
1	1	
1	1	
2	
1	1	
2	
1	1	
2	
2	
1	1	
2	
2	
2	
1	1	
2	
2	
2	
2	
1	1	
1	1	
1	1	
1	1	
2	
1	1	
2	
1	1	
1	1	
1	1	
1	1	
1	1	
1	1	
1	1	
1	1	
1	1	
1	1	
1	1	
1	1	
2	
2	
2	
2	
2	
1	1	
1	1	
1	1	
1	1	
2	
1	1	
1	1	
1	1	
1	1	
1	1	
1	1	
2	
1	1	
1	1	
1	1	
2	
2	
1	1	
1	1	
1	1	
1	1	
1	1	
1	1	
2	
2	
1	1	
1	1	
1	1	
1	1	
1	1	
1	1	
1	1	
1	1	
1	1	
1	1	
1	1	
1	1	
2	
1	1	
1	1	
1	1	
1	1	
2	
2	
2	
1	1	
1	1	
2	
1	1	
2	
1	1	
2	
2	
1	1	
1	1	
1	1	
1	1	
1	1	
2	
2	
2	
1	1	
1	1	
1	1	
1	1	
1	1	
1	1	
1	1	
2	
2	
2	
2	
1	1	
1	1	
2	
1	1	
1	1	
1	1	
1	1	
1	1	
1	1	
1	1	
1	1	
2	
1	1	
1	1	
1	1	
2	
2	
1	1	
2	
2	
1	1	
1	1	
1	1	
1	1	
2	
1	1	
1	1	
1	1	
1	1	
1	1	
2	
2	
1	1	
2	
1	1	
1	1	
2	
2	
1	1	
1	1	
1	1	
1	1	
2	
1	1	
1	1	
1	1	
1	1	
2	
1	1	
1	1	
1	1	
1	1	
2	
2	
2	
1	1	
1	1	
2	
1	1	
2	
1	1	
1	1	
1	1	
1	1	
1	1	
2	
1	1	
1	1	
1	1	
1	1	
1	1	
2	
1	1	
1	1	
1	1	
2	
2	
2	
1	1	
1	1	
1	1	
1	1	
2	
1	1	
2	
1	1	
1	1	
2	
1	1	
1	1	
1	1	
1	1	
1	1	
2	
2	
1	1	
2	
1	1	
2	
1	1	
1	1	
1	1	
1	1	
2	
1	1	
2	
1	1	
1	1	
1	1	
1	1	
2	
1	1	
1	1	
1	1	
1	1	
2	
2	
1	1	
2	
1	1	
1	1	
1	1	
2	
2	
2	
1	1	
2	
1	1	
1	1	
1	1	
1	1	
2	
1	1	
1	1	
2	
1	1	
1	1	
1	1	
1	1	
1	1	
1	1	
2	
1	1	
2	
1	1	
1	1	
1	1	
2	
1	1	
2	
2	
2	
1	1	
2	
1	1	
2	
1	1	
2	
2	
1	1	
1	1	
1	1	
2	
1	1	
1	1	
1	1	
1	1	
2	
2	
2	
1	1	
1	1	
1	1	
1	1	
2	
1	1	
2	
1	1	
1	1	
1	1	
2	
1	1	
1	1	
1	1	
2	
2	
1	1	
1	1	
2	
1	1	
1	1	
1	1	
1	1	
2	
2	
2	
2	
1	1	
2	
1	1	
1	1	
2	
1	1	
1	1	
2	
1	1	
1	1	
1	1	
2	
1	1	
1	1	
2	
1	1	
1	1	
1	1	
1	1	
2	
2	
2	
1	1	
1	1	
1	1	
1	1	
1	1	
2	
2	
1	1	
1	1	
1	1	
1	1	
1	1	
1	1	
1	1	
1	1	
1	1	
1	1	
1	1	
1	1	
2	
1	1	
1	1	
1	1	
1	1	
1	1	
2	
1	1	
2	
1	1	
2	
1	1	
1	1	
2	
1	1	
1	1	
2	
1	1	
1	1	
2	
1	1	
1	1	
1	1	
1	1	
1	1	
2	
1	1	
2	
2	
1	1	
1	1	
1	1	
2	
1	1	
2	
2	
2	
1	1	
2	
2	
2	
1	1	
1	1	
1	1	
1	1	
1	1	
1	1	
2	
1	1	
1	1	
2	
1	1	
1	1	
2	
1	1	
2	
1	1	
1	1	
2	
1	1	
1	1	
2	
1	1	
2	
2	
1	1	
2	
2	
1	1	
1	1	
2	
1	1	
2	
2	
1	1	
1	1	
1	1	
1	1	
1	1	
1	1	
1	1	
1	1	
1	1	
1	1	
1	1	
2	
1	1	
2	
1	1	
1	1	
2	
1	1	
1	1	
1	1	
1	1	
1	1	
1	1	
1	1	
1	1	
2	
1	1	
2	
2	
1	1	
1	1	
2	
1	1	
1	1	
1	1	
1	1	
1	1	
1	1	
1	1	
2	
1	1	
1	1	
1	1	
2	
2	
1	1	
1	1	
2	
1	1	
2	
1	1	
1	1	
2	
1	1	
1	1	
1	1	
1	1	
1	1	
1	1	
1	1	
1	1	
1	1	
1	1	
2	
2	
1	1	
2	
2	
2	
1	1	
2	
1	1	
1	1	
2	
1	1	
2	
2	
2	
2	
1	1	
1	
1	
1	
1	
1	
1	
1	
1	
1	
1	
1	
1	
1	
1	
1	
1	
1	
1	
1	
1	
1	
1	
1	
1	
1	
1	
1	
1	
1	
1	
1	
1	
1	
1	
1	
1	
1	
1	
1	
1	
1	
1	
1	
1	
1	
1	
1	
1	
1	
1	
1	
1	
1	
1	
1	
1	
1	
1	
1	
1	
1	
1	
1	
1	
1	
1	
1	
1	
1	
1	
1	
1	
1	
1	
1	
1	
1	
1	
1	
1	
1	
1	
1	
1	
1	
1	
1	
1	
1	
1	
1	
1	
1	
1	
1	
1	
1	
1	
1	
1	
1	
1	
1	
1	
1	
1	
1	
1	
1	
1	
1	
1	
1	
1	
1	
1	
1	
1	
1	
1	
1	
1	
1	
1	
1	
1	
1	
1	
1	
1	
1	
1	
1	
1	
1	
1	
1	
1	
1	
1	
1	
1	
1	
1	
1	
1	
1	
1	
1	
1	
1	
1	
1	
1	
1	
1	
1	
1	
1	
1	
1	
1	
1	
1	
1	
1	
1	
1	
1	
1	
1	
1	
1	
1	
1	
1	
1	
1	
1	
1	
1	
1	
1	
1	
1	
1	
1	
1	
1	
1	
1	
1	
1	
1	
1	
1	
1	
1	
1	
1	
1	
1	
1	
1	
1	
1	
1	
1	
1	
1	
1	
1	
1	
1	
1	
1	
1	
1	
1	
1	
1	
1	
1	
1	
1	
1	
1	
1	
1	
1	
1	
1	
1	
1	
1	
1	
1	
1	
1	
1	
1	
1	
1	
1	
1	
1	
1	
1	
1	
1	
1	
1	
1	
1	
1	
1	
1	
1	
1	
1	
1	
1	
1	
1	
1	
1	
1	
1	
1	
1	
1	
1	
1	
1	
1	
1	
1	
1	
1	
1	
1	
1	
1	
1	
1	
1	
1	
1	
1	
1	
1	
1	
1	
1	
1	
1	
1	
1	
1	
1	
1	
1	
1	
1	
1	
1	
1	
1	
1	
1	
1	
1	
1	
1	
1	
1	
1	
1	
1	
1	
1	
1	
1	
1	
1	
1	
1	
1	
1	
1	
1	
1	
1	
1	
1	
1	
1	
1	
1	
1	
1	
1	
1	
1	
1	
1	
1	
1	
1	
1	
1	
1	
1	
1	
1	
1	
1	
1	
1	
1	
1	
1	
1	
1	
1	
1	
1	
1	
1	
1	
1	
1	
1	
1	
1	
1	
1	
1	
1	
1	
1	
1	
1	
1	
1	
1	
1	
1	
1	
1	
1	
1	
1	
1	
1	
1	
1	
1	
1	
1	
1	
1	
1	
1	
1	
1	
1	
1	
1	
1	
1	
1	
1	
1	
1	
1	
1	
1	
1	
1	
1	
1	
1	
1	
1	
1	
1	
1	
1	
1	
1	
1	
1	
1	
1	
1	
1	
1	
1	
1	
1	
1	
1	
1	
1	
1	
1	
1	
1	
1	
1	
1	
1	
1	
1	
1	
1	
1	
1	
1	
1	
1	
1	
1	
1	
1	
1	
1	
1	
1	
1	
1	
1	
1	
1	
1	
1	
1	
1	
1	
1	
1	
1	
1	
1	
1	
1	
1	
1	
1	
1	
1	
1	
1	
1	
1	
1	
1	
1	
1	
1	
1	
1	
1	
1	
1	
1	
1	
1	
1	
1	
1	
1	
1	
1	
1	
1	
1	
1	
1	
1	
1	
1	
1	
1	
1	
1	
1	
1	
1	
1	
1	
1	
1	
1	
1	
1	
1	
1	
1	
1	
1	
1	
1	
1	
1	
1	
1	
1	
1	
1	
1	
1	
1	
1	
1	
1	
1	
1	
1	
1	
1	
1	
1	
1	
1	
1	
1	
1	
1	
1	
1	
1	
1	
1	
1	
1	
1	
1	
1	
1	
1	
1	
1	
1	
1	
1	
1	
1	
1	
1	
1	
1	
1	
1	
1	
1	
1	
1	
1	
1	
1	
1	
1	
1	
1	
1	
1	
1	
1	
1	
1	
1	
1	
1	
1	
1	
1	
1	
1	
1	
1	
1	
1	
1	
1	
1	
1	
1	
1	
1	
1	
1	
1	
1	
1	
1	
1	
1	
1	
1	
1	
1	
1	
1	
1	
1	
1	
1	
1	
1	
1	
1	
1	
1	
1	
1	
1	
1	
1	
1	
1	
1	
1	
1	
1	
1	
1	
1	
1	
1	
1	
1	
1	
1	
1	
1	
1	
1	
1	
1	
1	
1	
1	
1	
1	
1	
1	
1	
1	
1	
1	
1	
1	
1	
1	
1	
1	
1	
1	
1	
1	
1	
1	
1	
1	
1	
1	
1	
1	
1	
1	
1	
1	
1	
1	
1	
1	
1	
1	
1	
1	
1	
1	
1	
1	
1	
1	
1	
1	
1	
1	
1	
1	
1	
1	
1	
1	
1	
1	
1	
1	
1	
1	
1	
1	
1	
1	
1	
1	
1	
1	
1	
1	
1	
1	
1	
1	
1	
1	
1	
1	
1	
1	
1	
1	
1	
1	
1	
1	
1	
1	
1	
1	
1	
1	
1	
1	
1	
1	
1	
1	
1	
1	
1	
1	
1	
1	
1	
1	
1	
1	
1	
1	
1	
1	
1	
1	
1	
1	
1	
1	
1	
1	
1	
1	
1	
1	
1	
1	
1	
1	
1	
1	
1	
1	
1	
1	
1	
1	
1	
1	
1	
1	
1	
1	
1	
1	
1	
1	
1	
1	
1	
1	
1	
1	
1	
1	
1	
1	
1	
1	
1	
1	
1	
1	
1	
1	
1	
1	
1	
1	
1	
1	
1	
1	
1	
1	
1	
1	
1	
1	
1	
1	
1	
1	
1	
1	
1	
1	
1	
1	
1	
1	
1	
1	
1	
1	
1	
1	
1	
1	
1	
1	
1	
1	
1	
1	
1	
1	
1	
1	
1	
1	
1	
1	
1	
1	
1	
1	
1	
1	
1	
1	
1	
1	
1	
1	
1	
1	
1	
1	
1	
1	
1	
1	
1	
1	
1	
1	
1	
1	
1	
1	
1	
1	
1	
1	
1	
1	
1	
1	
1	
1	
1	
1	
1	
1	
1	
1	
1	
1	
1	
1	
1	
1	
1	
1	
1	
1	
1	
1	
1	
1	
1	
1	
1	
1	
1	
1	
1	
1	
1	
1	
1	
1	
1	
1	
1	
1	
1	
1	
1	
1	
1	
1	
1	
1	
1	
1	
1	
1	
1	
1	
1	
1	
1	
1	
1	
1	
1	
1	
1	
1	
1	
1	
1	
1	
1	
1	
1	
1	
1	
1	
1	
1	
1	
1	
1	
1	
1	
1	
1	
1	
1	
1	
1	
1	
1	
1	
1	
1	
1	
1	
1	
1	
1	
1	
1	
1	
1	
1	
1	
1	
1	
1	
1	
1	
1	
1	
1	
1	
1	
1	
1	
1	
1	
1	
1	
1	
1	
1	
1	
1	
1	
1	
1	
1	
1	
1	
1	
1	
1	
1	
1	
1	
1	
1	
1	
1	
1	
1	
1	
1	
1	
1	
1	
1	
1	
1	
1	
1	
1	
1	
1	
1	
1	
1	
1	
1	
1	
1	
1	
1	
1	
1	
1	
1	
1	
1	
1	
1	
1	
1	
1	
1	
1	
1	
1	
1	
1	
1	
1	
1	
1	
1	
1	
1	
1	
1	
1	
1	
1	
1	
1	
1	
1	
1	
1	
1	
1	
1	
1	
1	
1	
1	
1	
1	
1	
1	
1	
1	
1	
1	
1	
1	
1	
1	
1	
1	
1	
1	
1	
1	
1	
1	
1	
1	
1	
1	
1	
1	
1	
1	
1	
1	
1	
1	
1	
1	
1	
1	
1	
1	
1	
1	
1	
1	
1	
1	
1	
1	
1	
1	
1	
1	
1	
1	
1	
1	
1	
1	
1	
1	
1	
1	
1	
1	
1	
1	
1	
1	
1	
1	
1	
1	
1	
1	
1	
1	
1	
1	
1	
1	
1	
1	
1	
1	
1	
1	
1	
1	
1	
1	
1	
1	
1	
1	
1	
1	
1	
1	
1	
1	
1	
1	
1	
1	
1	
1	
1	
1	
1	
1	
1	
1	
1	
1	
1	
1	
1	
1	
1	
1	
1	
1	
1	
1	
1	
1	
1	
1	
1	
1	
1	
1	
1	
1	
1	
1	
1	
1	
1	
1	
1	
1	
1	
1	
1	
1	
1	
1	
1	
1	
1	
1	
1	
1	
1	
1	
1	
1	
1	
1	
1	
1	
1	
1	
1	
1	
1	
1	
1	
1	
1	
1	
1	
1	
1	
1	
1	
1	
1	
1	
1	
1	
1	
1	
1	
1	
1	
1	
1	
1	
1	
1	
1	
1	
1	
1	
1	
1	
1	
1	
1	
1	
1	
1	
1	
1	
1	
1	
1	
1	
1	
1	
1	
1	
1	
1	
1	
1	
1	
1	
1	
1	
1	
1	
1	
1	
1	
1	
1	
1	
1	
1	
1	
1	
1	
1	
1	
1	
1	
1	
1	
1	
1	
1	
1	
1	
1	
1	
1	
1	
1	
1	
1	
1	
1	
1	
1	
1	
1	
1	
1	
1	
1	
1	
1	
1	
1	
1	
1	
1	
1	
1	
1	
1	
1	
1	
1	
1	
1	
1	
1	
1	
1	
1	
1	
1	
1	
1	
1	
1	
1	
1	
1	
1	
1	
1	
1	
1	
1	
1	
1	
1	
1	
1	
1	
1	
1	
1	
1	
1	
1	
1	
1	
1	
1	
1	
1	
1	
1	
1	
1	
1	
1	
1	
1	
1	
1	
1	
1	
1	
1	
1	
1	
1	
1	
1	
1	
1	
1	
1	
1	
1	
1	
1	
1	
1	
1	
1	
1	
1	
1	
1	
1	
1	
1	
1	
1	
1	
1	
1	
1	
1	
1	
1	
1	
1	
1	
1	
1	
1	
1	
1	
1	
1	
1	
1	
1	
1	
1	
1	
1	
1	
1	
1	
1	
1	
1	
1	
1	
1	
1	
1	
1	
1	
1	
1	
1	
1	
1	
1	
1	
1	
1	
1	
1	
1	
1	
1	
1	
1	
1	
1	
1	
1	
1	
1	
1	
1	
1	
1	
1	
1	
1	
1	
1	
1	
1	
1	
1	
1	
1	
1	
1	
1	
1	
1	
1	
1	
1	
1	
1	
1	
1	
1	
1	
1	
1	
1	
1	
1	
1	
1	
1	
1	
1	
1	
1	
1	
1	
1	
1	
1	
1	
1	
1	
1	
1	
1	
1	
1	
1	
1	
1	
1	
1	
1	
1	
1	
1	
1	
1	
1	
1	
1	
1	
1	
1	
1	
1	
1	
1	
1	
1	
1	
1	
1	
1	
1	
1	
1	
1	
1	
1	
1	
1	
1	
1	
1	
1	
1	
1	
1	
1	
1	
1	
1	
1	
1	
1	
1	
1	
1	
1	
1	
1	
1	
1	
1	
1	
1	
1	
1	
1	
1	
1	
1	
1	
1	
1	
1	
1	
1	
1	
1	
1	
1	
1	
1	
1	
1	
1	
1	
1	
1	
1	
1	
1	
1	
1	
1	
1	
1	
1	
1	
1	
1	
1	
1	
1	
1	
1	
1	
1	
1	
1	
1	
1	
1	
1	
1	
1	
1	
1	
1	
1	
1	
1	
1	
1	
1	
1	
1	
1	
1	
1	
1	
1	
1	
1	
1	
1	
1	
1	
1	
1	
1	
1	
1	
1	
1	
1	
1	
1	
1	
1	
1	
1	
1	
1	
1	
1	
1	
1	
1	
1	
1	
1	
1	
1	
1	
1	
1	
1	
1	
1	
1	
1	
1	
1	
1	
1	
1	
1	
1	
1	
1	
1	
1	
1	
1	
1	
1	
1	
1	
1	
1	
1	
1	
1	
1	
1	
1	
1	
1	
1	
1	
1	
1	
1	
1	
1	
1	
1	
1	
1	
1	
1	
1	
1	
1	
1	
1	
1	
1	
1	
1	
1	
1	
1	
1	
1	
1	
1	
1	
1	
1	
1	
1	
1	
1	
1	
1	
1	
1	
1	
1	
1	
1	
1	
1	
1	
1	
1	
1	
1	
1	
1	
1	
1	
1	
1	
1	
1	
1	
1	
1	
1	
1	
1	
1	
1	
1	
1	
1	
1	
1	
1	
1	
1	
1	
1	
1	
1	
1	
1	
1	
1	
1	
1	
1	
1	
1	
1	
1	
1	
1	
1	
1	
1	
1	
1	
1	
1	
1	
1	
1	
1	
1	
1	
1	
1	
1	
1	
1	
1	
1	
1	
1	
1	
1	
1	
1	
1	
1	
1	
1	
1	
1	
1	
1	
1	
1	
1	
1	
1	
1	
1	
1	
1	
1	
1	
1	
1	
1	
1	
1	
1	
1	
1	
1	
1	
1	
1	
1	
1	
1	
1	
1	
1	
1	
1	
1	
1	
1	
1	
1	
1	
1	
1	
1	
1	
1	
1	
1	
1	
1	
1	
1	
1	
1	
1	
1	
1	
1	
1	
1	
1	
1	
1	
1	
1	
1	
1	
1	
1	
1	
1	
1	
1	
1	
1	
1	
1	
1	
1	
1	
1	
1	
1	
1	
1	
1	
1	
1	
1	
1	
1	
1	
1	
1	
1	
1	
1	
1	
1	
1	
1	
1	
1	
1	
1	
1	
1	
1	
1	
1	
1	
1	
1	
1	
1	
1	
1	
1	
1	
1	
1	
1	
1	
1	
1	
1	
1	
1	
1	
1	
1	
1	
1	
1	
1	
1	
1	
1	
1	
1	
1	
1	
1	
1	
1	
1	
1	
1	
1	
1	
1	
1	
1	
1	
1	
1	
1	
1	
1	
1	
1	
1	
1	
1	
1	
1	
1	
1	
1	
1	
1	
1	
1	
1	
1	
1	
1	
1	
1	
1	
1	
1	
1	
1	
1	
1	
1	
1	
1	
1	
1	
1	
1	
1	
1	
1	
1	
1	
1	
1	
1	
1	
1	
1	
1	
1	
1	
1	
1	
1	
1	
1	
1	
1	
1	
1	
1	
1	
1	
1	
1	
1	
1	
1	
1	
1	
1	
1	
1	
1	
1	
1	
1	
1	
1	
1	
1	
1	
1	
1	
1	
1	
1	
1	
1	
1	
1	
1	
1	
1	
1	
1	
1	
1	
1	
1	
1	
1	
1	
1	
1	
1	
1	
1	
1	
1	
1	
1	
1	
1	
1	
1	
1	
1	
1	
1	
1	
1	
1	
1	
1	
1	
1	
1	
1	
1	
1	
1	
1	
1	
1	
1	
1	
1	
1	
1	
1	
1	
1	
1	
1	
1	
1	
1	
1	
1	
1	
1	
1	
1	
1	
1	
1	
1	
1	
1	
1	
1	
1	
1	
1	
1	
1	
1	
1	
1	
1	
1	
1	
1	
1	
1	
1	
1	
1	
1	
1	
1	
1	
1	
1	
1	
1	
1	
1	
1	
1	
1	
1	
1	
1	
1	
1	
1	
1	
1	
1	
1	
1	
1	
1	
1	
1	
1	
1	
1	
1	
1	
1	
1	
1	
1	
1	
1	
1	
1	
1	
1	
1	
1	
1	
1	
1	
1	
1	
1	
1	
1	
1	
1	
1	
1	
1	
1	
1	
1	
1	
1	
1	
1	
1	
1	
1	
1	
1	
1	
1	
1	
1	
1	
1	
1	
1	
1	
