19	14	13	13	12	11	8	7	6	6	6	6	5	5	5	5	5	5	4	4	4	4	4	3	3	3	3	3	3	3	3	3	3	3	3	3	3	3	3	3	3	3	3	2	2	2	2	2	2	2	2	2	2	2	2	2	2	2	2	2	2	2	2	2	2	2	2	2	2	2	2	2	2	2	2	2	2	1	1	1	1	1	1	1	1	1	1	1	1	1	1	1	1	1	1	1	1	1	1	1	1	1	1	1	1	1	1	1	1	1	1	1	1	1	1	1	1	1	1	1	1	1	1	1	1	1	1	1	1	1	1	1	1	1	1	1	1	1	1	1	1	1	1	1	1	1	1	1	1	1	1	1	1	1	1	1	1	1	1	1	1	1	1	1	1	1	1	1	1	1	1	1	
24	12	10	6	6	5	5	4	4	4	4	4	4	3	3	3	3	3	3	3	3	3	3	3	3	3	2	2	2	2	2	2	2	2	2	2	2	2	2	2	2	2	2	2	2	2	2	2	2	2	1	1	1	1	1	1	1	1	1	1	1	1	1	1	1	1	1	1	1	1	1	1	1	1	1	1	1	1	1	1	1	1	1	1	1	1	1	1	1	1	1	1	1	1	1	1	1	1	1	1	1	1	1	1	1	1	1	1	1	1	1	1	1	1	1	1	1	1	1	1	1	1	1	1	1	1	1	1	1	1	1	1	1	1	1	1	1	1	1	1	1	1	1	1	1	1	1	1	1	1	1	1	1	1	1	1	1	1	1	1	1	1	1	1	1	1	1	1	1	1	1	
181	18	11	11	10	9	5	4	4	4	3	3	2	2	2	2	2	2	1	1	1	1	1	1	1	1	1	1	1	1	1	1	1	1	1	1	
35	30	24	14	13	12	11	9	8	6	5	5	4	4	4	3	3	3	3	3	3	3	3	3	2	2	2	2	2	2	2	2	1	1	1	1	1	1	1	1	1	1	1	1	1	1	1	1	1	1	1	1	1	1	1	1	1	1	1	1	1	1	1	1	1	1	1	1	1	
19	13	12	10	7	6	6	5	5	5	5	4	4	4	4	4	4	3	3	3	3	3	3	2	2	2	2	2	2	2	2	2	2	2	2	2	2	2	2	2	2	2	2	1	1	1	1	1	1	1	1	1	1	1	1	1	1	1	1	1	1	1	1	1	1	1	1	1	1	1	1	1	1	1	1	1	1	1	1	1	1	1	1	1	1	1	1	1	1	1	1	1	1	1	1	1	1	1	1	1	1	1	1	1	
23	17	13	10	8	6	5	5	4	4	4	3	3	3	3	3	2	2	2	2	2	2	2	2	2	2	2	2	2	2	1	1	1	1	1	1	1	1	1	1	1	1	1	1	1	1	1	1	1	1	1	1	1	1	1	1	1	1	1	1	1	1	1	1	1	1	1	1	1	1	1	1	1	1	1	1	1	1	1	1	1	1	1	1	1	1	1	1	1	1	1	1	1	1	1	1	1	1	1	
9	8	8	8	7	7	7	7	7	7	6	6	6	5	5	5	4	4	4	4	4	3	3	3	3	2	2	2	2	2	2	2	2	2	2	1	1	1	1	1	1	1	1	1	1	1	1	1	1	1	1	1	1	1	1	1	1	
29	21	20	17	11	10	9	5	4	4	4	3	2	2	2	1	1	1	1	1	1	1	1	1	1	1	1	1	1	1	
31	19	7	5	4	4	4	4	4	2	2	2	2	2	2	2	1	1	1	1	1	1	1	1	1	1	1	1	1	1	1	1	1	1	1	1	1	1	1	1	1	1	1	1	1	1	1	1	1	1	1	1	1	1	1	1	1	1	1	1	1	1	1	1	1	1	1	
20	19	18	17	6	5	5	5	4	4	3	3	3	2	2	2	2	2	2	1	1	1	1	1	1	1	1	1	1	1	1	1	1	1	1	1	1	1	1	1	1	
16	11	6	5	3	3	3	3	3	3	3	3	2	2	2	2	2	2	2	2	2	2	2	2	1	1	1	1	1	1	1	1	1	1	1	1	1	1	1	1	1	1	1	1	1	1	1	1	1	1	1	1	1	1	1	1	1	1	1	1	1	1	1	1	1	1	1	1	1	1	1	1	1	1	1	1	1	1	1	1	1	1	1	
42	9	4	4	4	4	4	4	3	3	3	3	3	2	2	2	2	2	2	2	2	2	1	1	1	1	1	1	1	1	1	1	1	1	1	1	1	1	1	1	1	1	1	1	1	1	1	1	1	1	1	1	1	1	1	
42	5	4	4	4	4	3	3	3	3	3	2	2	2	2	2	2	2	2	2	2	1	1	1	1	1	1	1	1	1	1	1	1	1	1	1	1	1	1	1	1	1	1	1	1	1	1	1	1	1	1	1	1	1	1	1	1	1	1	1	1	1	1	1	
36	14	8	4	4	3	3	3	3	3	2	2	2	2	2	2	2	2	2	2	1	1	1	1	1	1	1	1	1	1	1	1	1	1	1	1	1	1	1	1	1	1	1	1	1	1	1	1	1	
34	9	7	7	6	5	4	4	3	3	3	2	2	2	2	2	2	1	1	1	1	1	1	1	1	1	1	1	1	1	1	1	1	1	1	1	1	1	1	1	1	1	1	1	
20	8	6	5	5	3	3	3	3	3	2	2	2	2	2	2	2	2	2	1	1	1	1	1	1	1	1	1	1	1	1	1	1	1	1	1	1	1	1	1	1	1	1	1	1	1	1	1	1	1	1	1	1	
25	17	9	6	5	3	2	2	2	2	1	1	1	1	1	1	1	1	1	1	1	1	1	1	1	1	1	1	1	1	1	1	1	1	1	1	1	1	1	1	1	1	1	1	
73	21	3	2	1	1	1	
46	8	4	3	3	2	2	2	2	2	2	2	1	1	1	1	1	1	1	1	1	1	1	1	1	1	1	1	1	1	1	
45	11	6	4	4	4	4	2	1	1	1	1	1	1	1	1	1	1	1	1	
15	10	6	6	6	5	5	5	4	3	2	2	1	1	1	1	1	1	1	1	1	1	1	1	1	1	1	1	1	1	1	
20	8	5	4	4	2	2	2	2	2	2	2	1	1	1	1	1	1	1	1	1	1	1	1	1	1	1	1	1	1	1	1	1	1	1	1	1	1	1	1	1	1	1	1	1	
39	7	3	3	3	2	2	2	1	1	1	1	1	1	1	1	1	1	1	1	1	1	1	1	1	1	1	1	1	1	1	1	
28	6	4	3	3	3	3	2	2	2	2	2	2	1	1	1	1	1	1	1	1	1	1	1	1	1	1	1	1	1	
10	10	9	7	7	5	3	3	3	2	2	2	2	1	1	1	1	1	1	1	1	1	1	1	1	
5	5	5	3	3	3	3	3	3	3	2	2	2	2	2	2	2	2	2	2	1	1	1	1	1	1	1	1	1	1	1	1	1	1	1	1	1	1	1	
12	9	8	7	6	4	4	3	3	2	2	1	1	1	1	1	1	1	1	1	1	1	1	1	
17	10	7	6	5	4	3	3	2	2	2	1	1	1	1	1	1	1	1	1	
7	6	4	3	2	2	2	2	2	2	2	2	1	1	1	1	1	1	1	1	1	1	1	1	1	1	1	1	1	1	1	1	1	1	1	1	1	1	1	1	1	1	1	
13	6	5	5	4	3	2	2	2	1	1	1	1	1	1	1	1	1	1	1	1	1	1	1	1	1	1	1	1	1	1	1	1	
14	12	11	8	7	3	3	3	2	1	1	1	
42	14	2	1	
8	6	5	5	4	3	2	2	2	2	2	1	1	1	1	1	1	1	1	1	1	1	1	1	1	1	1	
22	7	4	4	3	2	2	2	2	1	1	1	1	1	1	1	1	
7	6	4	3	3	3	3	2	2	2	2	2	1	1	1	1	1	1	1	1	1	1	1	1	1	1	1	1	
8	8	5	4	4	4	3	3	2	2	1	1	1	1	1	1	1	1	1	
5	5	4	2	2	2	1	1	1	1	1	1	1	1	1	1	1	1	1	1	1	1	1	1	1	1	1	1	1	1	1	1	1	1	1	1	1	1	
6	2	2	1	1	1	1	1	1	1	1	1	1	1	1	1	1	1	1	1	1	1	1	1	1	1	1	1	1	1	1	1	1	1	1	1	1	1	1	1	1	1	1	
27	3	3	2	1	1	1	1	1	1	1	1	1	1	1	1	1	1	
7	3	2	2	2	2	2	1	1	1	1	1	1	1	1	1	1	1	1	1	1	1	1	1	1	1	1	1	1	1	1	1	1	1	1	1	
5	5	4	3	3	2	2	2	1	1	1	1	1	1	1	1	1	1	1	1	1	1	1	1	1	1	1	1	1	1	1	
12	5	4	4	3	3	2	1	1	1	1	1	1	1	1	1	1	1	1	1	1	1	
17	5	4	3	3	2	2	2	1	1	1	1	1	1	1	1	1	
25	6	4	2	2	1	1	1	1	1	1	1	1	
4	4	2	2	2	2	1	1	1	1	1	1	1	1	1	1	1	1	1	1	1	1	1	1	1	1	1	1	1	1	1	1	1	1	1	1	1	
7	3	3	3	2	2	1	1	1	1	1	1	1	1	1	1	1	1	1	1	1	1	1	1	1	1	1	1	1	1	
17	3	3	2	2	2	2	1	1	1	1	1	1	1	1	1	1	1	1	1	
13	4	3	2	2	2	2	2	2	1	1	1	1	1	1	1	1	1	1	1	1	
8	3	3	2	2	2	2	2	2	1	1	1	1	1	1	1	1	1	1	1	1	1	1	1	1	1	1	
4	3	2	2	2	2	1	1	1	1	1	1	1	1	1	1	1	1	1	1	1	1	1	1	1	1	1	1	1	1	1	1	1	
9	5	3	2	1	1	1	1	1	1	1	1	1	1	1	1	1	1	1	1	1	1	1	1	1	1	1	
30	4	2	1	1	1	1	1	
9	4	2	2	2	2	2	1	1	1	1	1	1	1	1	1	1	1	1	1	1	1	1	1	1	
5	4	4	3	2	2	2	2	2	2	1	1	1	1	1	1	1	1	1	1	1	1	1	
38	1	1	1	
26	6	3	2	2	2	
28	7	2	1	1	1	
4	4	3	3	2	2	2	2	2	2	2	1	1	1	1	1	1	1	1	1	1	1	
10	6	3	2	2	1	1	1	1	1	1	1	1	1	1	1	1	1	1	1	1	
14	3	3	3	2	2	2	1	1	1	1	1	1	1	1	
3	3	3	2	2	2	2	2	1	1	1	1	1	1	1	1	1	1	1	1	1	1	1	1	1	1	
23	4	1	1	1	1	1	1	1	1	1	
4	4	2	2	2	2	2	2	1	1	1	1	1	1	1	1	1	1	1	1	1	1	1	1	
5	4	4	4	3	2	2	2	1	1	1	1	1	1	1	1	1	1	
16	5	4	3	2	2	1	1	1	
8	2	2	2	2	2	2	1	1	1	1	1	1	1	1	1	1	1	1	1	1	1	
35	
8	6	5	4	3	1	1	1	1	1	1	1	1	1	
31	2	1	1	
4	4	3	3	2	2	2	1	1	1	1	1	1	1	1	1	1	1	1	1	1	1	
18	2	2	1	1	1	1	1	1	1	1	1	1	1	1	
11	7	6	1	1	1	1	1	1	1	1	1	1	
4	3	3	3	3	2	2	1	1	1	1	1	1	1	1	1	1	1	1	1	
7	4	3	2	2	2	2	2	1	1	1	1	1	1	1	1	1	
2	2	2	2	2	2	1	1	1	1	1	1	1	1	1	1	1	1	1	1	1	1	1	1	1	1	
4	4	3	3	2	2	2	1	1	1	1	1	1	1	1	1	1	1	1	
4	3	3	2	2	2	2	2	1	1	1	1	1	1	1	1	1	1	1	
30	
6	2	1	1	1	1	1	1	1	1	1	1	1	1	1	1	1	1	1	1	1	1	1	1	
24	2	2	1	1	
5	3	2	2	2	2	1	1	1	1	1	1	1	1	1	1	1	1	1	1	
3	3	3	3	2	2	2	1	1	1	1	1	1	1	1	1	1	1	1	
7	6	3	3	2	1	1	1	1	1	1	1	
12	6	3	2	2	2	1	
12	3	2	2	2	2	1	1	1	1	1	
7	4	3	2	1	1	1	1	1	1	1	1	1	1	1	
4	4	2	2	2	2	1	1	1	1	1	1	1	1	1	1	1	
2	2	2	2	1	1	1	1	1	1	1	1	1	1	1	1	1	1	1	1	1	1	
7	6	3	3	1	1	1	1	1	1	1	
4	4	3	2	2	2	1	1	1	1	1	1	1	1	1	
19	2	2	1	1	1	
4	4	3	2	2	2	1	1	1	1	1	1	1	1	1	
3	3	2	2	2	2	1	1	1	1	1	1	1	1	1	1	1	1	
22	1	1	1	
5	3	3	2	1	1	1	1	1	1	1	1	1	1	1	1	
11	4	2	1	1	1	1	1	1	1	1	
6	5	1	1	1	1	1	1	1	1	1	1	1	1	1	1	
12	3	2	1	1	1	1	1	1	1	
8	5	2	2	1	1	1	1	1	1	1	
8	3	2	2	2	1	1	1	1	1	1	1	
8	5	2	1	1	1	1	1	1	1	1	1	
24	
16	3	2	1	1	1	
17	5	1	1	
17	1	1	1	1	1	1	1	
5	4	2	2	2	1	1	1	1	1	1	1	1	1	
7	2	2	2	2	1	1	1	1	1	1	1	1	1	
5	4	2	2	2	1	1	1	1	1	1	1	1	1	
7	6	3	2	1	1	1	1	1	
2	2	1	1	1	1	1	1	1	1	1	1	1	1	1	1	1	1	1	1	1	
4	4	2	1	1	1	1	1	1	1	1	1	1	1	1	1	
4	3	2	2	1	1	1	1	1	1	1	1	1	1	1	1	
5	5	3	3	2	2	1	1	1	
6	4	4	3	2	1	1	1	1	
4	3	3	2	1	1	1	1	1	1	1	1	1	1	1	
8	2	2	2	2	1	1	1	1	1	1	1	
11	3	2	1	1	1	1	1	1	
8	3	2	1	1	1	1	1	1	1	1	1	
3	2	1	1	1	1	1	1	1	1	1	1	1	1	1	1	1	1	1	
4	4	2	2	2	1	1	1	1	1	1	1	1	
3	3	2	2	1	1	1	1	1	1	1	1	1	1	1	1	
10	4	2	1	1	1	1	1	1	
7	6	1	1	1	1	1	1	1	1	1	
8	3	2	2	2	1	1	1	1	1	
20	1	
3	2	2	2	1	1	1	1	1	1	1	1	1	1	1	1	
12	3	2	1	1	1	1	
5	2	2	2	2	2	1	1	1	1	1	1	
6	3	2	1	1	1	1	1	1	1	1	1	1	
9	7	2	1	1	1	
3	3	2	2	2	2	2	2	2	1	
2	2	2	2	1	1	1	1	1	1	1	1	1	1	1	1	
4	2	2	2	2	1	1	1	1	1	1	1	1	
3	2	2	2	1	1	1	1	1	1	1	1	1	1	1	
4	4	3	2	2	2	1	1	1	
2	2	2	2	1	1	1	1	1	1	1	1	1	1	1	1	
4	3	3	2	2	2	1	1	1	1	
5	3	1	1	1	1	1	1	1	1	1	1	1	1	
6	3	2	2	2	2	1	1	1	
3	3	3	3	2	2	1	1	1	
4	4	4	2	1	1	1	1	1	
7	2	1	1	1	1	1	1	1	1	1	1	
6	4	3	2	2	1	1	
11	3	2	1	1	1	
3	2	2	2	1	1	1	1	1	1	1	1	1	1	
4	3	3	2	2	1	1	1	1	1	
2	2	1	1	1	1	1	1	1	1	1	1	1	1	1	1	1	
5	3	2	1	1	1	1	1	1	1	1	1	
9	3	2	1	1	1	1	1	
5	3	1	1	1	1	1	1	1	1	1	1	
6	3	3	2	1	1	1	1	
15	1	1	1	
6	3	3	2	1	1	1	1	
13	2	1	1	1	
7	4	2	2	1	1	1	
3	2	2	1	1	1	1	1	1	1	1	1	1	1	
5	2	2	1	1	1	1	1	1	1	1	1	
6	4	3	2	2	1	
3	3	3	1	1	1	1	1	1	1	1	1	
11	3	1	1	1	1	
3	3	3	1	1	1	1	1	1	1	1	
4	3	3	3	1	1	1	1	
5	4	3	3	1	1	
3	2	2	2	1	1	1	1	1	1	1	1	
14	2	1	
7	2	1	1	1	1	1	1	1	1	
5	3	2	1	1	1	1	1	1	1	
6	5	2	1	1	1	1	
3	2	1	1	1	1	1	1	1	1	1	1	1	
6	2	2	1	1	1	1	1	1	
16	
6	4	1	1	1	1	1	1	
4	2	2	1	1	1	1	1	1	1	1	
3	1	1	1	1	1	1	1	1	1	1	1	1	1	
12	1	1	1	1	
9	2	2	1	1	1	
13	1	1	1	
5	2	2	2	1	1	1	1	1	
1	1	1	1	1	1	1	1	1	1	1	1	1	1	1	
3	2	2	1	1	1	1	1	1	1	1	
7	3	3	1	1	
4	4	3	1	1	1	1	
4	4	3	2	2	
7	2	1	1	1	1	1	1	
5	3	2	1	1	1	1	1	
4	2	2	1	1	1	1	1	1	1	
3	2	1	1	1	1	1	1	1	1	1	1	
2	2	2	1	1	1	1	1	1	1	1	1	
3	3	2	1	1	1	1	1	1	1	
6	4	2	1	1	1	
4	2	2	1	1	1	1	1	1	1	
5	2	2	1	1	1	1	1	1	
7	2	2	2	1	1	
4	3	1	1	1	1	1	1	1	1	
15	
8	3	2	1	1	
4	4	3	1	1	1	1	
5	3	1	1	1	1	1	1	1	
8	2	1	1	1	1	1	
4	4	1	1	1	1	1	1	
9	1	1	1	1	1	
14	
6	1	1	1	1	1	1	1	1	
13	1	
2	1	1	1	1	1	1	1	1	1	1	1	1	
8	3	1	1	1	
4	2	2	2	1	1	1	1	
9	4	1	
3	2	1	1	1	1	1	1	1	1	1	
5	1	1	1	1	1	1	1	1	1	
5	2	2	2	2	1	
3	3	2	1	1	1	1	1	1	
3	2	2	1	1	1	1	1	1	
5	1	1	1	1	1	1	1	1	
3	2	1	1	1	1	1	1	1	1	
2	1	1	1	1	1	1	1	1	1	1	1	
3	2	2	1	1	1	1	1	1	
6	3	1	1	1	1	
4	1	1	1	1	1	1	1	1	1	
2	2	1	1	1	1	1	1	1	1	1	
3	2	1	1	1	1	1	1	1	1	
9	2	1	1	
7	3	1	1	1	
6	2	1	1	1	1	1	
2	1	1	1	1	1	1	1	1	1	1	1	
3	2	1	1	1	1	1	1	1	1	
4	2	2	1	1	1	1	1	
4	2	2	1	1	1	1	1	
3	2	2	1	1	1	1	1	1	
3	2	2	2	1	1	1	1	
3	2	2	1	1	1	1	1	1	
3	2	2	1	1	1	1	1	
3	2	1	1	1	1	1	1	1	
2	2	2	2	1	1	1	1	
3	2	2	1	1	1	1	1	
2	2	1	1	1	1	1	1	1	1	
6	1	1	1	1	1	1	
2	2	2	1	1	1	1	1	1	
8	2	1	1	
2	2	1	1	1	1	1	1	1	1	
2	2	2	2	1	1	1	1	
4	2	2	2	1	1	
3	2	2	1	1	1	1	1	
1	1	1	1	1	1	1	1	1	1	1	1	
3	2	1	1	1	1	1	1	1	
8	1	1	1	1	
3	3	2	1	1	1	1	
5	3	2	1	1	
12	
2	2	2	1	1	1	1	1	1	
5	1	1	1	1	1	1	1	
6	2	1	1	1	1	
5	2	1	1	1	1	1	
3	2	1	1	1	1	1	1	1	
2	2	1	1	1	1	1	1	1	1	
5	3	1	1	1	1	
2	2	1	1	1	1	1	1	1	
2	2	1	1	1	1	1	1	1	
6	2	1	1	1	
2	2	1	1	1	1	1	1	1	
4	1	1	1	1	1	1	1	
3	3	1	1	1	1	1	
2	1	1	1	1	1	1	1	1	1	
7	2	1	1	
4	3	1	1	1	1	
1	1	1	1	1	1	1	1	1	1	1	
3	3	3	1	1	
3	2	2	1	1	1	1	
11	
6	1	1	1	1	1	
2	2	1	1	1	1	1	1	1	
4	2	1	1	1	1	1	
8	2	1	
3	2	2	1	1	1	1	
2	2	1	1	1	1	1	1	1	
3	2	1	1	1	1	1	1	
4	2	2	1	1	1	
2	2	1	1	1	1	1	1	1	
3	2	1	1	1	1	1	1	
3	2	1	1	1	1	1	1	
8	1	1	1	
6	1	1	1	1	1	
6	1	1	1	1	1	
3	2	2	1	1	1	1	
3	2	2	2	1	1	
6	2	1	1	1	
5	2	1	1	1	1	
7	1	1	1	1	
8	1	1	
3	2	1	1	1	1	1	
2	2	1	1	1	1	1	1	
3	2	2	1	1	1	
6	2	1	1	
1	1	1	1	1	1	1	1	1	1	
4	2	1	1	1	1	
4	1	1	1	1	1	1	
2	1	1	1	1	1	1	1	1	
1	1	1	1	1	1	1	1	1	1	
2	2	2	1	1	1	1	
5	4	1	
3	2	2	1	1	1	
2	1	1	1	1	1	1	1	1	
5	1	1	1	1	1	
4	2	1	1	1	1	
6	2	1	1	
3	2	1	1	1	1	1	
2	1	1	1	1	1	1	1	1	
4	2	1	1	1	1	
4	4	1	1	
1	1	1	1	1	1	1	1	1	1	
2	2	1	1	1	1	1	1	
8	1	1	
3	2	1	1	1	1	
2	1	1	1	1	1	1	1	
5	2	1	1	
5	1	1	1	1	
2	1	1	1	1	1	1	1	
2	1	1	1	1	1	1	1	
3	1	1	1	1	1	1	
7	1	1	
2	1	1	1	1	1	1	1	
2	1	1	1	1	1	1	1	
5	2	1	1	
2	2	2	1	1	1	
4	3	1	1	
3	2	1	1	1	1	
2	1	1	1	1	1	1	1	
9	
8	1	
1	1	1	1	1	1	1	1	1	
1	1	1	1	1	1	1	1	1	
1	1	1	1	1	1	1	1	1	
8	1	
1	1	1	1	1	1	1	1	1	
6	1	1	1	
2	2	2	1	1	1	
1	1	1	1	1	1	1	1	1	
1	1	1	1	1	1	1	1	1	
1	1	1	1	1	1	1	1	1	
4	1	1	1	1	1	
5	1	1	1	1	
4	3	1	1	
3	1	1	1	1	1	1	
6	1	1	1	
3	2	2	1	
4	2	1	1	
1	1	1	1	1	1	1	1	
2	1	1	1	1	1	1	
2	2	1	1	1	1	
4	2	2	
2	1	1	1	1	1	1	
1	1	1	1	1	1	1	1	
4	2	1	1	
4	2	1	1	
2	1	1	1	1	1	1	
2	2	1	1	1	1	
4	4	
6	1	1	
5	1	1	1	
1	1	1	1	1	1	1	1	
3	2	1	1	1	
3	2	1	1	1	
2	1	1	1	1	1	1	
3	2	1	1	1	
4	3	1	
2	1	1	1	1	1	1	
2	2	1	1	1	1	
3	1	1	1	1	1	
2	2	1	1	1	1	
3	2	1	1	1	
4	2	1	1	
3	2	1	1	1	
3	2	1	1	1	
4	2	1	1	
4	3	1	
8	
8	
2	1	1	1	1	1	1	
2	2	1	1	1	1	
2	1	1	1	1	1	1	
5	1	1	1	
4	1	1	1	1	
3	2	1	1	1	
3	2	1	1	1	
2	2	1	1	1	1	
8	
3	2	1	1	1	
4	1	1	1	1	
2	2	1	1	1	1	
1	1	1	1	1	1	1	1	
3	1	1	1	1	
3	1	1	1	1	
3	1	1	1	1	
2	2	1	1	1	
2	1	1	1	1	1	
4	2	1	
3	1	1	1	1	
7	
2	1	1	1	1	1	
1	1	1	1	1	1	1	
2	1	1	1	1	1	
1	1	1	1	1	1	1	
3	2	1	1	
2	2	1	1	1	
2	2	1	1	1	
2	2	1	1	1	
6	1	
5	1	1	
2	1	1	1	1	1	
3	2	1	1	
4	2	1	
1	1	1	1	1	1	1	
2	1	1	1	1	1	
2	1	1	1	1	1	
4	1	1	1	
2	1	1	1	1	1	
1	1	1	1	1	1	1	
1	1	1	1	1	1	1	
1	1	1	1	1	1	1	
2	2	1	1	1	
2	1	1	1	1	1	
3	1	1	1	1	
4	2	1	
3	2	1	1	
3	2	1	1	
4	1	1	1	
3	3	1	
3	1	1	1	1	
6	1	
3	1	1	1	1	
3	1	1	1	1	
2	1	1	1	1	1	
3	2	1	1	
4	1	1	1	
4	2	1	
1	1	1	1	1	1	1	
1	1	1	1	1	1	1	
3	2	1	1	
1	1	1	1	1	1	1	
1	1	1	1	1	1	1	
2	2	1	1	
2	1	1	1	1	
1	1	1	1	1	1	
3	2	1	
4	1	1	
1	1	1	1	1	1	
2	2	1	1	
1	1	1	1	1	1	
2	1	1	1	1	
3	2	1	
2	2	1	1	
2	1	1	1	1	
2	2	1	1	
2	1	1	1	1	
2	2	1	1	
1	1	1	1	1	1	
2	1	1	1	1	
1	1	1	1	1	1	
6	
1	1	1	1	1	1	
2	1	1	1	1	
2	2	1	1	
2	1	1	1	1	
3	3	
2	1	1	1	1	
2	2	1	1	
3	2	1	
2	2	1	1	
2	1	1	1	1	
1	1	1	1	1	1	
4	2	
3	2	1	
5	1	
2	1	1	1	1	
2	1	1	1	1	
5	1	
2	1	1	1	1	
1	1	1	1	1	1	
2	1	1	1	1	
2	1	1	1	1	
4	1	1	
2	1	1	1	1	
3	2	1	
3	2	1	
5	1	
2	2	1	1	
4	1	1	
3	2	1	
1	1	1	1	1	1	
1	1	1	1	1	1	
3	1	1	1	
2	1	1	1	1	
5	1	
3	2	1	
2	1	1	1	1	
4	2	
2	1	1	1	1	
1	1	1	1	1	1	
1	1	1	1	1	1	
3	1	1	1	
3	1	1	1	
2	2	1	1	
3	2	1	
4	2	
2	1	1	1	
2	1	1	1	
2	1	1	1	
4	1	
2	1	1	1	
1	1	1	1	1	
2	1	1	1	
2	2	1	
1	1	1	1	1	
2	1	1	1	
5	
1	1	1	1	1	
2	1	1	1	
1	1	1	1	1	
5	
2	2	1	
3	2	
3	1	1	
3	1	1	
2	1	1	1	
1	1	1	1	1	
1	1	1	1	1	
3	1	1	
2	1	1	1	
2	2	1	
2	1	1	1	
3	1	1	
4	1	
3	2	
1	1	1	1	1	
5	
1	1	1	1	1	
2	1	1	1	
3	1	1	
3	1	1	
2	1	1	1	
4	1	
3	1	1	
5	
2	1	1	1	
1	1	1	1	1	
2	1	1	1	
2	1	1	1	
2	1	1	1	
1	1	1	1	1	
2	1	1	1	
1	1	1	1	1	
1	1	1	1	1	
1	1	1	1	1	
3	1	1	
3	2	
1	1	1	1	1	
2	1	1	1	
2	2	1	
5	
2	1	1	1	
1	1	1	1	1	
2	1	1	1	
1	1	1	1	1	
1	1	1	1	1	
4	1	
2	1	1	1	
1	1	1	1	1	
1	1	1	1	1	
5	
3	1	1	
2	2	1	
2	1	1	1	
5	
2	1	1	1	
1	1	1	1	1	
2	1	1	1	
1	1	1	1	1	
2	2	1	
2	1	1	1	
1	1	1	1	1	
5	
1	1	1	1	1	
4	1	
1	1	1	1	1	
5	
2	1	1	1	
2	1	1	1	
2	1	1	1	
1	1	1	1	1	
2	2	1	
3	1	1	
4	1	
1	1	1	1	1	
2	2	1	
3	1	1	
1	1	1	1	
2	1	1	
4	
1	1	1	1	
1	1	1	1	
2	1	1	
4	
1	1	1	1	
4	
2	1	1	
3	1	
1	1	1	1	
1	1	1	1	
3	1	
3	1	
1	1	1	1	
1	1	1	1	
2	1	1	
4	
2	1	1	
1	1	1	1	
2	1	1	
2	1	1	
3	1	
2	1	1	
3	1	
3	1	
1	1	1	1	
2	1	1	
2	1	1	
3	1	
1	1	1	1	
1	1	1	1	
1	1	1	1	
2	1	1	
1	1	1	1	
2	2	
1	1	1	1	
2	1	1	
1	1	1	1	
2	1	1	
4	
1	1	1	1	
2	1	1	
2	2	
3	1	
1	1	1	1	
1	1	1	1	
3	1	
3	1	
1	1	1	1	
1	1	1	1	
2	1	1	
2	1	1	
2	1	1	
2	1	1	
1	1	1	1	
2	1	1	
2	1	1	
3	1	
4	
1	1	1	1	
3	1	
2	1	1	
2	2	
1	1	1	1	
2	1	1	
2	1	1	
4	
2	1	1	
1	1	1	1	
2	1	1	
2	2	
2	1	1	
1	1	1	1	
2	1	1	
2	1	1	
2	1	1	
2	2	
1	1	1	1	
2	1	1	
1	1	1	1	
2	1	1	
2	1	1	
1	1	1	1	
2	1	1	
1	1	1	1	
1	1	1	1	
1	1	1	1	
1	1	1	1	
4	
2	1	1	
4	
1	1	1	1	
1	1	1	1	
2	1	1	
2	1	1	
1	1	1	1	
2	1	1	
2	1	1	
1	1	1	1	
3	1	
1	1	1	1	
3	1	
2	1	1	
1	1	1	1	
3	1	
3	1	
1	1	1	1	
2	1	1	
1	1	1	1	
2	1	1	
1	1	1	1	
3	1	
1	1	1	1	
2	1	1	
3	1	
2	1	1	
1	1	1	1	
2	1	1	
3	1	
1	1	1	1	
2	1	1	
1	1	1	1	
1	1	1	1	
2	2	
1	1	1	1	
4	
1	1	1	1	
2	1	1	
2	1	1	
2	1	1	
2	1	1	
2	1	1	
3	1	
2	1	1	
1	1	1	1	
3	1	
2	1	1	
1	1	1	1	
2	1	1	
2	1	1	
2	1	1	
1	1	1	1	
2	1	1	
1	1	1	1	
1	1	1	1	
1	1	1	1	
2	1	1	
1	1	1	1	
3	1	
2	1	1	
2	1	1	
2	1	1	
1	1	1	1	
1	1	1	1	
1	1	1	1	
1	1	1	1	
1	1	1	1	
1	1	1	1	
1	1	1	1	
1	1	1	
1	1	1	
1	1	1	
3	
2	1	
1	1	1	
2	1	
1	1	1	
1	1	1	
1	1	1	
2	1	
3	
2	1	
1	1	1	
2	1	
2	1	
2	1	
3	
1	1	1	
2	1	
2	1	
1	1	1	
2	1	
1	1	1	
3	
2	1	
1	1	1	
2	1	
1	1	1	
2	1	
2	1	
2	1	
1	1	1	
2	1	
3	
3	
1	1	1	
1	1	1	
2	1	
3	
2	1	
2	1	
1	1	1	
2	1	
1	1	1	
1	1	1	
2	1	
1	1	1	
2	1	
1	1	1	
1	1	1	
2	1	
2	1	
1	1	1	
1	1	1	
1	1	1	
3	
1	1	1	
1	1	1	
1	1	1	
2	1	
1	1	1	
2	1	
1	1	1	
2	1	
3	
1	1	1	
1	1	1	
1	1	1	
2	1	
1	1	1	
2	1	
3	
1	1	1	
3	
2	1	
2	1	
1	1	1	
1	1	1	
2	1	
1	1	1	
2	1	
2	1	
3	
1	1	1	
2	1	
2	1	
3	
2	1	
1	1	1	
2	1	
1	1	1	
1	1	1	
1	1	1	
2	1	
1	1	1	
1	1	1	
1	1	1	
1	1	1	
1	1	1	
3	
2	1	
3	
2	1	
2	1	
1	1	1	
1	1	1	
1	1	1	
1	1	1	
3	
2	1	
1	1	1	
2	1	
1	1	1	
1	1	1	
1	1	1	
1	1	1	
2	1	
3	
1	1	1	
2	1	
2	1	
1	1	1	
3	
1	1	1	
2	1	
2	1	
2	1	
2	1	
1	1	1	
1	1	1	
2	1	
1	1	1	
3	
1	1	1	
2	1	
2	1	
1	1	1	
2	1	
1	1	1	
1	1	1	
1	1	1	
2	1	
1	1	1	
2	1	
1	1	1	
1	1	1	
2	1	
3	
1	1	1	
2	1	
1	1	1	
2	1	
2	1	
1	1	1	
1	1	1	
1	1	1	
2	1	
1	1	1	
1	1	1	
1	1	1	
1	1	1	
2	1	
1	1	1	
1	1	1	
3	
1	1	1	
1	1	1	
2	1	
1	1	1	
3	
2	1	
1	1	1	
3	
2	1	
1	1	1	
1	1	1	
1	1	1	
1	1	1	
1	1	1	
1	1	1	
1	1	1	
1	1	1	
1	1	1	
2	1	
1	1	1	
1	1	1	
2	1	
1	1	1	
2	1	
1	1	1	
2	1	
3	
3	
1	1	1	
2	1	
1	1	1	
3	
2	1	
1	1	1	
2	1	
2	1	
1	1	1	
2	1	
2	1	
1	1	1	
1	1	1	
1	1	1	
1	1	1	
1	1	1	
2	1	
2	1	
1	1	1	
2	1	
1	1	1	
3	
3	
1	1	1	
3	
3	
2	1	
1	1	1	
1	1	1	
2	1	
1	1	1	
1	1	1	
2	1	
1	1	1	
2	1	
1	1	1	
1	1	1	
3	
1	1	1	
1	1	1	
2	1	
1	1	1	
2	1	
1	1	1	
2	1	
2	1	
2	1	
1	1	1	
1	1	1	
1	1	1	
3	
2	
1	1	
1	1	
2	
1	1	
2	
2	
1	1	
1	1	
1	1	
1	1	
1	1	
2	
2	
1	1	
1	1	
2	
2	
1	1	
1	1	
1	1	
2	
1	1	
1	1	
2	
1	1	
1	1	
1	1	
1	1	
1	1	
2	
2	
1	1	
1	1	
1	1	
1	1	
2	
2	
2	
1	1	
1	1	
1	1	
1	1	
1	1	
1	1	
1	1	
1	1	
1	1	
1	1	
2	
2	
1	1	
1	1	
2	
1	1	
1	1	
1	1	
1	1	
1	1	
1	1	
1	1	
2	
1	1	
1	1	
2	
2	
1	1	
2	
1	1	
2	
2	
1	1	
1	1	
1	1	
1	1	
2	
1	1	
2	
1	1	
1	1	
1	1	
1	1	
1	1	
1	1	
2	
1	1	
1	1	
2	
1	1	
2	
1	1	
1	1	
2	
1	1	
2	
2	
1	1	
2	
1	1	
1	1	
2	
1	1	
1	1	
1	1	
1	1	
2	
1	1	
1	1	
1	1	
1	1	
1	1	
2	
1	1	
2	
1	1	
1	1	
1	1	
1	1	
1	1	
1	1	
2	
1	1	
1	1	
2	
2	
1	1	
2	
1	1	
1	1	
2	
1	1	
1	1	
1	1	
1	1	
2	
2	
2	
1	1	
1	1	
1	1	
1	1	
1	1	
1	1	
1	1	
1	1	
1	1	
2	
1	1	
1	1	
1	1	
1	1	
2	
2	
2	
2	
2	
1	1	
1	1	
1	1	
1	1	
2	
2	
2	
1	1	
1	1	
1	1	
1	1	
2	
1	1	
2	
2	
1	1	
1	1	
1	1	
1	1	
1	1	
1	1	
1	1	
1	1	
1	1	
1	1	
1	1	
2	
1	1	
1	1	
1	1	
1	1	
1	1	
2	
1	1	
1	1	
1	1	
1	1	
1	1	
2	
1	1	
1	1	
2	
1	1	
1	1	
2	
1	1	
1	1	
2	
1	1	
1	1	
1	1	
1	1	
1	1	
1	1	
1	1	
1	1	
1	1	
1	1	
2	
2	
2	
1	1	
1	1	
1	1	
1	1	
2	
1	1	
1	1	
1	1	
2	
2	
1	1	
1	1	
1	1	
1	1	
2	
1	1	
1	1	
1	1	
2	
1	1	
1	1	
1	1	
2	
1	1	
2	
2	
1	1	
1	1	
2	
1	1	
1	1	
1	1	
2	
1	1	
2	
1	1	
1	1	
2	
1	1	
1	1	
1	1	
2	
1	1	
1	1	
1	1	
1	1	
1	1	
2	
2	
1	1	
2	
1	1	
1	1	
2	
1	1	
1	1	
1	1	
1	1	
1	1	
1	1	
1	1	
1	1	
1	1	
2	
1	1	
2	
2	
1	1	
2	
2	
1	1	
2	
1	1	
1	1	
2	
1	1	
1	1	
1	1	
2	
1	1	
1	1	
1	1	
1	1	
1	1	
1	1	
1	1	
2	
2	
1	1	
1	1	
2	
1	1	
1	1	
2	
1	1	
1	1	
1	1	
1	1	
1	1	
1	1	
1	1	
2	
1	1	
1	1	
2	
1	1	
2	
1	1	
1	1	
1	1	
1	1	
2	
1	1	
1	1	
2	
1	1	
2	
1	1	
1	1	
1	1	
2	
1	1	
1	1	
1	1	
1	1	
1	1	
1	1	
1	1	
1	1	
1	1	
2	
1	1	
1	1	
1	1	
1	1	
2	
1	1	
2	
1	1	
1	1	
1	1	
1	1	
1	1	
2	
2	
1	1	
1	1	
1	1	
1	1	
1	1	
1	1	
1	1	
1	1	
2	
1	1	
1	1	
1	1	
1	1	
1	1	
1	1	
2	
1	1	
2	
2	
1	1	
2	
2	
1	1	
2	
2	
1	1	
2	
1	1	
1	1	
1	1	
1	1	
1	1	
1	1	
2	
1	1	
2	
1	1	
1	1	
1	1	
1	1	
1	1	
2	
2	
2	
1	1	
2	
1	1	
1	1	
1	1	
2	
1	1	
2	
2	
2	
1	1	
2	
1	1	
1	1	
2	
1	1	
2	
2	
2	
2	
1	1	
1	1	
2	
1	1	
1	1	
1	1	
1	1	
1	1	
1	1	
2	
1	1	
2	
1	1	
1	1	
1	1	
2	
1	1	
1	1	
1	1	
1	1	
1	1	
1	1	
2	
1	1	
2	
1	1	
2	
1	1	
1	1	
1	1	
1	1	
1	1	
1	1	
1	1	
1	1	
2	
1	1	
1	1	
1	1	
1	1	
1	1	
1	1	
1	1	
1	1	
1	1	
1	1	
1	1	
1	1	
1	1	
2	
2	
2	
1	1	
2	
2	
1	1	
1	1	
2	
2	
2	
1	1	
2	
1	1	
1	1	
1	1	
1	1	
1	1	
2	
1	1	
1	1	
1	1	
1	1	
1	1	
1	1	
2	
2	
2	
1	1	
1	1	
1	1	
1	1	
2	
1	1	
1	1	
1	1	
2	
1	1	
2	
1	1	
1	1	
2	
2	
1	1	
1	1	
2	
1	1	
1	1	
2	
2	
1	1	
1	1	
1	1	
1	1	
1	1	
1	1	
1	1	
1	1	
1	1	
1	1	
1	1	
1	1	
1	1	
1	1	
1	1	
1	1	
2	
1	1	
1	1	
2	
1	1	
1	1	
2	
1	1	
1	1	
1	1	
1	1	
2	
1	1	
1	1	
1	1	
2	
1	1	
2	
1	1	
1	1	
2	
1	1	
1	1	
1	1	
1	1	
2	
1	1	
1	1	
2	
2	
2	
1	1	
1	1	
1	1	
1	1	
1	1	
2	
1	1	
1	1	
1	1	
1	1	
1	1	
1	1	
1	1	
1	1	
2	
1	1	
1	1	
1	1	
1	1	
1	1	
1	1	
2	
1	1	
2	
1	1	
1	1	
2	
2	
1	1	
2	
1	1	
1	1	
1	
1	
1	
1	
1	
1	
1	
1	
1	
1	
1	
1	
1	
1	
1	
1	
1	
1	
1	
1	
1	
1	
1	
1	
1	
1	
1	
1	
1	
1	
1	
1	
1	
1	
1	
1	
1	
1	
1	
1	
1	
1	
1	
1	
1	
1	
1	
1	
1	
1	
1	
1	
1	
1	
1	
1	
1	
1	
1	
1	
1	
1	
1	
1	
1	
1	
1	
1	
1	
1	
1	
1	
1	
1	
1	
1	
1	
1	
1	
1	
1	
1	
1	
1	
1	
1	
1	
1	
1	
1	
1	
1	
1	
1	
1	
1	
1	
1	
1	
1	
1	
1	
1	
1	
1	
1	
1	
1	
1	
1	
1	
1	
1	
1	
1	
1	
1	
1	
1	
1	
1	
1	
1	
1	
1	
1	
1	
1	
1	
1	
1	
1	
1	
1	
1	
1	
1	
1	
1	
1	
1	
1	
1	
1	
1	
1	
1	
1	
1	
1	
1	
1	
1	
1	
1	
1	
1	
1	
1	
1	
1	
1	
1	
1	
1	
1	
1	
1	
1	
1	
1	
1	
1	
1	
1	
1	
1	
1	
1	
1	
1	
1	
1	
1	
1	
1	
1	
1	
1	
1	
1	
1	
1	
1	
1	
1	
1	
1	
1	
1	
1	
1	
1	
1	
1	
1	
1	
1	
1	
1	
1	
1	
1	
1	
1	
1	
1	
1	
1	
1	
1	
1	
1	
1	
1	
1	
1	
1	
1	
1	
1	
1	
1	
1	
1	
1	
1	
1	
1	
1	
1	
1	
1	
1	
1	
1	
1	
1	
1	
1	
1	
1	
1	
1	
1	
1	
1	
1	
1	
1	
1	
1	
1	
1	
1	
1	
1	
1	
1	
1	
1	
1	
1	
1	
1	
1	
1	
1	
1	
1	
1	
1	
1	
1	
1	
1	
1	
1	
1	
1	
1	
1	
1	
1	
1	
1	
1	
1	
1	
1	
1	
1	
1	
1	
1	
1	
1	
1	
1	
1	
1	
1	
1	
1	
1	
1	
1	
1	
1	
1	
1	
1	
1	
1	
1	
1	
1	
1	
1	
1	
1	
1	
1	
1	
1	
1	
1	
1	
1	
1	
1	
1	
1	
1	
1	
1	
1	
1	
1	
1	
1	
1	
1	
1	
1	
1	
1	
1	
1	
1	
1	
1	
1	
1	
1	
1	
1	
1	
1	
1	
1	
1	
1	
1	
1	
1	
1	
1	
1	
1	
1	
1	
1	
1	
1	
1	
1	
1	
1	
1	
1	
1	
1	
1	
1	
1	
1	
1	
1	
1	
1	
1	
1	
1	
1	
1	
1	
1	
1	
1	
1	
1	
1	
1	
1	
1	
1	
1	
1	
1	
1	
1	
1	
1	
1	
1	
1	
1	
1	
1	
1	
1	
1	
1	
1	
1	
1	
1	
1	
1	
1	
1	
1	
1	
1	
1	
1	
1	
1	
1	
1	
1	
1	
1	
1	
1	
1	
1	
1	
1	
1	
1	
1	
1	
1	
1	
1	
1	
1	
1	
1	
1	
1	
1	
1	
1	
1	
1	
1	
1	
1	
1	
1	
1	
1	
1	
1	
1	
1	
1	
1	
1	
1	
1	
1	
1	
1	
1	
1	
1	
1	
1	
1	
1	
1	
1	
1	
1	
1	
1	
1	
1	
1	
1	
1	
1	
1	
1	
1	
1	
1	
1	
1	
1	
1	
1	
1	
1	
1	
1	
1	
1	
1	
1	
1	
1	
1	
1	
1	
1	
1	
1	
1	
1	
1	
1	
1	
1	
1	
1	
1	
1	
1	
1	
1	
1	
1	
1	
1	
1	
1	
1	
1	
1	
1	
1	
1	
1	
1	
1	
1	
1	
1	
1	
1	
1	
1	
1	
1	
1	
1	
1	
1	
1	
1	
1	
1	
1	
1	
1	
1	
1	
1	
1	
1	
1	
1	
1	
1	
1	
1	
1	
1	
1	
1	
1	
1	
1	
1	
1	
1	
1	
1	
1	
1	
1	
1	
1	
1	
1	
1	
1	
1	
1	
1	
1	
1	
1	
1	
1	
1	
1	
1	
1	
1	
1	
1	
1	
1	
1	
1	
1	
1	
1	
1	
1	
1	
1	
1	
1	
1	
1	
1	
1	
1	
1	
1	
1	
1	
1	
1	
1	
1	
1	
1	
1	
1	
1	
1	
1	
1	
1	
1	
1	
1	
1	
1	
1	
1	
1	
1	
1	
1	
1	
1	
1	
1	
1	
1	
1	
1	
1	
1	
1	
1	
1	
1	
1	
1	
1	
1	
1	
1	
1	
1	
1	
1	
1	
1	
1	
1	
1	
1	
1	
1	
1	
1	
1	
1	
1	
1	
1	
1	
1	
1	
1	
1	
1	
1	
1	
1	
1	
1	
1	
1	
1	
1	
1	
1	
1	
1	
1	
1	
1	
1	
1	
1	
1	
1	
1	
1	
1	
1	
1	
1	
1	
1	
1	
1	
1	
1	
1	
1	
1	
1	
1	
1	
1	
1	
1	
1	
1	
1	
1	
1	
1	
1	
1	
1	
1	
1	
1	
1	
1	
1	
1	
1	
1	
1	
1	
1	
1	
1	
1	
1	
1	
1	
1	
1	
1	
1	
1	
1	
1	
1	
1	
1	
1	
1	
1	
1	
1	
1	
1	
1	
1	
1	
1	
1	
1	
1	
1	
1	
1	
1	
1	
1	
1	
1	
1	
1	
1	
1	
1	
1	
1	
1	
1	
1	
1	
1	
1	
1	
1	
1	
1	
1	
1	
1	
1	
1	
1	
1	
1	
1	
1	
1	
1	
1	
1	
1	
1	
1	
1	
1	
1	
1	
1	
1	
1	
1	
1	
1	
1	
1	
1	
1	
1	
1	
1	
1	
1	
1	
1	
1	
1	
1	
1	
1	
1	
1	
1	
1	
1	
1	
1	
1	
1	
1	
1	
1	
1	
1	
1	
1	
1	
1	
1	
1	
1	
1	
1	
1	
1	
1	
1	
1	
1	
1	
1	
1	
1	
1	
1	
1	
1	
1	
1	
1	
1	
1	
1	
1	
1	
1	
1	
1	
1	
1	
1	
1	
1	
1	
1	
1	
1	
1	
1	
1	
1	
1	
1	
1	
1	
1	
1	
1	
1	
1	
1	
1	
1	
1	
1	
1	
1	
1	
1	
1	
1	
1	
1	
1	
1	
1	
1	
1	
1	
1	
1	
1	
1	
1	
1	
1	
1	
1	
1	
1	
1	
1	
1	
1	
1	
1	
1	
1	
1	
1	
1	
1	
1	
1	
1	
1	
1	
1	
1	
1	
1	
1	
1	
1	
1	
1	
1	
1	
1	
1	
1	
1	
1	
1	
1	
1	
1	
1	
1	
1	
1	
1	
1	
1	
1	
1	
1	
1	
1	
1	
1	
1	
1	
1	
1	
1	
1	
1	
1	
1	
1	
1	
1	
1	
1	
1	
1	
1	
1	
1	
1	
1	
1	
1	
1	
1	
1	
1	
1	
1	
1	
1	
1	
1	
1	
1	
1	
1	
1	
1	
1	
1	
1	
1	
1	
1	
1	
1	
1	
1	
1	
1	
1	
1	
1	
1	
1	
1	
1	
1	
1	
1	
1	
1	
1	
1	
1	
1	
1	
1	
1	
1	
1	
1	
1	
1	
1	
1	
1	
1	
1	
1	
1	
1	
1	
1	
1	
1	
1	
1	
1	
1	
1	
1	
1	
1	
1	
1	
1	
1	
1	
1	
1	
1	
1	
1	
1	
1	
1	
1	
1	
1	
1	
1	
1	
1	
1	
1	
1	
1	
1	
1	
1	
1	
1	
1	
1	
1	
1	
1	
1	
1	
1	
1	
1	
1	
1	
1	
1	
1	
1	
1	
1	
1	
1	
1	
1	
1	
1	
1	
1	
1	
1	
1	
1	
1	
1	
1	
1	
1	
1	
1	
1	
1	
1	
1	
1	
1	
1	
1	
1	
1	
1	
1	
1	
1	
1	
1	
1	
1	
1	
1	
1	
1	
1	
1	
1	
1	
1	
1	
1	
1	
1	
1	
1	
1	
1	
1	
1	
1	
1	
1	
1	
1	
1	
1	
1	
1	
1	
1	
1	
1	
1	
1	
1	
1	
1	
1	
1	
1	
1	
1	
1	
1	
1	
1	
1	
1	
1	
1	
1	
1	
1	
1	
1	
1	
1	
1	
1	
1	
1	
1	
1	
1	
1	
1	
1	
1	
1	
1	
1	
1	
1	
1	
1	
1	
1	
1	
1	
1	
1	
1	
1	
1	
1	
1	
1	
1	
1	
1	
1	
1	
1	
1	
1	
1	
1	
1	
1	
1	
1	
1	
1	
1	
1	
1	
1	
1	
1	
1	
1	
1	
1	
1	
1	
1	
1	
1	
1	
1	
1	
1	
1	
1	
1	
1	
1	
1	
1	
1	
1	
1	
1	
1	
1	
1	
1	
1	
1	
1	
1	
1	
1	
1	
1	
1	
1	
1	
1	
1	
1	
1	
1	
1	
1	
1	
1	
1	
1	
1	
1	
1	
1	
1	
1	
1	
1	
1	
1	
1	
1	
1	
1	
1	
1	
1	
1	
1	
1	
1	
1	
1	
1	
1	
1	
1	
1	
1	
1	
1	
1	
1	
1	
1	
1	
1	
1	
1	
1	
1	
1	
1	
1	
1	
1	
1	
1	
1	
1	
1	
1	
1	
1	
1	
1	
1	
1	
1	
1	
1	
1	
1	
1	
1	
1	
1	
1	
1	
1	
1	
1	
1	
1	
1	
1	
1	
1	
1	
1	
1	
1	
1	
1	
1	
1	
1	
1	
1	
1	
1	
1	
1	
1	
1	
1	
1	
1	
1	
1	
1	
1	
1	
1	
1	
1	
1	
1	
1	
1	
1	
1	
1	
1	
1	
1	
1	
1	
1	
1	
1	
1	
1	
1	
1	
1	
1	
1	
1	
1	
1	
1	
1	
1	
1	
1	
1	
1	
1	
1	
1	
1	
1	
1	
1	
1	
1	
1	
1	
1	
1	
1	
1	
1	
1	
1	
1	
1	
1	
1	
1	
1	
1	
1	
1	
1	
1	
1	
1	
1	
1	
1	
1	
1	
1	
1	
1	
1	
1	
1	
1	
1	
1	
1	
1	
1	
1	
1	
1	
1	
1	
1	
1	
1	
1	
1	
1	
1	
1	
1	
1	
1	
1	
1	
1	
1	
1	
1	
1	
1	
1	
1	
1	
1	
1	
1	
1	
1	
1	
1	
1	
1	
1	
1	
1	
1	
1	
1	
1	
1	
1	
1	
1	
1	
1	
1	
1	
1	
1	
1	
1	
1	
1	
1	
1	
1	
1	
1	
1	
1	
1	
1	
1	
1	
1	
1	
1	
1	
1	
1	
1	
1	
1	
1	
1	
1	
1	
1	
1	
1	
1	
1	
1	
1	
1	
1	
1	
1	
1	
1	
1	
1	
1	
1	
1	
1	
1	
1	
1	
1	
1	
1	
1	
1	
1	
1	
1	
1	
1	
1	
1	
1	
1	
1	
1	
1	
1	
1	
1	
1	
1	
1	
1	
1	
1	
1	
1	
1	
1	
1	
1	
1	
1	
1	
1	
1	
1	
1	
1	
1	
1	
1	
1	
1	
1	
1	
1	
1	
1	
1	
1	
1	
1	
1	
1	
1	
1	
1	
1	
1	
1	
1	
1	
1	
1	
1	
1	
1	
1	
1	
1	
1	
1	
1	
1	
1	
1	
1	
1	
1	
1	
1	
1	
1	
1	
1	
1	
1	
1	
1	
1	
1	
1	
1	
1	
1	
1	
1	
1	
1	
1	
1	
1	
1	
1	
1	
1	
1	
1	
1	
1	
1	
1	
1	
1	
1	
1	
1	
1	
1	
1	
1	
1	
1	
1	
1	
1	
1	
1	
1	
1	
1	
1	
1	
1	
1	
1	
1	
1	
1	
1	
1	
1	
1	
1	
1	
1	
1	
1	
1	
1	
1	
1	
1	
1	
1	
1	
1	
1	
1	
1	
1	
1	
1	
1	
1	
1	
1	
1	
1	
1	
1	
1	
1	
1	
1	
1	
1	
1	
1	
1	
1	
1	
1	
1	
1	
1	
1	
1	
1	
1	
1	
1	
1	
1	
1	
1	
1	
1	
1	
1	
1	
1	
1	
1	
1	
1	
1	
1	
1	
1	
1	
1	
1	
1	
1	
1	
1	
1	
1	
1	
1	
1	
1	
1	
1	
1	
1	
1	
1	
1	
1	
1	
1	
1	
1	
1	
1	
1	
1	
1	
1	
1	
1	
1	
1	
1	
1	
1	
1	
1	
1	
1	
1	
1	
1	
1	
1	
1	
1	
1	
1	
1	
1	
1	
1	
1	
1	
1	
1	
1	
1	
1	
1	
1	
1	
1	
1	
1	
1	
1	
1	
1	
1	
1	
1	
1	
1	
1	
1	
1	
1	
1	
1	
1	
1	
1	
1	
1	
1	
1	
1	
1	
1	
1	
1	
1	
1	
1	
1	
1	
1	
1	
1	
1	
1	
1	
1	
1	
1	
1	
1	
1	
1	
1	
1	
1	
1	
1	
1	
1	
1	
1	
1	
1	
1	
1	
1	
1	
1	
1	
1	
1	
1	
1	
1	
1	
1	
1	
1	
1	
1	
1	
1	
1	
1	
1	
1	
1	
1	
1	
1	
1	
1	
1	
1	
1	
1	
1	
1	
1	
1	
1	
1	
1	
1	
1	
1	
1	
1	
1	
1	
1	
1	
1	
1	
1	
1	
1	
1	
1	
1	
1	
1	
1	
1	
1	
1	
1	
1	
1	
1	
1	
1	
1	
1	
1	
1	
1	
1	
1	
1	
1	
1	
1	
1	
1	
1	
1	
1	
1	
1	
1	
1	
1	
1	
1	
1	
1	
1	
1	
1	
1	
1	
1	
1	
1	
1	
1	
1	
1	
1	
1	
1	
1	
1	
1	
1	
1	
1	
1	
1	
1	
1	
1	
1	
1	
1	
1	
1	
1	
1	
1	
1	
1	
1	
1	
1	
1	
1	
1	
1	
1	
1	
1	
1	
1	
1	
1	
1	
1	
1	
1	
1	
1	
1	
1	
1	
1	
1	
1	
1	
1	
1	
1	
1	
1	
1	
1	
1	
1	
1	
1	
1	
1	
1	
1	
1	
1	
1	
1	
1	
1	
1	
1	
1	
1	
1	
1	
1	
1	
1	
1	
1	
1	
1	
1	
1	
1	
1	
1	
1	
1	
1	
1	
1	
1	
1	
1	
1	
1	
1	
1	
1	
1	
1	
1	
1	
1	
1	
1	
1	
1	
1	
1	
1	
1	
1	
1	
1	
1	
1	
1	
1	
1	
1	
1	
1	
1	
1	
1	
1	
1	
1	
1	
1	
1	
1	
1	
1	
1	
1	
1	
1	
1	
1	
1	
1	
1	
1	
1	
1	
1	
1	
1	
1	
1	
1	
1	
1	
1	
1	
1	
1	
1	
1	
1	
1	
1	
1	
1	
1	
1	
1	
1	
1	
1	
1	
1	
1	
1	
1	
1	
1	
1	
1	
1	
1	
1	
1	
1	
1	
1	
1	
1	
1	
1	
1	
1	
1	
1	
1	
1	
1	
1	
1	
1	
1	
1	
1	
1	
1	
1	
1	
1	
1	
1	
1	
1	
1	
1	
1	
1	
1	
1	
1	
1	
1	
1	
1	
1	
1	
1	
1	
1	
1	
1	
1	
1	
1	
1	
1	
1	
1	
1	
1	
1	
1	
1	
1	
1	
1	
1	
1	
1	
1	
1	
1	
1	
1	
1	
1	
1	
1	
1	
1	
1	
1	
1	
1	
1	
1	
1	
1	
1	
1	
1	
1	
1	
1	
1	
1	
1	
1	
1	
1	
1	
1	
1	
1	
1	
1	
1	
1	
1	
1	
1	
1	
1	
1	
1	
1	
1	
1	
1	
1	
