646	89	59	43	36	29	29	23	17	16	13	12	11	10	9	9	9	8	7	7	7	6	5	5	5	5	4	4	4	4	4	4	4	4	4	3	3	3	3	3	3	2	2	2	2	2	2	2	2	2	2	2	2	2	2	2	2	2	2	2	2	2	2	2	2	2	2	2	2	2	2	2	2	2	2	2	2	2	2	2	2	2	2	2	2	2	2	2	2	2	2	2	2	2	2	2	2	2	2	2	2	2	2	2	2	1	1	1	1	1	1	1	1	1	1	1	1	1	1	1	1	1	1	1	1	1	1	1	1	1	1	1	1	1	1	1	1	1	1	1	1	1	1	1	1	1	1	1	1	1	1	1	1	1	1	1	1	1	1	1	1	1	1	1	1	1	1	1	1	1	1	1	1	1	1	1	1	1	1	1	1	1	1	1	1	1	1	1	1	1	1	1	1	1	1	1	1	
457	62	19	18	16	10	9	9	7	6	5	5	4	4	3	3	3	3	3	3	3	3	3	3	2	2	2	2	2	2	2	2	2	2	2	2	2	2	2	2	2	2	2	2	2	1	1	1	1	1	1	1	1	1	1	1	1	1	1	1	1	1	1	1	1	1	1	1	1	1	1	1	1	1	1	1	1	1	1	1	1	1	1	1	1	1	1	1	1	1	1	1	1	1	1	1	1	1	1	1	1	1	1	1	1	1	1	1	1	1	1	1	1	1	1	1	1	1	1	1	1	1	1	1	1	1	1	1	1	1	1	1	1	1	1	1	1	1	1	1	1	1	1	1	
161	38	11	10	10	8	8	8	6	5	3	3	3	3	2	2	2	2	2	2	2	2	2	2	2	2	2	2	2	2	2	2	2	1	1	1	1	1	1	1	1	1	1	1	1	1	1	1	1	1	1	1	1	1	1	1	1	1	1	1	1	1	1	1	1	1	1	1	1	1	1	1	1	1	1	1	1	1	1	1	1	1	1	1	1	1	1	1	1	
126	19	8	6	6	5	5	5	4	4	3	3	3	3	3	2	2	2	2	2	2	2	2	2	2	1	1	1	1	1	1	1	1	1	1	1	1	1	1	1	1	1	1	1	1	1	1	1	1	1	1	1	1	1	1	1	1	1	1	1	1	1	1	1	1	1	1	1	
69	18	18	15	13	13	7	7	6	4	4	4	3	2	2	2	2	2	2	2	2	2	1	1	1	1	1	1	1	1	1	1	1	1	1	1	1	1	1	1	1	1	1	1	1	1	1	1	1	1	1	1	1	1	1	1	1	1	1	
46	33	17	15	8	8	7	6	6	5	4	3	3	3	2	2	2	2	2	1	1	1	1	1	1	1	1	1	1	1	1	1	1	1	1	1	1	1	1	
55	28	28	10	5	3	3	3	2	2	2	2	2	2	2	2	1	1	1	1	1	1	1	1	1	1	1	1	1	1	1	1	1	1	1	1	1	1	1	1	1	1	1	1	
26	15	8	8	7	6	5	4	4	3	3	3	3	2	2	2	2	2	2	2	1	1	1	1	1	1	1	1	1	1	1	1	1	1	1	1	1	1	1	1	1	1	1	1	1	1	1	1	1	1	1	1	1	
32	25	16	16	14	5	3	3	3	2	2	1	1	1	1	1	1	1	1	1	1	1	1	1	
47	6	6	5	5	4	3	3	3	2	2	2	2	2	2	2	2	2	2	2	1	1	1	1	1	1	1	1	1	1	1	1	1	1	1	1	1	1	1	1	1	1	1	1	1	1	1	1	1	1	
51	36	6	5	4	4	3	3	2	2	2	2	1	1	1	1	1	1	1	1	1	1	1	
46	16	6	5	4	4	3	3	2	2	2	2	2	2	1	1	1	1	1	1	1	1	1	1	1	1	1	1	1	1	1	1	1	1	1	1	1	1	1	1	1	1	
10	6	4	4	4	4	3	3	3	3	3	2	2	2	2	2	2	2	2	2	2	2	1	1	1	1	1	1	1	1	1	1	1	1	1	1	1	1	1	1	1	1	1	1	1	1	1	1	1	1	1	1	1	1	1	1	1	1	1	1	1	1	1	1	1	
57	6	6	4	3	3	2	2	1	1	1	1	1	1	1	1	1	1	1	1	1	1	1	1	1	
32	7	6	5	5	3	3	2	2	2	2	1	1	1	1	1	1	1	1	1	1	1	1	1	1	1	1	1	1	1	1	1	1	1	1	1	1	1	1	1	1	
40	13	7	7	5	4	3	3	1	1	1	1	1	1	1	1	1	1	1	1	1	1	1	1	
11	8	7	7	7	5	5	4	3	3	3	3	3	2	2	2	2	2	2	2	2	2	1	1	1	1	1	1	1	1	1	1	
18	13	13	12	12	5	4	3	2	2	1	1	1	1	1	1	1	1	1	1	1	
7	7	6	6	5	5	4	3	3	3	3	3	2	2	2	2	2	2	2	2	2	2	2	1	1	1	1	1	1	1	1	1	1	1	1	1	
71	6	5	2	1	1	1	1	1	1	
13	6	6	5	4	3	3	3	3	3	2	2	2	2	2	2	2	2	2	1	1	1	1	1	1	1	1	1	1	1	1	1	1	1	1	1	1	1	
32	3	3	2	2	2	2	2	2	1	1	1	1	1	1	1	1	1	1	1	1	1	1	1	1	1	1	1	1	1	1	1	1	1	1	1	1	1	1	1	1	1	1	1	1	
69	4	2	1	1	1	1	1	1	1	1	
45	25	2	2	1	1	1	1	1	1	1	1	
45	5	4	3	3	2	2	2	2	1	1	1	1	1	1	1	1	1	1	1	1	1	
11	10	10	9	7	5	4	4	2	2	2	2	1	1	1	1	1	1	1	1	1	1	1	1	
7	5	5	5	5	4	4	3	3	3	2	2	2	2	2	2	2	2	2	2	1	1	1	1	1	1	1	1	1	1	1	1	1	1	1	
12	12	7	7	6	3	3	3	3	3	2	2	2	2	2	2	1	1	1	1	1	1	1	
40	10	6	5	4	2	2	1	1	1	1	1	1	1	1	
19	11	11	4	4	4	3	2	2	2	2	2	1	1	1	1	1	1	1	1	1	1	
7	5	4	4	4	4	3	3	3	2	2	2	2	2	2	2	2	2	1	1	1	1	1	1	1	1	1	1	1	1	1	1	1	1	1	1	1	
12	11	10	7	4	3	3	3	2	2	2	2	2	1	1	1	1	1	1	1	1	1	1	1	
3	3	3	3	3	3	2	2	2	2	2	1	1	1	1	1	1	1	1	1	1	1	1	1	1	1	1	1	1	1	1	1	1	1	1	1	1	1	1	1	1	1	1	1	1	1	1	1	1	1	1	1	
43	6	4	2	1	1	1	1	1	1	1	1	1	1	1	1	1	1	
44	6	4	2	2	1	1	1	1	1	1	1	1	1	1	
45	6	3	3	2	1	1	1	1	1	1	1	
35	10	2	2	1	1	1	1	1	1	1	1	1	1	1	1	1	1	1	1	
37	8	2	2	2	1	1	1	1	1	1	1	1	1	1	1	1	1	
23	5	4	4	3	3	2	2	2	2	1	1	1	1	1	1	1	1	1	1	1	1	1	
38	10	8	2	2	1	1	
26	11	4	2	2	2	2	2	1	1	1	1	1	1	1	1	1	1	1	
49	2	2	1	1	1	1	1	1	1	1	
37	9	3	2	2	2	1	1	1	1	
18	9	8	5	3	2	1	1	1	1	1	1	1	1	1	1	1	1	1	
9	5	4	3	2	2	2	2	2	2	2	1	1	1	1	1	1	1	1	1	1	1	1	1	1	1	1	1	1	1	1	1	1	
24	9	3	2	1	1	1	1	1	1	1	1	1	1	1	1	1	1	1	1	1	
32	15	6	2	
10	9	6	5	5	3	3	2	2	1	1	1	1	1	1	1	1	1	
33	8	3	2	1	1	1	1	1	1	
32	2	2	2	2	1	1	1	1	1	1	1	1	1	1	1	1	
18	15	7	4	1	1	1	1	1	1	
29	4	3	2	2	1	1	1	1	1	1	1	1	
12	6	4	4	4	3	2	1	1	1	1	1	1	1	1	1	1	1	1	1	
11	9	2	2	2	2	2	2	2	1	1	1	1	1	1	1	1	1	1	1	1	1	
4	3	3	3	3	2	2	2	2	2	1	1	1	1	1	1	1	1	1	1	1	1	1	1	1	1	1	1	1	1	
15	9	2	2	1	1	1	1	1	1	1	1	1	1	1	1	1	1	1	1	1	1	
13	6	4	3	3	3	2	2	2	2	1	1	1	1	1	
20	3	3	3	3	1	1	1	1	1	1	1	1	1	1	1	1	1	
4	3	3	3	2	2	2	2	1	1	1	1	1	1	1	1	1	1	1	1	1	1	1	1	1	1	1	1	1	1	1	1	
32	2	2	1	1	1	1	1	1	1	1	
28	6	5	3	1	1	
18	2	2	2	1	1	1	1	1	1	1	1	1	1	1	1	1	1	1	1	1	1	1	
33	4	1	1	1	1	1	1	
13	8	7	3	2	2	1	1	1	1	1	1	1	
6	6	3	3	2	2	2	1	1	1	1	1	1	1	1	1	1	1	1	1	1	1	1	1	1	
3	3	3	3	2	1	1	1	1	1	1	1	1	1	1	1	1	1	1	1	1	1	1	1	1	1	1	1	1	1	1	1	1	
19	3	2	2	1	1	1	1	1	1	1	1	1	1	1	1	1	1	1	
9	7	4	4	3	2	1	1	1	1	1	1	1	1	1	1	1	1	
32	2	2	2	1	1	
22	6	4	2	1	1	1	1	1	
2	2	1	1	1	1	1	1	1	1	1	1	1	1	1	1	1	1	1	1	1	1	1	1	1	1	1	1	1	1	1	1	1	1	1	1	
11	9	2	2	2	1	1	1	1	1	1	1	1	1	1	1	1	
19	5	1	1	1	1	1	1	1	1	1	1	1	1	1	1	
14	10	2	1	1	1	1	1	1	1	1	1	1	1	1	
27	4	4	2	1	
10	4	3	2	2	2	2	1	1	1	1	1	1	1	1	1	1	1	1	1	
9	5	5	3	2	2	2	1	1	1	1	1	1	1	1	1	1	
8	6	5	4	2	2	1	1	1	1	1	1	1	1	1	1	
11	8	4	4	3	2	1	1	1	1	1	
3	3	3	2	2	2	2	1	1	1	1	1	1	1	1	1	1	1	1	1	1	1	1	1	1	1	1	
14	6	4	3	3	3	2	1	
7	4	4	3	2	2	1	1	1	1	1	1	1	1	1	1	1	1	1	
10	7	5	2	1	1	1	1	1	1	1	1	1	1	1	
10	9	3	2	1	1	1	1	1	1	1	1	1	1	1	
34	1	
20	5	3	2	2	1	1	1	
12	9	6	1	1	1	1	1	1	1	
11	7	4	3	3	2	2	1	1	
11	3	2	2	2	2	1	1	1	1	1	1	1	1	1	1	1	1	
7	4	3	3	1	1	1	1	1	1	1	1	1	1	1	1	1	1	1	1	1	
12	5	2	2	2	2	1	1	1	1	1	1	1	1	1	
5	5	5	4	2	2	1	1	1	1	1	1	1	1	1	1	1	
15	8	3	1	1	1	1	1	1	1	
11	3	2	1	1	1	1	1	1	1	1	1	1	1	1	1	1	1	1	1	
3	2	2	2	2	2	2	2	1	1	1	1	1	1	1	1	1	1	1	1	1	1	1	1	
13	2	2	1	1	1	1	1	1	1	1	1	1	1	1	1	1	1	1	
12	2	2	2	2	2	1	1	1	1	1	1	1	1	1	1	1	
5	5	4	3	3	2	1	1	1	1	1	1	1	1	1	1	
14	6	3	3	2	2	1	
8	7	6	3	3	1	1	1	1	
6	4	3	3	1	1	1	1	1	1	1	1	1	1	1	1	1	1	1	
24	3	3	1	
3	2	2	2	2	2	2	1	1	1	1	1	1	1	1	1	1	1	1	1	1	1	1	
9	4	3	2	2	2	1	1	1	1	1	1	1	1	1	
3	2	2	2	2	2	1	1	1	1	1	1	1	1	1	1	1	1	1	1	1	1	1	
7	5	3	3	2	1	1	1	1	1	1	1	1	1	1	
14	3	3	3	2	1	1	1	1	
19	2	2	2	1	1	1	1	
8	6	5	4	2	1	1	1	1	
4	4	3	3	2	2	2	1	1	1	1	1	1	1	1	1	
17	2	2	2	1	1	1	1	1	1	
5	3	3	3	2	2	1	1	1	1	1	1	1	1	1	1	1	
14	2	1	1	1	1	1	1	1	1	1	1	1	1	
4	3	3	2	2	2	1	1	1	1	1	1	1	1	1	1	1	1	
3	3	2	2	2	1	1	1	1	1	1	1	1	1	1	1	1	1	1	1	1	
11	5	4	2	1	1	1	1	1	1	
7	6	3	2	2	1	1	1	1	1	1	1	1	
11	8	3	3	1	1	1	
12	6	2	1	1	1	1	1	1	1	1	
10	7	5	2	1	1	1	
26	1	
7	4	4	4	2	2	2	1	1	
4	3	2	2	2	2	1	1	1	1	1	1	1	1	1	1	1	1	
26	
6	3	2	2	2	1	1	1	1	1	1	1	1	1	1	1	
8	4	2	2	2	1	1	1	1	1	1	1	1	
8	6	6	2	1	1	1	1	
7	3	2	1	1	1	1	1	1	1	1	1	1	1	1	1	1	
4	2	2	2	1	1	1	1	1	1	1	1	1	1	1	1	1	1	1	
4	4	4	2	2	2	2	1	1	1	1	1	
8	4	2	1	1	1	1	1	1	1	1	1	1	1	
24	1	
8	5	3	2	2	1	1	1	1	
22	2	
7	4	3	3	2	2	2	1	
9	4	2	2	1	1	1	1	1	1	1	
3	3	2	1	1	1	1	1	1	1	1	1	1	1	1	1	1	1	1	
11	3	2	1	1	1	1	1	1	1	1	
2	2	2	2	1	1	1	1	1	1	1	1	1	1	1	1	1	1	1	1	
9	7	5	1	1	1	
3	2	2	1	1	1	1	1	1	1	1	1	1	1	1	1	1	1	1	1	
7	2	2	2	2	1	1	1	1	1	1	1	1	
20	3	
18	2	1	1	1	
4	2	2	1	1	1	1	1	1	1	1	1	1	1	1	1	1	1	
4	3	2	2	2	2	1	1	1	1	1	1	1	
6	5	2	2	1	1	1	1	1	1	1	
10	2	2	1	1	1	1	1	1	1	1	
4	3	1	1	1	1	1	1	1	1	1	1	1	1	1	1	1	
3	3	3	2	2	1	1	1	1	1	1	1	1	
3	2	1	1	1	1	1	1	1	1	1	1	1	1	1	1	1	1	
7	5	3	2	2	1	1	
10	3	2	1	1	1	1	1	1	
12	3	3	1	1	1	
12	1	1	1	1	1	1	1	1	1	
5	2	2	1	1	1	1	1	1	1	1	1	1	1	1	
12	1	1	1	1	1	1	1	1	1	
5	3	1	1	1	1	1	1	1	1	1	1	1	1	
9	2	2	1	1	1	1	1	1	1	
4	4	2	1	1	1	1	1	1	1	1	1	1	
7	2	1	1	1	1	1	1	1	1	1	1	1	
20	
4	4	3	2	2	2	1	1	
6	5	3	3	1	1	
5	3	2	2	2	1	1	1	1	1	
11	6	1	1	
11	2	2	1	1	1	1	
9	2	2	1	1	1	1	1	1	
19	
2	2	1	1	1	1	1	1	1	1	1	1	1	1	1	1	1	
11	3	2	1	1	1	
2	2	1	1	1	1	1	1	1	1	1	1	1	1	1	1	1	
4	3	2	1	1	1	1	1	1	1	1	1	1	
6	3	2	2	1	1	1	1	1	
6	2	1	1	1	1	1	1	1	1	1	1	
5	4	1	1	1	1	1	1	1	1	1	
17	1	
9	2	2	2	2	1	
12	2	1	1	1	1	
9	2	2	1	1	1	1	1	
6	5	3	1	1	1	1	
12	2	1	1	1	1	
14	2	1	1	
11	1	1	1	1	1	1	1	
6	3	3	2	1	1	1	1	
10	2	2	1	1	1	
4	4	3	1	1	1	1	1	1	
8	4	3	1	1	
10	5	1	1	
11	3	2	1	
2	2	2	2	1	1	1	1	1	1	1	1	1	
3	3	2	1	1	1	1	1	1	1	1	1	
8	8	1	
3	2	1	1	1	1	1	1	1	1	1	1	1	1	
9	3	1	1	1	1	1	
2	1	1	1	1	1	1	1	1	1	1	1	1	1	1	1	
7	6	1	1	1	1	
4	3	3	2	1	1	1	1	1	
6	4	3	2	1	1	
9	7	1	
2	2	1	1	1	1	1	1	1	1	1	1	1	1	1	
5	2	2	2	1	1	1	1	1	1	
7	2	2	2	1	1	1	1	
10	5	1	
5	4	2	1	1	1	1	1	
4	1	1	1	1	1	1	1	1	1	1	1	1	
5	2	2	1	1	1	1	1	1	1	
14	1	1	
1	1	1	1	1	1	1	1	1	1	1	1	1	1	1	1	
16	
5	2	2	1	1	1	1	1	1	1	
4	3	2	1	1	1	1	1	1	1	
4	2	2	2	1	1	1	1	1	1	
4	4	1	1	1	1	1	1	1	1	
9	1	1	1	1	1	1	1	
2	2	1	1	1	1	1	1	1	1	1	1	1	1	
2	2	1	1	1	1	1	1	1	1	1	1	1	
5	2	2	1	1	1	1	1	1	
4	2	2	1	1	1	1	1	1	1	
4	2	1	1	1	1	1	1	1	1	1	
2	1	1	1	1	1	1	1	1	1	1	1	1	1	
6	4	2	1	1	1	
5	1	1	1	1	1	1	1	1	1	1	
4	2	2	1	1	1	1	1	1	1	
3	3	2	1	1	1	1	1	1	1	
6	2	1	1	1	1	1	1	1	
3	1	1	1	1	1	1	1	1	1	1	1	1	
3	2	2	2	2	1	1	1	1	
6	2	2	1	1	1	1	1	
2	2	2	2	1	1	1	1	1	1	1	
3	2	2	1	1	1	1	1	1	1	
6	1	1	1	1	1	1	1	1	
4	3	2	1	1	1	1	1	
9	3	1	1	
7	2	1	1	1	1	1	
6	2	1	1	1	1	1	1	
4	2	2	1	1	1	1	1	1	
4	2	2	2	2	1	1	
3	2	2	2	1	1	1	1	1	
8	1	1	1	1	1	1	
3	2	2	1	1	1	1	1	1	1	
9	4	1	
7	2	1	1	1	1	1	
12	2	
6	3	1	1	1	1	1	
7	2	1	1	1	1	1	
4	3	2	1	1	1	1	1	
4	2	2	1	1	1	1	1	1	
9	4	1	
3	3	2	2	1	1	1	1	
3	1	1	1	1	1	1	1	1	1	1	1	
7	3	2	1	1	
3	2	2	2	1	1	1	1	1	
3	2	2	2	1	1	1	1	1	
5	1	1	1	1	1	1	1	1	1	
3	2	2	1	1	1	1	1	1	
4	3	2	2	1	1	
6	2	1	1	1	1	1	
6	1	1	1	1	1	1	1	
2	1	1	1	1	1	1	1	1	1	1	1	
4	2	1	1	1	1	1	1	1	
3	2	1	1	1	1	1	1	1	1	
4	2	2	2	1	1	1	
7	2	1	1	1	1	
2	2	1	1	1	1	1	1	1	1	1	
3	2	2	2	2	1	1	
6	3	1	1	1	1	
6	2	1	1	1	1	1	
4	1	1	1	1	1	1	1	1	1	
4	4	3	1	1	
5	4	1	1	1	1	
5	3	2	1	1	1	
6	2	1	1	1	1	
4	2	1	1	1	1	1	1	
3	3	1	1	1	1	1	1	
5	2	1	1	1	1	1	
3	1	1	1	1	1	1	1	1	1	
5	3	2	1	1	
3	2	2	2	1	1	1	
2	2	1	1	1	1	1	1	1	1	
11	1	
3	2	2	1	1	1	1	1	
4	2	1	1	1	1	1	1	
10	1	1	
2	1	1	1	1	1	1	1	1	1	1	
2	1	1	1	1	1	1	1	1	1	1	
2	2	1	1	1	1	1	1	1	1	
5	3	1	1	1	1	
9	2	1	
4	1	1	1	1	1	1	1	1	
6	3	1	1	1	
4	3	2	2	1	
2	1	1	1	1	1	1	1	1	1	1	
3	2	1	1	1	1	1	1	1	
2	2	1	1	1	1	1	1	1	1	
4	3	2	1	1	1	
5	2	1	1	1	1	1	
2	2	2	2	1	1	1	1	
5	2	1	1	1	1	
7	1	1	1	1	
2	2	1	1	1	1	1	1	1	
4	3	2	1	1	
5	1	1	1	1	1	1	
4	3	2	2	
5	2	2	1	1	
3	1	1	1	1	1	1	1	1	
10	1	
3	3	2	1	1	1	
3	3	2	2	1	
4	1	1	1	1	1	1	1	
3	3	1	1	1	1	1	
9	2	
2	2	2	1	1	1	1	1	
11	
7	1	1	1	1	
3	2	2	1	1	1	1	
6	1	1	1	1	1	
2	2	1	1	1	1	1	1	1	
3	2	2	1	1	1	1	
4	2	2	1	1	1	
2	2	1	1	1	1	1	1	1	
6	1	1	1	1	1	
4	3	3	1	
8	1	1	1	
8	1	1	1	
1	1	1	1	1	1	1	1	1	1	1	
2	1	1	1	1	1	1	1	1	1	
3	2	2	1	1	1	1	
3	3	3	1	1	
3	2	1	1	1	1	1	1	
2	1	1	1	1	1	1	1	1	1	
7	1	1	1	1	
6	2	1	1	1	
4	2	1	1	1	1	1	
3	2	2	1	1	1	1	
2	2	1	1	1	1	1	1	1	
4	1	1	1	1	1	1	1	
3	2	2	1	1	1	1	
3	2	1	1	1	1	1	1	
3	2	1	1	1	1	1	1	
11	
2	2	2	1	1	1	1	
4	2	2	1	1	
3	2	2	1	1	1	
5	1	1	1	1	1	
1	1	1	1	1	1	1	1	1	1	
8	1	1	
5	1	1	1	1	1	
7	1	1	1	
4	1	1	1	1	1	1	
9	1	
4	3	3	
6	1	1	1	1	
5	2	1	1	1	
4	2	1	1	1	1	
5	2	1	1	1	
4	2	1	1	1	1	
4	1	1	1	1	1	1	
5	2	1	1	1	
3	2	2	1	1	1	
7	2	1	
6	2	1	1	
2	1	1	1	1	1	1	1	1	
7	1	1	1	
3	2	2	1	1	1	
3	1	1	1	1	1	1	1	
3	1	1	1	1	1	1	1	
3	2	1	1	1	1	1	
4	1	1	1	1	1	1	
6	1	1	1	1	
2	2	1	1	1	1	1	1	
6	1	1	1	1	
2	2	1	1	1	1	1	1	
3	2	1	1	1	1	1	
3	2	1	1	1	1	1	
10	
3	3	1	1	1	1	
7	1	1	1	
4	1	1	1	1	1	1	
3	3	2	1	1	
3	2	1	1	1	1	1	
3	2	1	1	1	1	1	
4	4	1	1	
6	2	1	1	
2	1	1	1	1	1	1	1	1	
3	1	1	1	1	1	1	
7	1	1	
5	2	1	1	
4	2	2	1	
4	2	2	1	
8	1	
2	2	1	1	1	1	1	
4	2	2	1	
2	1	1	1	1	1	1	1	
4	1	1	1	1	1	
3	2	2	1	1	
6	1	1	1	
3	1	1	1	1	1	1	
3	1	1	1	1	1	1	
1	1	1	1	1	1	1	1	1	
5	1	1	1	1	
8	1	
2	2	1	1	1	1	1	
2	1	1	1	1	1	1	1	
2	2	1	1	1	1	1	
6	1	1	1	
5	2	1	1	
3	3	1	1	1	
6	2	1	
3	1	1	1	1	1	1	
3	2	1	1	1	1	
1	1	1	1	1	1	1	1	1	
6	2	1	
5	1	1	1	1	
6	2	1	
3	3	1	1	1	
4	2	1	1	1	
5	3	1	
5	1	1	1	1	
2	1	1	1	1	1	1	1	
3	2	2	1	1	
2	2	2	1	1	1	
5	4	
8	1	
1	1	1	1	1	1	1	1	1	
2	2	1	1	1	1	1	
9	
4	2	1	1	1	
3	1	1	1	1	1	1	
7	1	1	
3	2	1	1	1	1	
3	1	1	1	1	1	
3	2	1	1	1	
1	1	1	1	1	1	1	1	
4	1	1	1	1	
1	1	1	1	1	1	1	1	
7	1	
1	1	1	1	1	1	1	1	
3	1	1	1	1	1	
2	2	2	1	1	
2	1	1	1	1	1	1	
2	1	1	1	1	1	1	
3	2	1	1	1	
2	1	1	1	1	1	1	
5	2	1	
4	2	2	
2	1	1	1	1	1	1	
3	2	2	1	
4	3	1	
2	2	2	1	1	
3	1	1	1	1	1	
7	1	
3	1	1	1	1	1	
3	1	1	1	1	1	
2	1	1	1	1	1	1	
1	1	1	1	1	1	1	1	
2	2	1	1	1	1	
2	1	1	1	1	1	1	
2	2	1	1	1	1	
2	2	1	1	1	1	
5	1	1	1	
3	2	1	1	1	
6	1	1	
2	2	1	1	1	1	
5	1	1	1	
2	1	1	1	1	1	1	
4	1	1	1	1	
3	1	1	1	1	1	
2	2	1	1	1	1	
2	1	1	1	1	1	1	
2	2	1	1	1	1	
6	1	1	
2	1	1	1	1	1	1	
3	1	1	1	1	1	
1	1	1	1	1	1	1	1	
4	2	2	
5	2	1	
4	1	1	1	1	
2	2	1	1	1	1	
3	1	1	1	1	1	
6	1	1	
3	2	1	1	1	
6	1	1	
4	2	1	1	
2	1	1	1	1	1	1	
4	1	1	1	1	
2	1	1	1	1	1	1	
1	1	1	1	1	1	1	1	
1	1	1	1	1	1	1	1	
8	
8	
2	1	1	1	1	1	
2	1	1	1	1	1	
4	1	1	1	
2	1	1	1	1	1	
6	1	
3	2	1	1	
3	1	1	1	1	
2	1	1	1	1	1	
2	1	1	1	1	1	
1	1	1	1	1	1	1	
2	1	1	1	1	1	
4	2	1	
1	1	1	1	1	1	1	
3	2	1	1	
1	1	1	1	1	1	1	
2	1	1	1	1	1	
2	2	1	1	1	
1	1	1	1	1	1	1	
2	1	1	1	1	1	
3	3	1	
2	1	1	1	1	1	
3	2	1	1	
3	2	1	1	
2	1	1	1	1	1	
5	1	1	
4	1	1	1	
2	1	1	1	1	1	
3	2	1	1	
2	1	1	1	1	1	
3	3	1	
2	1	1	1	1	1	
2	1	1	1	1	1	
6	1	
2	2	2	1	
4	1	1	1	
2	1	1	1	1	1	
2	1	1	1	1	1	
2	2	1	1	1	
3	1	1	1	1	
3	1	1	1	1	
2	2	1	1	1	
1	1	1	1	1	1	1	
7	
6	1	
3	2	1	1	
7	
1	1	1	1	1	1	1	
3	2	1	1	
7	
4	1	1	1	
4	2	1	
1	1	1	1	1	1	1	
7	
7	
3	1	1	1	1	
3	2	1	1	
3	2	1	1	
2	1	1	1	1	1	
1	1	1	1	1	1	1	
6	1	
3	2	1	1	
2	1	1	1	1	1	
1	1	1	1	1	1	1	
2	2	1	1	1	
6	1	
2	2	1	1	1	
1	1	1	1	1	1	1	
1	1	1	1	1	1	1	
2	1	1	1	1	
2	1	1	1	1	
3	3	
5	1	
3	1	1	1	
2	2	1	1	
1	1	1	1	1	1	
6	
2	1	1	1	1	
6	
1	1	1	1	1	1	
2	2	1	1	
3	1	1	1	
4	1	1	
3	2	1	
1	1	1	1	1	1	
2	1	1	1	1	
1	1	1	1	1	1	
1	1	1	1	1	1	
4	1	1	
4	1	1	
1	1	1	1	1	1	
2	1	1	1	1	
5	1	
2	2	1	1	
3	2	1	
3	1	1	1	
1	1	1	1	1	1	
4	2	
2	1	1	1	1	
1	1	1	1	1	1	
5	1	
4	1	1	
3	2	1	
6	
2	1	1	1	1	
1	1	1	1	1	1	
1	1	1	1	1	1	
3	2	1	
1	1	1	1	1	1	
1	1	1	1	1	1	
6	
4	2	
1	1	1	1	1	1	
3	1	1	1	
2	1	1	1	1	
3	2	1	
2	1	1	1	1	
1	1	1	1	1	1	
6	
2	1	1	1	1	
4	2	
3	2	1	
3	3	
2	1	1	1	1	
1	1	1	1	1	1	
6	
2	1	1	1	1	
3	2	1	
4	1	1	
3	1	1	1	
2	1	1	1	1	
2	1	1	1	1	
2	2	1	1	
2	2	1	1	
2	1	1	1	1	
3	2	1	
2	1	1	1	1	
4	1	1	
4	1	1	
2	1	1	1	1	
2	2	1	1	
3	1	1	1	
2	1	1	1	1	
4	1	1	
1	1	1	1	1	1	
3	1	1	1	
1	1	1	1	1	1	
3	2	1	
3	1	1	1	
4	1	1	
2	1	1	1	1	
2	2	1	1	
1	1	1	1	1	1	
5	1	
1	1	1	1	1	1	
2	2	1	1	
2	1	1	1	1	
2	2	1	1	
2	1	1	1	1	
1	1	1	1	1	1	
2	1	1	1	1	
2	2	2	
2	1	1	1	1	
1	1	1	1	1	1	
4	1	1	
2	1	1	1	1	
4	1	1	
2	1	1	1	1	
3	1	1	1	
3	1	1	1	
5	1	
5	1	
2	2	1	1	
4	1	1	
2	1	1	1	1	
2	2	1	1	
2	1	1	1	1	
3	2	
3	1	1	
1	1	1	1	1	
1	1	1	1	1	
5	
2	1	1	1	
2	2	1	
2	1	1	1	
2	1	1	1	
1	1	1	1	1	
3	2	
1	1	1	1	1	
5	
2	1	1	1	
1	1	1	1	1	
2	1	1	1	
3	1	1	
3	1	1	
2	1	1	1	
2	1	1	1	
1	1	1	1	1	
1	1	1	1	1	
3	1	1	
2	2	1	
2	1	1	1	
1	1	1	1	1	
1	1	1	1	1	
1	1	1	1	1	
2	1	1	1	
2	1	1	1	
2	2	1	
3	1	1	
2	1	1	1	
1	1	1	1	1	
2	1	1	1	
3	1	1	
5	
5	
2	1	1	1	
5	
2	1	1	1	
1	1	1	1	1	
1	1	1	1	1	
3	2	
1	1	1	1	1	
1	1	1	1	1	
3	1	1	
3	1	1	
5	
1	1	1	1	1	
2	2	1	
1	1	1	1	1	
1	1	1	1	1	
4	1	
3	1	1	
3	1	1	
2	2	1	
4	1	
3	1	1	
5	
2	1	1	1	
2	2	1	
2	1	1	1	
2	1	1	1	
3	2	
2	1	1	1	
2	1	1	1	
4	1	
2	1	1	1	
2	2	1	
2	1	1	1	
3	1	1	
5	
5	
2	1	1	1	
1	1	1	1	1	
1	1	1	1	1	
2	1	1	1	
2	1	1	1	
5	
1	1	1	1	1	
4	1	
1	1	1	1	1	
3	1	1	
3	2	
1	1	1	1	1	
1	1	1	1	1	
2	2	1	
1	1	1	1	1	
1	1	1	1	1	
1	1	1	1	1	
2	2	1	
1	1	1	1	1	
1	1	1	1	1	
1	1	1	1	1	
2	1	1	1	
2	2	1	
3	1	1	
2	2	1	
2	1	1	1	
1	1	1	1	1	
1	1	1	1	1	
2	1	1	1	
4	1	
2	1	1	1	
3	2	
3	1	1	
4	1	
1	1	1	1	1	
5	
2	2	1	
1	1	1	1	1	
1	1	1	1	1	
3	2	
1	1	1	1	1	
1	1	1	1	1	
2	1	1	1	
1	1	1	1	1	
3	1	1	
3	2	
5	
5	
2	1	1	1	
2	1	1	1	
5	
4	1	
3	1	1	
2	1	1	1	
4	1	
2	1	1	1	
2	1	1	1	
1	1	1	1	1	
3	2	
1	1	1	1	1	
3	1	1	
2	2	1	
4	1	
2	1	1	1	
3	1	1	
3	1	1	
1	1	1	1	1	
3	1	1	
3	1	1	
4	1	
2	1	1	1	
4	1	
2	1	1	1	
4	1	
1	1	1	1	1	
1	1	1	1	1	
1	1	1	1	1	
2	1	1	1	
2	1	1	1	
1	1	1	1	1	
2	1	1	1	
3	2	
2	1	1	1	
2	1	1	1	
2	1	1	1	
2	1	1	1	
1	1	1	1	1	
2	1	1	1	
4	1	
2	1	1	1	
2	1	1	1	
2	1	1	1	
4	1	
5	
2	1	1	1	
3	1	1	
1	1	1	1	1	
2	2	1	
2	2	
2	1	1	
1	1	1	1	
1	1	1	1	
2	1	1	
1	1	1	1	
1	1	1	1	
3	1	
1	1	1	1	
4	
2	1	1	
2	1	1	
2	1	1	
2	2	
4	
2	1	1	
2	1	1	
2	1	1	
1	1	1	1	
4	
1	1	1	1	
3	1	
2	1	1	
1	1	1	1	
1	1	1	1	
2	1	1	
1	1	1	1	
1	1	1	1	
2	1	1	
1	1	1	1	
2	1	1	
1	1	1	1	
3	1	
1	1	1	1	
2	1	1	
2	1	1	
4	
2	1	1	
4	
4	
1	1	1	1	
2	1	1	
1	1	1	1	
4	
1	1	1	1	
2	1	1	
4	
3	1	
1	1	1	1	
1	1	1	1	
2	1	1	
3	1	
1	1	1	1	
2	1	1	
4	
3	1	
1	1	1	1	
2	1	1	
2	1	1	
2	1	1	
2	1	1	
2	1	1	
1	1	1	1	
2	2	
1	1	1	1	
2	1	1	
1	1	1	1	
3	1	
3	1	
1	1	1	1	
3	1	
2	1	1	
1	1	1	1	
1	1	1	1	
3	1	
4	
2	1	1	
4	
1	1	1	1	
2	2	
4	
2	1	1	
2	2	
2	1	1	
2	1	1	
1	1	1	1	
1	1	1	1	
1	1	1	1	
2	1	1	
1	1	1	1	
2	1	1	
2	1	1	
3	1	
1	1	1	1	
2	1	1	
2	1	1	
4	
3	1	
1	1	1	1	
3	1	
3	1	
1	1	1	1	
1	1	1	1	
2	1	1	
3	1	
2	1	1	
2	2	
1	1	1	1	
1	1	1	1	
1	1	1	1	
1	1	1	1	
1	1	1	1	
1	1	1	1	
2	1	1	
1	1	1	1	
2	1	1	
1	1	1	1	
1	1	1	1	
2	2	
3	1	
3	1	
4	
1	1	1	1	
3	1	
3	1	
2	1	1	
1	1	1	1	
1	1	1	1	
4	
1	1	1	1	
2	1	1	
1	1	1	1	
1	1	1	1	
1	1	1	1	
2	1	1	
4	
3	1	
1	1	1	1	
4	
3	1	
1	1	1	1	
1	1	1	1	
2	1	1	
2	2	
1	1	1	1	
1	1	1	1	
4	
1	1	1	1	
4	
3	1	
1	1	1	1	
2	1	1	
2	1	1	
4	
4	
1	1	1	1	
4	
2	1	1	
2	1	1	
1	1	1	1	
1	1	1	1	
1	1	1	1	
1	1	1	1	
2	1	1	
1	1	1	1	
1	1	1	1	
2	2	
1	1	1	1	
1	1	1	1	
2	1	1	
1	1	1	1	
3	1	
4	
1	1	1	1	
1	1	1	1	
3	1	
2	2	
2	1	1	
3	1	
2	1	1	
1	1	1	1	
3	1	
2	1	1	
2	1	1	
2	1	1	
2	1	1	
1	1	1	1	
2	1	1	
1	1	1	1	
2	2	
4	
1	1	1	1	
1	1	1	1	
2	1	1	
2	2	
1	1	1	1	
2	2	
1	1	1	1	
1	1	1	1	
1	1	1	1	
2	1	1	
3	1	
2	1	1	
1	1	1	1	
2	1	1	
2	1	1	
2	1	1	
1	1	1	1	
2	1	1	
1	1	1	1	
2	1	1	
4	
2	1	1	
2	1	1	
1	1	1	1	
2	1	1	
2	1	1	
3	1	
1	1	1	1	
2	1	1	
1	1	1	1	
2	1	1	
3	1	
1	1	1	1	
2	1	1	
2	2	
2	1	1	
2	1	1	
2	1	1	
2	1	1	
3	1	
3	1	
1	1	1	1	
3	1	
3	1	
1	1	1	1	
1	1	1	1	
2	1	1	
2	1	1	
1	1	1	1	
1	1	1	1	
3	1	
2	1	1	
2	1	1	
2	1	1	
1	1	1	1	
2	1	1	
2	1	1	
3	1	
1	1	1	1	
2	1	1	
1	1	1	1	
2	1	1	
4	
2	1	1	
1	1	1	1	
2	1	1	
4	
4	
2	1	1	
2	1	1	
1	1	1	
2	1	
1	1	1	
3	
2	1	
2	1	
2	1	
2	1	
3	
1	1	1	
3	
1	1	1	
1	1	1	
2	1	
2	1	
1	1	1	
2	1	
3	
1	1	1	
2	1	
2	1	
1	1	1	
1	1	1	
3	
2	1	
2	1	
2	1	
1	1	1	
2	1	
2	1	
2	1	
1	1	1	
1	1	1	
1	1	1	
1	1	1	
2	1	
1	1	1	
2	1	
2	1	
1	1	1	
2	1	
2	1	
1	1	1	
3	
1	1	1	
1	1	1	
3	
3	
3	
2	1	
1	1	1	
2	1	
2	1	
3	
2	1	
2	1	
1	1	1	
3	
2	1	
3	
1	1	1	
2	1	
1	1	1	
1	1	1	
2	1	
1	1	1	
1	1	1	
1	1	1	
3	
1	1	1	
2	1	
2	1	
1	1	1	
1	1	1	
1	1	1	
1	1	1	
2	1	
1	1	1	
3	
2	1	
3	
2	1	
1	1	1	
2	1	
3	
2	1	
3	
3	
2	1	
2	1	
2	1	
2	1	
2	1	
1	1	1	
1	1	1	
1	1	1	
2	1	
2	1	
2	1	
1	1	1	
1	1	1	
1	1	1	
1	1	1	
2	1	
3	
2	1	
1	1	1	
2	1	
1	1	1	
2	1	
1	1	1	
1	1	1	
2	1	
1	1	1	
2	1	
1	1	1	
3	
2	1	
2	1	
2	1	
1	1	1	
1	1	1	
2	1	
2	1	
3	
2	1	
3	
1	1	1	
1	1	1	
1	1	1	
1	1	1	
2	1	
2	1	
2	1	
1	1	1	
3	
3	
2	1	
3	
3	
3	
1	1	1	
1	1	1	
1	1	1	
2	1	
3	
1	1	1	
2	1	
2	1	
1	1	1	
3	
1	1	1	
1	1	1	
3	
3	
2	1	
1	1	1	
2	1	
1	1	1	
1	1	1	
1	1	1	
1	1	1	
1	1	1	
2	1	
2	1	
1	1	1	
2	1	
2	1	
1	1	1	
1	1	1	
2	1	
3	
1	1	1	
1	1	1	
2	1	
2	1	
1	1	1	
2	1	
2	1	
1	1	1	
1	1	1	
2	1	
1	1	1	
2	1	
1	1	1	
3	
1	1	1	
2	1	
1	1	1	
1	1	1	
3	
2	1	
2	1	
1	1	1	
2	1	
2	1	
1	1	1	
1	1	1	
2	1	
1	1	1	
2	1	
2	1	
1	1	1	
2	1	
2	1	
2	1	
1	1	1	
1	1	1	
1	1	1	
1	1	1	
2	1	
3	
1	1	1	
2	1	
1	1	1	
1	1	1	
3	
1	1	1	
1	1	1	
1	1	1	
3	
2	1	
1	1	1	
2	1	
1	1	1	
2	1	
1	1	1	
2	1	
1	1	1	
2	1	
1	1	1	
3	
1	1	1	
1	1	1	
3	
2	1	
1	1	1	
3	
1	1	1	
1	1	1	
2	1	
1	1	1	
2	1	
1	1	1	
1	1	1	
1	1	1	
2	1	
1	1	1	
2	1	
1	1	1	
1	1	1	
2	1	
1	1	1	
3	
1	1	1	
1	1	1	
2	1	
1	1	1	
1	1	1	
2	1	
1	1	1	
2	1	
2	1	
2	1	
2	1	
1	1	1	
3	
2	1	
1	1	1	
2	1	
1	1	1	
1	1	1	
2	1	
3	
2	1	
3	
3	
3	
1	1	1	
2	1	
1	1	1	
2	1	
1	1	1	
1	1	1	
2	1	
1	1	1	
2	1	
3	
2	1	
2	1	
2	1	
2	1	
1	1	1	
1	1	1	
1	1	1	
1	1	1	
3	
2	1	
1	1	1	
2	1	
1	1	1	
2	1	
1	1	1	
1	1	1	
3	
2	1	
2	1	
3	
3	
2	1	
1	1	1	
1	1	1	
1	1	1	
2	1	
3	
1	1	1	
1	1	1	
1	1	1	
1	1	1	
1	1	1	
2	1	
3	
2	1	
3	
3	
2	1	
1	1	1	
2	1	
3	
2	1	
1	1	1	
3	
2	1	
1	1	1	
1	1	1	
1	1	1	
3	
1	1	1	
2	1	
1	1	1	
1	1	1	
1	1	1	
2	1	
1	1	1	
3	
3	
1	1	1	
1	1	1	
1	1	1	
1	1	1	
2	1	
2	1	
1	1	1	
1	1	1	
1	1	1	
1	1	1	
3	
1	1	1	
3	
1	1	1	
2	1	
2	1	
1	1	1	
1	1	1	
1	1	1	
1	1	1	
2	1	
3	
3	
1	1	1	
1	1	1	
1	1	1	
1	1	1	
1	1	1	
1	1	1	
2	1	
3	
3	
3	
2	1	
1	1	1	
2	1	
2	1	
2	1	
1	1	1	
2	1	
1	1	1	
1	1	1	
1	1	1	
3	
1	1	1	
1	1	1	
1	1	1	
2	1	
1	1	1	
2	1	
1	1	1	
1	1	1	
1	1	1	
1	1	1	
1	1	1	
2	1	
1	1	1	
2	1	
3	
2	1	
3	
1	1	1	
2	1	
2	1	
2	1	
2	
1	1	
1	1	
1	1	
2	
1	1	
2	
2	
1	1	
1	1	
2	
1	1	
2	
2	
2	
2	
2	
2	
2	
1	1	
1	1	
1	1	
2	
1	1	
1	1	
1	1	
1	1	
1	1	
2	
1	1	
1	1	
2	
2	
2	
2	
2	
1	1	
2	
2	
2	
2	
2	
2	
2	
2	
2	
2	
2	
1	1	
1	1	
2	
2	
1	1	
2	
1	1	
1	1	
1	1	
1	1	
1	1	
1	1	
1	1	
1	1	
1	1	
1	1	
1	1	
1	1	
1	1	
2	
2	
2	
1	1	
1	1	
2	
1	1	
1	1	
1	1	
1	1	
2	
1	1	
1	1	
1	1	
1	1	
2	
1	1	
1	1	
2	
1	1	
1	1	
1	1	
1	1	
1	1	
1	1	
1	1	
1	1	
2	
1	1	
1	1	
1	1	
1	1	
2	
1	1	
2	
1	1	
2	
1	1	
1	1	
2	
2	
1	1	
1	1	
1	1	
1	1	
1	1	
1	1	
1	1	
1	1	
1	1	
1	1	
1	1	
1	1	
2	
2	
2	
2	
1	1	
1	1	
2	
1	1	
1	1	
2	
1	1	
2	
1	1	
1	1	
1	1	
2	
2	
1	1	
1	1	
1	1	
2	
1	1	
1	1	
2	
2	
1	1	
1	1	
1	1	
1	1	
2	
1	1	
1	1	
1	1	
2	
2	
1	1	
1	1	
1	1	
1	1	
1	1	
1	1	
1	1	
2	
1	1	
2	
1	1	
2	
1	1	
1	1	
2	
1	1	
1	1	
1	1	
1	1	
2	
1	1	
2	
1	1	
1	1	
1	1	
1	1	
1	1	
1	1	
2	
1	1	
1	1	
2	
2	
2	
1	1	
1	1	
1	1	
1	1	
1	1	
2	
1	1	
2	
1	1	
2	
1	1	
1	1	
1	1	
1	1	
1	1	
1	1	
2	
2	
1	1	
1	1	
2	
1	1	
2	
1	1	
1	1	
1	1	
2	
1	1	
2	
2	
1	1	
1	1	
1	1	
2	
1	1	
1	1	
2	
1	1	
1	1	
2	
1	1	
1	1	
1	1	
1	1	
1	1	
1	1	
2	
1	1	
1	1	
1	1	
1	1	
2	
1	1	
1	1	
2	
1	1	
2	
1	1	
1	1	
2	
1	1	
1	1	
1	1	
1	1	
1	1	
1	1	
2	
1	1	
2	
1	1	
2	
1	1	
2	
2	
2	
1	1	
2	
1	1	
2	
1	1	
1	1	
1	1	
1	1	
1	1	
1	1	
2	
1	1	
1	1	
2	
1	1	
1	1	
2	
1	1	
1	1	
1	1	
1	1	
2	
1	1	
1	1	
2	
1	1	
1	1	
1	1	
1	1	
2	
1	1	
2	
1	1	
2	
2	
1	1	
1	1	
1	1	
2	
1	1	
1	1	
2	
1	1	
1	1	
1	1	
1	1	
1	1	
1	1	
1	1	
2	
1	1	
1	1	
1	1	
2	
1	1	
1	1	
1	1	
1	1	
1	1	
1	1	
1	1	
1	1	
2	
1	1	
2	
1	1	
1	1	
2	
2	
1	1	
1	1	
1	1	
1	1	
2	
1	1	
1	1	
2	
1	1	
1	1	
1	1	
2	
1	1	
1	1	
1	1	
2	
1	1	
2	
2	
2	
1	1	
2	
1	1	
2	
1	1	
2	
1	1	
1	1	
1	1	
2	
1	1	
2	
2	
1	1	
1	1	
1	1	
2	
1	1	
1	1	
1	1	
1	1	
1	1	
1	1	
1	1	
2	
2	
1	1	
1	1	
1	1	
1	1	
2	
1	1	
1	1	
2	
1	1	
2	
1	1	
1	1	
2	
1	1	
1	1	
1	1	
2	
1	1	
2	
1	1	
2	
1	1	
2	
1	1	
1	1	
1	1	
1	1	
1	1	
1	1	
1	1	
1	1	
1	1	
1	1	
2	
1	1	
1	1	
1	1	
1	1	
1	1	
2	
1	1	
1	1	
1	1	
2	
1	1	
2	
2	
2	
1	1	
2	
1	1	
1	1	
1	1	
1	1	
1	1	
2	
1	1	
2	
1	1	
1	1	
1	1	
2	
2	
1	1	
1	1	
2	
1	1	
1	1	
2	
1	1	
2	
1	1	
1	1	
2	
1	1	
1	1	
2	
1	1	
1	1	
2	
1	1	
2	
2	
1	1	
1	1	
1	1	
1	1	
2	
2	
2	
1	1	
1	1	
1	1	
1	1	
2	
2	
2	
2	
1	1	
1	1	
1	1	
1	1	
1	1	
1	1	
2	
1	1	
1	1	
1	1	
1	1	
2	
1	1	
2	
1	1	
2	
1	1	
1	1	
1	1	
1	1	
1	1	
1	1	
1	1	
1	1	
1	1	
2	
1	1	
1	1	
1	1	
2	
1	1	
1	1	
1	1	
2	
1	1	
1	1	
1	1	
2	
1	1	
1	1	
2	
1	1	
2	
2	
1	1	
1	1	
1	1	
1	1	
2	
2	
1	1	
1	1	
2	
1	1	
1	1	
1	1	
2	
2	
2	
2	
1	1	
1	1	
2	
2	
1	1	
1	1	
1	1	
1	1	
2	
1	1	
2	
2	
2	
2	
2	
2	
1	1	
2	
1	1	
1	1	
2	
1	1	
1	1	
1	1	
1	1	
1	1	
1	1	
1	1	
1	1	
2	
1	1	
2	
1	1	
1	1	
1	1	
1	1	
2	
1	1	
1	1	
1	1	
1	1	
1	1	
2	
2	
1	1	
1	1	
1	1	
1	1	
2	
1	1	
2	
2	
2	
1	1	
1	1	
1	1	
2	
2	
2	
2	
2	
2	
2	
2	
2	
1	1	
1	1	
1	1	
1	1	
2	
1	1	
1	1	
1	1	
2	
1	1	
1	1	
1	1	
1	1	
1	1	
1	1	
1	1	
1	1	
2	
1	1	
1	1	
1	1	
2	
1	1	
1	1	
2	
1	1	
2	
2	
1	1	
1	1	
1	1	
1	1	
1	1	
2	
1	1	
1	1	
1	1	
1	1	
1	1	
1	1	
2	
1	1	
2	
1	1	
2	
2	
1	1	
1	1	
2	
1	1	
2	
1	1	
2	
1	1	
1	1	
1	1	
1	1	
1	1	
1	1	
1	1	
1	1	
1	1	
1	1	
1	1	
2	
1	1	
1	1	
1	1	
2	
1	1	
1	1	
2	
2	
2	
1	1	
1	1	
1	1	
1	1	
1	1	
1	1	
2	
1	1	
1	1	
2	
1	1	
1	1	
2	
2	
1	1	
2	
1	1	
1	1	
1	1	
1	1	
1	1	
2	
1	1	
1	1	
1	1	
1	1	
1	1	
1	1	
1	1	
1	1	
1	1	
1	1	
1	1	
2	
2	
1	1	
1	1	
2	
1	1	
1	1	
1	1	
1	1	
1	1	
1	1	
1	1	
1	1	
2	
2	
1	1	
2	
2	
2	
2	
1	1	
2	
1	1	
1	1	
1	1	
1	1	
1	1	
1	1	
2	
1	1	
1	1	
2	
1	1	
1	1	
1	1	
1	1	
1	1	
1	1	
1	1	
1	1	
2	
2	
2	
2	
2	
1	1	
1	1	
1	1	
1	1	
1	1	
1	1	
2	
1	1	
1	1	
1	1	
1	1	
1	1	
2	
2	
1	1	
1	1	
1	1	
1	1	
1	1	
1	1	
1	1	
1	1	
1	1	
1	1	
1	1	
1	1	
1	1	
1	1	
2	
1	1	
2	
1	1	
2	
1	1	
2	
1	1	
1	1	
1	1	
1	1	
1	1	
1	1	
2	
1	1	
1	1	
1	1	
2	
1	1	
1	1	
1	1	
1	1	
1	1	
1	1	
2	
1	1	
2	
1	1	
2	
2	
1	1	
1	1	
1	1	
2	
1	1	
1	1	
1	1	
2	
1	1	
2	
1	1	
1	1	
1	1	
1	1	
1	1	
2	
2	
2	
1	1	
1	1	
1	1	
2	
1	1	
1	1	
1	1	
1	1	
1	1	
2	
1	1	
2	
2	
2	
2	
1	1	
1	1	
1	1	
1	1	
2	
2	
1	1	
1	1	
1	1	
1	1	
1	1	
1	1	
2	
2	
2	
2	
1	1	
1	1	
1	1	
1	1	
1	1	
1	1	
1	1	
1	1	
1	1	
1	1	
1	1	
1	1	
1	1	
1	1	
2	
2	
2	
1	1	
2	
2	
1	1	
1	1	
1	1	
2	
2	
1	1	
2	
1	1	
2	
1	1	
2	
1	1	
1	1	
1	1	
1	1	
1	1	
1	1	
1	1	
2	
2	
1	1	
1	1	
1	1	
1	1	
1	1	
1	1	
2	
1	1	
1	1	
2	
1	1	
1	1	
1	1	
1	1	
2	
1	
1	
1	
1	
1	
1	
1	
1	
1	
1	
1	
1	
1	
1	
1	
1	
1	
1	
1	
1	
1	
1	
1	
1	
1	
1	
1	
1	
1	
1	
1	
1	
1	
1	
1	
1	
1	
1	
1	
1	
1	
1	
1	
1	
1	
1	
1	
1	
1	
1	
1	
1	
1	
1	
1	
1	
1	
1	
1	
1	
1	
1	
1	
1	
1	
1	
1	
1	
1	
1	
1	
1	
1	
1	
1	
1	
1	
1	
1	
1	
1	
1	
1	
1	
1	
1	
1	
1	
1	
1	
1	
1	
1	
1	
1	
1	
1	
1	
1	
1	
1	
1	
1	
1	
1	
1	
1	
1	
1	
1	
1	
1	
1	
1	
1	
1	
1	
1	
1	
1	
1	
1	
1	
1	
1	
1	
1	
1	
1	
1	
1	
1	
1	
1	
1	
1	
1	
1	
1	
1	
1	
1	
1	
1	
1	
1	
1	
1	
1	
1	
1	
1	
1	
1	
1	
1	
1	
1	
1	
1	
1	
1	
1	
1	
1	
1	
1	
1	
1	
1	
1	
1	
1	
1	
1	
1	
1	
1	
1	
1	
1	
1	
1	
1	
1	
1	
1	
1	
1	
1	
1	
1	
1	
1	
1	
1	
1	
1	
1	
1	
1	
1	
1	
1	
1	
1	
1	
1	
1	
1	
1	
1	
1	
1	
1	
1	
1	
1	
1	
1	
1	
1	
1	
1	
1	
1	
1	
1	
1	
1	
1	
1	
1	
1	
1	
1	
1	
1	
1	
1	
1	
1	
1	
1	
1	
1	
1	
1	
1	
1	
1	
1	
1	
1	
1	
1	
1	
1	
1	
1	
1	
1	
1	
1	
1	
1	
1	
1	
1	
1	
1	
1	
1	
1	
1	
1	
1	
1	
1	
1	
1	
1	
1	
1	
1	
1	
1	
1	
1	
1	
1	
1	
1	
1	
1	
1	
1	
1	
1	
1	
1	
1	
1	
1	
1	
1	
1	
1	
1	
1	
1	
1	
1	
1	
1	
1	
1	
1	
1	
1	
1	
1	
1	
1	
1	
1	
1	
1	
1	
1	
1	
1	
1	
1	
1	
1	
1	
1	
1	
1	
1	
1	
1	
1	
1	
1	
1	
1	
1	
1	
1	
1	
1	
1	
1	
1	
1	
1	
1	
1	
1	
1	
1	
1	
1	
1	
1	
1	
1	
1	
1	
1	
1	
1	
1	
1	
1	
1	
1	
1	
1	
1	
1	
1	
1	
1	
1	
1	
1	
1	
1	
1	
1	
1	
1	
1	
1	
1	
1	
1	
1	
1	
1	
1	
1	
1	
1	
1	
1	
1	
1	
1	
1	
1	
1	
1	
1	
1	
1	
1	
1	
1	
1	
1	
1	
1	
1	
1	
1	
1	
1	
1	
1	
1	
1	
1	
1	
1	
1	
1	
1	
1	
1	
1	
1	
1	
1	
1	
1	
1	
1	
1	
1	
1	
1	
1	
1	
1	
1	
1	
1	
1	
1	
1	
1	
1	
1	
1	
1	
1	
1	
1	
1	
1	
1	
1	
1	
1	
1	
1	
1	
1	
1	
1	
1	
1	
1	
1	
1	
1	
1	
1	
1	
1	
1	
1	
1	
1	
1	
1	
1	
1	
1	
1	
1	
1	
1	
1	
1	
1	
1	
1	
1	
1	
1	
1	
1	
1	
1	
1	
1	
1	
1	
1	
1	
1	
1	
1	
1	
1	
1	
1	
1	
1	
1	
1	
1	
1	
1	
1	
1	
1	
1	
1	
1	
1	
1	
1	
1	
1	
1	
1	
1	
1	
1	
1	
1	
1	
1	
1	
1	
1	
1	
1	
1	
1	
1	
1	
1	
1	
1	
1	
1	
1	
1	
1	
1	
1	
1	
1	
1	
1	
1	
1	
1	
1	
1	
1	
1	
1	
1	
1	
1	
1	
1	
1	
1	
1	
1	
1	
1	
1	
1	
1	
1	
1	
1	
1	
1	
1	
1	
1	
1	
1	
1	
1	
1	
1	
1	
1	
1	
1	
1	
1	
1	
1	
1	
1	
1	
1	
1	
1	
1	
1	
1	
1	
1	
1	
1	
1	
1	
1	
1	
1	
1	
1	
1	
1	
1	
1	
1	
1	
1	
1	
1	
1	
1	
1	
1	
1	
1	
1	
1	
1	
1	
1	
1	
1	
1	
1	
1	
1	
1	
1	
1	
1	
1	
1	
1	
1	
1	
1	
1	
1	
1	
1	
1	
1	
1	
1	
1	
1	
1	
1	
1	
1	
1	
1	
1	
1	
1	
1	
1	
1	
1	
1	
1	
1	
1	
1	
1	
1	
1	
1	
1	
1	
1	
1	
1	
1	
1	
1	
1	
1	
1	
1	
1	
1	
1	
1	
1	
1	
1	
1	
1	
1	
1	
1	
1	
1	
1	
1	
1	
1	
1	
1	
1	
1	
1	
1	
1	
1	
1	
1	
1	
1	
1	
1	
1	
1	
1	
1	
1	
1	
1	
1	
1	
1	
1	
1	
1	
1	
1	
1	
1	
1	
1	
1	
1	
1	
1	
1	
1	
1	
1	
1	
1	
1	
1	
1	
1	
1	
1	
1	
1	
1	
1	
1	
1	
1	
1	
1	
1	
1	
1	
1	
1	
1	
1	
1	
1	
1	
1	
1	
1	
1	
1	
1	
1	
1	
1	
1	
1	
1	
1	
1	
1	
1	
1	
1	
1	
1	
1	
1	
1	
1	
1	
1	
1	
1	
1	
1	
1	
1	
1	
1	
1	
1	
1	
1	
1	
1	
1	
1	
1	
1	
1	
1	
1	
1	
1	
1	
1	
1	
1	
1	
1	
1	
1	
1	
1	
1	
1	
1	
1	
1	
1	
1	
1	
1	
1	
1	
1	
1	
1	
1	
1	
1	
1	
1	
1	
1	
1	
1	
1	
1	
1	
1	
1	
1	
1	
1	
1	
1	
1	
1	
1	
1	
1	
1	
1	
1	
1	
1	
1	
1	
1	
1	
1	
1	
1	
1	
1	
1	
1	
1	
1	
1	
1	
1	
1	
1	
1	
1	
1	
1	
1	
1	
1	
1	
1	
1	
1	
1	
1	
1	
1	
1	
1	
1	
1	
1	
1	
1	
1	
1	
1	
1	
1	
1	
1	
1	
1	
1	
1	
1	
1	
1	
1	
1	
1	
1	
1	
1	
1	
1	
1	
1	
1	
1	
1	
1	
1	
1	
1	
1	
1	
1	
1	
1	
1	
1	
1	
1	
1	
1	
1	
1	
1	
1	
1	
1	
1	
1	
1	
1	
1	
1	
1	
1	
1	
1	
1	
1	
1	
1	
1	
1	
1	
1	
1	
1	
1	
1	
1	
1	
1	
1	
1	
1	
1	
1	
1	
1	
1	
1	
1	
1	
1	
1	
1	
1	
1	
1	
1	
1	
1	
1	
1	
1	
1	
1	
1	
1	
1	
1	
1	
1	
1	
1	
1	
1	
1	
1	
1	
1	
1	
1	
1	
1	
1	
1	
1	
1	
1	
1	
1	
1	
1	
1	
1	
1	
1	
1	
1	
1	
1	
1	
1	
1	
1	
1	
1	
1	
1	
1	
1	
1	
1	
1	
1	
1	
1	
1	
1	
1	
1	
1	
1	
1	
1	
1	
1	
1	
1	
1	
1	
1	
1	
1	
1	
1	
1	
1	
1	
1	
1	
1	
1	
1	
1	
1	
1	
1	
1	
1	
1	
1	
1	
1	
1	
1	
1	
1	
1	
1	
1	
1	
1	
1	
1	
1	
1	
1	
1	
1	
1	
1	
1	
1	
1	
1	
1	
1	
1	
1	
1	
1	
1	
1	
1	
1	
1	
1	
1	
1	
1	
1	
1	
1	
1	
1	
1	
1	
1	
1	
1	
1	
1	
1	
1	
1	
1	
1	
1	
1	
1	
1	
1	
1	
1	
1	
1	
1	
1	
1	
1	
1	
1	
1	
1	
1	
1	
1	
1	
1	
1	
1	
1	
1	
1	
1	
1	
1	
1	
1	
1	
1	
1	
1	
1	
1	
1	
1	
1	
1	
1	
1	
1	
1	
1	
1	
1	
1	
1	
1	
1	
1	
1	
1	
1	
1	
1	
1	
1	
1	
1	
1	
1	
1	
1	
1	
1	
1	
1	
1	
1	
1	
1	
1	
1	
1	
1	
1	
1	
1	
1	
1	
1	
1	
1	
1	
1	
1	
1	
1	
1	
1	
1	
1	
1	
1	
1	
1	
1	
1	
1	
1	
1	
1	
1	
1	
1	
1	
1	
1	
1	
1	
1	
1	
1	
1	
1	
1	
1	
1	
1	
1	
1	
1	
1	
1	
1	
1	
1	
1	
1	
1	
1	
1	
1	
1	
1	
1	
1	
1	
1	
1	
1	
1	
1	
1	
1	
1	
1	
1	
1	
1	
1	
1	
1	
1	
1	
1	
1	
1	
1	
1	
1	
1	
1	
1	
1	
1	
1	
1	
1	
1	
1	
1	
1	
1	
1	
1	
1	
1	
1	
1	
1	
1	
1	
1	
1	
1	
1	
1	
1	
1	
1	
1	
1	
1	
1	
1	
1	
1	
1	
1	
1	
1	
1	
1	
1	
1	
1	
1	
1	
1	
1	
1	
1	
1	
1	
1	
1	
1	
1	
1	
1	
1	
1	
1	
1	
1	
1	
1	
1	
1	
1	
1	
1	
1	
1	
1	
1	
1	
1	
1	
1	
1	
1	
1	
1	
1	
1	
1	
1	
1	
1	
1	
1	
1	
1	
1	
1	
1	
1	
1	
1	
1	
1	
1	
1	
1	
1	
1	
1	
1	
1	
1	
1	
1	
1	
1	
1	
1	
1	
1	
1	
1	
1	
1	
1	
1	
1	
1	
1	
1	
1	
1	
1	
1	
1	
1	
1	
1	
1	
1	
1	
1	
1	
1	
1	
1	
1	
1	
1	
1	
1	
1	
1	
1	
1	
1	
1	
1	
1	
1	
1	
1	
1	
1	
1	
1	
1	
1	
1	
1	
1	
1	
1	
1	
1	
1	
1	
1	
1	
1	
1	
1	
1	
1	
1	
1	
1	
1	
1	
1	
1	
1	
1	
1	
1	
1	
1	
1	
1	
1	
1	
1	
1	
1	
1	
1	
1	
1	
1	
1	
1	
1	
1	
1	
1	
1	
1	
1	
1	
1	
1	
1	
1	
1	
1	
1	
1	
1	
1	
1	
1	
1	
1	
1	
1	
1	
1	
1	
1	
1	
1	
1	
1	
1	
1	
1	
1	
1	
1	
1	
1	
1	
1	
1	
1	
1	
1	
1	
1	
1	
1	
1	
1	
1	
1	
1	
1	
1	
1	
1	
1	
1	
1	
1	
1	
1	
1	
1	
1	
1	
1	
1	
1	
1	
1	
1	
1	
1	
1	
1	
1	
1	
1	
1	
1	
1	
1	
1	
1	
1	
1	
1	
1	
1	
1	
1	
1	
1	
1	
1	
1	
1	
1	
1	
1	
1	
1	
1	
1	
1	
1	
1	
1	
1	
1	
1	
1	
1	
1	
1	
1	
1	
1	
1	
1	
1	
1	
1	
1	
1	
1	
1	
1	
1	
1	
1	
1	
1	
1	
1	
1	
1	
1	
1	
1	
1	
1	
1	
1	
1	
1	
1	
1	
1	
1	
1	
1	
1	
1	
1	
1	
1	
1	
1	
1	
1	
1	
1	
1	
1	
1	
1	
1	
1	
1	
1	
1	
1	
1	
1	
1	
1	
1	
1	
1	
1	
1	
1	
1	
1	
1	
1	
1	
1	
1	
1	
1	
1	
1	
1	
1	
1	
1	
1	
1	
1	
1	
1	
1	
1	
1	
1	
1	
1	
1	
1	
1	
1	
1	
1	
1	
1	
1	
1	
1	
1	
1	
1	
1	
1	
1	
1	
1	
1	
1	
1	
1	
1	
1	
1	
1	
1	
1	
1	
1	
1	
1	
1	
1	
1	
1	
1	
1	
1	
1	
1	
1	
1	
1	
1	
1	
1	
1	
1	
1	
1	
1	
1	
1	
1	
1	
1	
1	
1	
1	
1	
1	
1	
1	
1	
1	
1	
1	
1	
1	
1	
1	
1	
1	
1	
1	
1	
1	
1	
1	
1	
1	
1	
1	
1	
1	
1	
1	
1	
1	
1	
1	
1	
1	
1	
1	
1	
1	
1	
1	
1	
1	
1	
1	
1	
1	
1	
1	
1	
1	
1	
1	
1	
1	
1	
1	
1	
1	
1	
1	
1	
1	
1	
1	
1	
1	
1	
1	
1	
1	
1	
1	
1	
1	
1	
1	
1	
1	
1	
1	
1	
1	
1	
1	
1	
1	
1	
1	
1	
1	
1	
1	
1	
1	
1	
1	
1	
1	
1	
1	
1	
1	
1	
1	
1	
1	
1	
1	
1	
1	
1	
1	
1	
1	
1	
1	
1	
1	
1	
1	
1	
1	
1	
1	
1	
1	
1	
1	
1	
1	
1	
1	
1	
1	
1	
1	
1	
1	
1	
1	
1	
1	
1	
1	
1	
1	
1	
1	
1	
1	
1	
1	
1	
1	
1	
1	
1	
1	
1	
1	
1	
1	
1	
1	
1	
1	
1	
1	
1	
1	
1	
1	
1	
1	
1	
1	
1	
1	
1	
1	
1	
1	
1	
1	
1	
1	
1	
1	
1	
1	
1	
1	
1	
1	
1	
1	
1	
1	
1	
1	
1	
1	
1	
1	
1	
1	
1	
1	
1	
1	
1	
1	
1	
1	
1	
1	
1	
1	
1	
1	
1	
1	
1	
1	
1	
1	
1	
1	
1	
1	
1	
1	
1	
1	
1	
1	
1	
1	
1	
1	
1	
1	
1	
1	
1	
1	
1	
1	
1	
1	
1	
1	
1	
1	
1	
1	
1	
1	
1	
1	
1	
1	
1	
1	
1	
1	
1	
1	
1	
1	
1	
1	
1	
1	
1	
1	
1	
1	
1	
1	
1	
1	
1	
1	
1	
1	
1	
1	
1	
1	
1	
1	
1	
1	
1	
1	
1	
1	
1	
1	
1	
1	
1	
1	
1	
1	
1	
1	
1	
1	
1	
1	
1	
1	
1	
1	
1	
1	
1	
1	
1	
1	
1	
1	
1	
1	
1	
1	
1	
1	
1	
1	
1	
1	
1	
1	
1	
1	
1	
1	
1	
1	
1	
1	
1	
1	
1	
1	
1	
1	
1	
1	
1	
1	
1	
1	
1	
1	
1	
1	
1	
1	
1	
1	
1	
1	
1	
1	
1	
1	
1	
1	
1	
1	
1	
1	
1	
1	
1	
1	
1	
1	
1	
1	
1	
1	
1	
1	
1	
1	
1	
1	
1	
1	
1	
1	
1	
1	
1	
1	
1	
1	
1	
1	
1	
1	
1	
1	
1	
1	
1	
1	
1	
1	
1	
1	
1	
1	
1	
1	
1	
1	
1	
1	
1	
1	
1	
1	
1	
1	
1	
1	
1	
1	
1	
1	
1	
1	
1	
1	
1	
1	
1	
1	
1	
1	
1	
1	
1	
1	
1	
1	
1	
1	
1	
1	
1	
1	
1	
1	
1	
1	
1	
1	
1	
1	
1	
1	
1	
1	
1	
1	
1	
1	
1	
1	
1	
1	
1	
1	
1	
1	
1	
1	
1	
1	
1	
1	
1	
1	
1	
1	
1	
1	
1	
1	
1	
1	
1	
1	
1	
1	
1	
1	
1	
1	
1	
1	
1	
1	
1	
1	
1	
1	
1	
1	
1	
1	
1	
1	
1	
1	
1	
1	
1	
1	
1	
1	
1	
1	
1	
1	
1	
1	
1	
1	
1	
1	
1	
1	
1	
1	
1	
1	
1	
1	
1	
1	
1	
1	
1	
1	
1	
1	
1	
1	
1	
1	
1	
1	
1	
1	
1	
1	
1	
1	
1	
1	
1	
1	
1	
1	
1	
1	
1	
1	
1	
1	
1	
1	
1	
1	
1	
1	
1	
1	
1	
1	
1	
1	
1	
1	
1	
1	
1	
1	
1	
1	
1	
1	
1	
1	
1	
1	
1	
1	
1	
1	
1	
1	
1	
1	
1	
1	
1	
1	
1	
1	
1	
1	
1	
1	
1	
1	
1	
1	
1	
1	
1	
1	
1	
1	
1	
1	
1	
1	
1	
1	
1	
1	
1	
1	
1	
1	
1	
1	
1	
1	
1	
1	
1	
1	
1	
1	
1	
1	
1	
1	
1	
1	
1	
1	
1	
1	
1	
1	
1	
1	
1	
1	
1	
1	
1	
1	
1	
1	
1	
1	
1	
1	
1	
1	
1	
1	
1	
1	
1	
1	
1	
1	
1	
1	
1	
1	
1	
1	
1	
1	
1	
1	
1	
1	
1	
1	
1	
1	
1	
1	
1	
1	
1	
1	
1	
1	
1	
1	
1	
1	
1	
1	
1	
1	
1	
1	
1	
1	
1	
1	
1	
1	
1	
1	
1	
1	
1	
1	
1	
1	
1	
1	
1	
1	
1	
1	
1	
1	
1	
1	
1	
1	
1	
1	
1	
1	
1	
1	
1	
1	
1	
1	
1	
1	
1	
1	
1	
1	
1	
1	
1	
1	
1	
1	
1	
1	
1	
1	
1	
1	
1	
1	
1	
1	
1	
1	
1	
1	
1	
1	
1	
1	
1	
1	
1	
1	
1	
1	
1	
1	
1	
1	
1	
1	
1	
1	
1	
1	
1	
1	
1	
1	
1	
1	
1	
1	
1	
1	
1	
1	
1	
1	
1	
1	
1	
1	
1	
1	
1	
1	
1	
1	
1	
1	
1	
1	
1	
1	
1	
1	
1	
1	
1	
1	
1	
1	
1	
1	
1	
1	
1	
1	
1	
1	
1	
1	
1	
1	
1	
1	
1	
1	
1	
1	
1	
1	
1	
1	
1	
1	
1	
1	
1	
1	
1	
1	
1	
1	
1	
1	
1	
1	
1	
1	
1	
1	
1	
1	
1	
1	
1	
1	
1	
1	
1	
1	
1	
1	
1	
1	
1	
1	
1	
1	
1	
1	
1	
1	
1	
1	
1	
1	
1	
1	
1	
1	
1	
1	
1	
1	
1	
1	
1	
1	
1	
1	
1	
1	
1	
1	
1	
1	
1	
1	
1	
1	
1	
1	
1	
1	
1	
1	
1	
1	
1	
1	
1	
1	
1	
1	
1	
1	
1	
1	
1	
1	
1	
1	
1	
1	
1	
1	
1	
1	
1	
1	
1	
1	
1	
1	
1	
1	
1	
1	
1	
1	
1	
1	
1	
1	
1	
1	
1	
1	
1	
1	
1	
1	
1	
1	
1	
1	
1	
1	
1	
1	
1	
1	
1	
1	
1	
1	
1	
1	
1	
1	
1	
1	
1	
1	
1	
1	
1	
1	
1	
1	
1	
1	
1	
1	
1	
1	
1	
1	
1	
1	
1	
1	
1	
1	
1	
1	
1	
1	
1	
1	
1	
1	
1	
1	
1	
1	
1	
1	
1	
1	
1	
1	
1	
1	
1	
1	
1	
1	
1	
1	
1	
1	
1	
1	
1	
1	
1	
1	
1	
1	
1	
1	
1	
1	
1	
1	
1	
1	
1	
1	
1	
1	
1	
1	
1	
1	
1	
1	
1	
1	
1	
1	
1	
1	
1	
1	
1	
1	
1	
1	
1	
1	
1	
1	
1	
1	
1	
1	
1	
1	
1	
1	
1	
1	
1	
1	
1	
1	
1	
1	
1	
1	
1	
1	
1	
1	
1	
1	
1	
1	
1	
1	
1	
1	
1	
1	
1	
1	
1	
1	
1	
1	
1	
1	
1	
1	
1	
1	
1	
1	
1	
1	
1	
1	
1	
1	
1	
1	
1	
1	
1	
1	
1	
1	
1	
1	
1	
1	
1	
1	
1	
1	
1	
1	
1	
1	
1	
1	
1	
1	
1	
1	
1	
1	
1	
1	
1	
1	
1	
1	
1	
1	
1	
1	
1	
1	
1	
1	
1	
1	
1	
1	
1	
1	
1	
1	
1	
1	
1	
1	
1	
1	
1	
1	
1	
1	
1	
1	
1	
1	
1	
1	
1	
1	
1	
1	
1	
1	
1	
1	
1	
1	
1	
1	
1	
1	
1	
1	
1	
1	
1	
1	
1	
1	
1	
1	
1	
1	
1	
1	
1	
1	
1	
1	
1	
1	
1	
1	
1	
1	
1	
1	
1	
1	
1	
1	
1	
1	
1	
1	
1	
1	
1	
1	
1	
1	
1	
1	
1	
1	
1	
1	
1	
1	
1	
1	
1	
1	
1	
1	
1	
1	
1	
1	
1	
1	
1	
1	
1	
1	
1	
1	
1	
1	
1	
1	
1	
1	
1	
1	
1	
1	
1	
1	
1	
1	
1	
1	
1	
1	
1	
1	
1	
1	
1	
1	
1	
1	
1	
1	
1	
1	
1	
1	
1	
1	
1	
1	
1	
1	
1	
1	
1	
1	
1	
1	
1	
1	
1	
1	
1	
1	
1	
1	
1	
1	
1	
1	
1	
1	
1	
1	
1	
1	
1	
1	
1	
1	
1	
1	
1	
1	
1	
1	
1	
1	
1	
1	
1	
1	
1	
1	
1	
1	
1	
1	
1	
1	
1	
1	
1	
1	
1	
1	
1	
1	
1	
1	
1	
1	
1	
1	
1	
1	
1	
1	
1	
1	
1	
1	
1	
1	
1	
1	
1	
1	
1	
1	
1	
1	
1	
1	
1	
1	
1	
1	
1	
1	
1	
1	
1	
1	
1	
1	
1	
1	
1	
1	
1	
1	
1	
1	
1	
1	
1	
1	
1	
1	
1	
1	
1	
1	
1	
1	
1	
1	
1	
1	
1	
1	
1	
1	
1	
1	
1	
1	
1	
1	
1	
1	
1	
1	
1	
1	
1	
1	
1	
1	
1	
1	
1	
1	
1	
1	
1	
1	
1	
1	
1	
1	
1	
1	
1	
1	
1	
1	
1	
1	
1	
1	
1	
1	
1	
1	
1	
1	
1	
1	
1	
1	
1	
1	
1	
1	
1	
1	
1	
1	
1	
1	
1	
1	
1	
1	
1	
1	
1	
1	
1	
1	
1	
1	
1	
1	
1	
1	
1	
1	
1	
1	
1	
1	
1	
1	
1	
1	
1	
1	
1	
1	
1	
1	
1	
1	
1	
1	
1	
1	
1	
1	
1	
1	
1	
1	
1	
1	
1	
1	
1	
1	
1	
1	
1	
1	
1	
1	
1	
1	
1	
1	
1	
1	
1	
1	
1	
1	
1	
1	
1	
1	
1	
1	
1	
1	
1	
1	
1	
1	
1	
1	
1	
1	
1	
1	
1	
1	
1	
1	
1	
1	
1	
1	
1	
1	
1	
1	
1	
1	
1	
1	
1	
1	
1	
1	
1	
1	
1	
1	
1	
1	
1	
1	
1	
1	
1	
1	
1	
1	
1	
1	
1	
1	
1	
1	
1	
1	
1	
1	
1	
1	
1	
1	
1	
1	
1	
1	
1	
1	
1	
1	
1	
1	
1	
1	
1	
1	
1	
1	
1	
1	
1	
1	
1	
1	
1	
1	
1	
1	
1	
1	
1	
1	
1	
1	
1	
1	
1	
1	
1	
1	
1	
1	
1	
1	
1	
1	
1	
1	
1	
1	
1	
1	
1	
1	
1	
1	
1	
1	
1	
1	
1	
1	
1	
1	
1	
1	
1	
1	
1	
1	
1	
1	
1	
1	
1	
1	
1	
1	
1	
1	
1	
1	
1	
1	
1	
1	
1	
1	
1	
1	
1	
1	
1	
1	
1	
1	
1	
1	
1	
1	
1	
1	
1	
1	
1	
1	
1	
1	
1	
1	
1	
1	
1	
1	
1	
1	
1	
1	
1	
1	
1	
1	
1	
1	
1	
1	
1	
1	
1	
1	
1	
1	
1	
1	
1	
1	
1	
1	
1	
1	
1	
1	
1	
1	
1	
1	
1	
1	
1	
1	
1	
1	
1	
1	
1	
1	
1	
1	
1	
1	
1	
1	
1	
1	
1	
1	
1	
1	
1	
1	
1	
1	
1	
1	
1	
1	
1	
1	
1	
1	
1	
1	
1	
1	
1	
1	
1	
1	
1	
1	
1	
1	
1	
1	
1	
1	
1	
1	
1	
1	
1	
1	
1	
1	
1	
1	
1	
1	
1	
1	
1	
1	
1	
1	
1	
1	
1	
1	
1	
1	
1	
1	
1	
1	
1	
1	
1	
1	
1	
1	
1	
1	
1	
1	
1	
1	
1	
1	
1	
1	
1	
1	
1	
1	
1	
1	
1	
1	
1	
1	
1	
1	
1	
1	
1	
1	
1	
1	
1	
1	
1	
1	
1	
1	
1	
1	
1	
1	
1	
1	
1	
1	
1	
1	
1	
1	
1	
1	
1	
1	
1	
1	
1	
1	
1	
1	
1	
1	
1	
1	
1	
1	
1	
1	
1	
1	
1	
1	
1	
1	
1	
1	
1	
1	
1	
1	
1	
1	
1	
1	
1	
1	
1	
1	
1	
1	
1	
1	
1	
1	
1	
1	
1	
1	
1	
1	
1	
1	
1	
1	
1	
1	
1	
1	
1	
1	
1	
1	
1	
1	
1	
1	
1	
1	
1	
1	
1	
1	
1	
1	
1	
1	
1	
1	
1	
1	
1	
1	
1	
1	
1	
1	
1	
1	
1	
1	
1	
1	
1	
1	
1	
1	
1	
1	
1	
1	
1	
1	
1	
1	
1	
1	
1	
1	
1	
1	
1	
1	
1	
1	
1	
1	
1	
1	
1	
1	
1	
1	
1	
1	
1	
1	
1	
1	
1	
1	
1	
1	
1	
1	
1	
1	
1	
1	
1	
1	
1	
1	
1	
1	
1	
1	
1	
1	
1	
1	
1	
1	
1	
1	
1	
1	
1	
1	
1	
1	
1	
1	
1	
1	
1	
1	
1	
1	
1	
1	
1	
1	
1	
1	
1	
1	
1	
1	
1	
1	
1	
1	
1	
1	
1	
1	
1	
1	
