498	345	310	146	104	86	85	80	62	61	57	51	48	45	41	34	31	29	28	24	20	20	20	19	19	16	16	16	14	13	13	13	12	12	11	11	10	10	8	8	8	8	8	8	8	7	7	7	7	7	6	6	6	6	6	6	5	5	5	5	5	5	5	5	5	5	5	4	4	4	4	4	4	4	4	4	3	3	3	3	3	3	3	3	3	3	3	3	3	3	3	3	3	3	3	3	3	3	3	3	3	2	2	2	2	2	2	2	2	2	2	2	2	2	2	2	2	2	2	2	2	2	2	2	2	2	2	2	2	2	2	2	2	2	2	2	2	2	2	2	2	2	2	2	2	1	1	1	1	1	1	1	1	1	1	1	1	1	1	1	1	1	1	1	1	1	1	1	1	1	1	1	1	1	1	1	1	1	1	1	1	1	1	1	1	1	1	1	1	1	1	1	1	1	1	1	1	1	1	1	1	1	1	1	1	1	1	1	1	1	1	1	1	1	1	1	1	1	1	1	1	1	1	1	1	1	1	1	1	1	1	1	1	1	1	1	1	1	1	1	1	1	1	1	1	1	1	1	1	1	1	1	1	1	1	1	1	1	1	1	1	1	1	1	1	1	1	1	1	1	1	1	1	1	1	1	1	1	1	1	1	1	1	1	1	1	1	1	1	1	1	1	1	1	1	1	1	1	1	1	1	1	1	1	1	1	1	1	1	1	1	1	1	1	1	1	1	
278	169	154	143	74	56	55	42	36	31	30	30	28	27	22	22	20	15	14	14	13	12	12	10	9	9	9	9	8	8	8	8	8	7	7	6	6	6	6	6	5	5	5	5	5	4	4	4	4	4	3	3	3	3	3	3	2	2	2	2	2	2	2	2	2	2	2	2	2	2	2	2	2	2	2	2	2	2	2	2	1	1	1	1	1	1	1	1	1	1	1	1	1	1	1	1	1	1	1	1	1	1	1	1	1	1	1	1	1	1	1	1	1	1	1	1	1	1	1	1	1	1	1	1	1	1	1	1	1	1	1	1	1	1	1	1	1	1	1	1	1	1	1	1	1	1	1	1	1	1	1	1	1	1	1	1	1	1	1	1	1	
148	92	50	44	39	30	28	19	13	13	13	12	10	9	8	8	8	8	7	7	7	7	7	6	6	6	6	5	5	5	5	4	4	4	4	3	3	3	3	3	3	3	3	3	2	2	2	2	2	2	2	2	2	2	2	2	2	2	2	2	2	2	2	2	2	2	1	1	1	1	1	1	1	1	1	1	1	1	1	1	1	1	1	1	1	1	1	1	1	1	1	1	1	1	1	1	1	1	1	1	1	1	1	1	1	1	1	1	1	1	1	1	1	1	1	1	1	1	1	1	1	1	1	1	1	1	1	1	1	1	1	1	1	1	1	1	1	1	1	1	1	1	1	1	1	1	1	1	1	1	1	1	1	1	1	1	1	1	1	1	1	1	1	1	
57	16	9	9	7	6	6	6	5	5	3	3	3	3	3	3	3	3	3	3	2	2	2	2	2	2	2	2	2	2	2	2	2	2	2	2	2	2	2	2	1	1	1	1	1	1	1	1	1	1	1	1	1	1	1	1	1	1	1	1	1	1	1	1	1	1	1	1	1	1	1	1	1	1	1	1	1	1	1	1	1	1	1	1	1	1	1	1	1	1	1	1	1	1	1	1	1	1	1	1	1	1	1	1	1	1	1	1	1	1	1	1	1	1	1	1	1	1	1	1	1	1	1	1	1	1	1	1	1	1	1	1	1	1	1	1	1	1	1	1	1	1	1	1	1	1	1	1	1	1	1	1	1	1	1	1	1	1	1	1	1	1	1	1	1	1	1	1	1	1	1	1	1	1	1	1	1	1	1	1	1	1	1	1	1	1	1	1	1	1	1	1	1	1	1	1	1	1	1	1	1	1	1	
51	50	29	24	17	12	12	9	8	8	7	7	6	5	5	4	4	4	4	4	3	3	3	3	2	2	2	2	2	1	1	1	1	1	1	1	1	1	1	1	1	1	1	1	1	1	1	1	1	1	1	1	1	1	1	
88	57	35	18	10	8	6	6	6	4	3	3	3	2	2	2	2	2	2	1	1	1	1	1	1	1	1	1	1	1	1	1	1	1	1	1	1	1	1	1	1	1	1	1	1	1	1	1	1	1	1	1	1	1	1	1	1	
45	38	28	20	17	10	7	5	5	4	3	3	2	2	2	2	2	2	2	2	2	2	2	2	2	1	1	1	1	1	1	1	1	1	1	1	1	1	1	1	1	1	1	1	1	1	1	1	1	1	1	1	1	1	1	1	1	1	1	1	1	1	1	1	1	1	1	1	1	1	1	1	1	1	1	1	1	1	1	1	1	1	1	1	1	1	1	1	1	1	1	1	1	1	1	1	1	1	1	1	
95	29	21	7	7	5	3	3	3	2	2	2	2	2	2	2	2	2	2	2	2	2	2	2	2	2	1	1	1	1	1	1	1	1	1	1	1	1	1	1	1	1	1	1	1	1	1	1	1	1	1	1	1	1	1	1	1	1	1	1	1	1	1	1	1	1	1	1	1	1	1	1	1	1	1	1	1	1	1	1	1	1	
53	42	10	8	5	4	3	3	2	2	2	1	1	1	1	1	1	1	1	1	1	1	1	1	1	1	1	1	1	1	1	1	1	1	1	1	1	1	1	
20	17	12	12	8	7	5	5	4	4	3	3	3	3	3	2	2	2	2	2	2	2	1	1	1	1	1	1	1	1	1	1	1	1	1	1	1	1	1	1	1	1	1	1	1	1	1	1	1	1	1	1	1	1	1	1	1	1	1	1	
18	16	13	11	9	8	7	7	4	3	2	2	2	2	2	1	1	1	1	1	1	1	1	1	1	1	1	1	1	1	1	1	1	1	1	1	
49	35	12	5	2	2	1	1	1	1	1	1	1	1	1	
35	7	6	5	4	3	3	3	2	2	2	2	1	1	1	1	1	1	1	1	1	1	1	1	1	1	1	1	1	1	1	1	1	1	1	
26	15	13	10	8	5	5	4	2	2	1	1	1	1	1	1	
29	6	5	4	4	4	2	2	2	2	2	1	1	1	1	1	1	1	1	1	1	1	1	1	1	1	1	1	1	1	1	1	1	1	1	1	1	1	1	1	1	1	1	1	
40	5	4	3	3	2	2	2	2	2	2	1	1	1	1	1	1	1	1	1	1	1	1	1	1	1	1	1	1	1	1	1	
15	9	7	7	6	5	4	4	3	3	2	2	2	2	2	2	1	1	1	1	1	1	1	1	1	1	1	
21	11	5	4	3	3	3	2	2	2	2	2	2	2	1	1	1	1	1	1	1	1	1	1	1	1	1	1	1	1	1	1	1	1	1	
31	9	5	3	3	3	2	2	2	1	1	1	1	1	1	1	1	1	1	1	1	1	1	1	1	1	1	1	1	1	1	1	1	1	
26	8	6	5	3	3	2	2	2	2	2	2	1	1	1	1	1	1	1	1	1	1	1	1	1	1	1	1	1	1	1	1	1	
26	15	5	5	3	2	2	2	2	2	1	1	1	1	1	1	1	1	1	1	1	1	1	1	1	1	1	1	1	
31	7	6	3	2	2	2	2	2	1	1	1	1	1	1	1	1	1	1	1	1	1	1	1	1	1	1	1	1	1	1	1	1	1	
29	7	6	5	4	3	2	2	2	2	1	1	1	1	1	1	1	1	1	1	1	1	1	1	1	1	1	1	1	
25	8	6	4	4	3	3	2	2	2	1	1	1	1	1	1	1	1	1	1	1	1	1	1	1	1	1	1	1	1	
21	11	9	8	4	3	3	3	3	2	2	2	2	1	1	1	1	1	
30	8	3	2	2	2	2	1	1	1	1	1	1	1	1	1	1	1	1	1	1	1	1	1	1	1	1	1	1	1	1	1	1	1	1	
9	8	7	6	6	5	3	3	3	3	2	1	1	1	1	1	1	1	1	1	1	1	1	1	1	1	1	1	1	1	1	1	
17	2	1	1	1	1	1	1	1	1	1	1	1	1	1	1	1	1	1	1	1	1	1	1	1	1	1	1	1	1	1	1	1	1	1	1	1	1	1	1	1	1	1	1	1	1	1	1	1	1	1	1	1	1	1	1	
23	8	3	3	3	3	2	2	2	2	1	1	1	1	1	1	1	1	1	1	1	1	1	1	1	1	1	1	1	1	1	1	
21	10	5	4	4	3	3	3	2	2	2	2	2	1	1	1	1	1	1	1	1	1	
28	7	7	4	3	2	2	2	2	2	1	1	1	1	1	1	1	1	1	1	1	1	1	
19	6	5	3	2	2	2	2	2	1	1	1	1	1	1	1	1	1	1	1	1	1	1	1	1	1	1	1	1	1	1	1	1	1	1	1	1	1	
22	12	5	3	3	2	2	2	2	2	1	1	1	1	1	1	1	1	1	1	1	1	1	1	1	1	
66	1	1	1	
38	4	4	3	3	2	1	1	1	1	1	1	1	1	1	1	1	1	1	1	1	
15	7	7	5	2	2	2	2	2	2	2	2	2	1	1	1	1	1	1	1	1	1	1	1	1	1	1	1	1	
25	6	4	3	3	2	2	2	1	1	1	1	1	1	1	1	1	1	1	1	1	1	1	1	1	1	
65	
33	6	5	4	2	2	1	1	1	1	1	1	1	1	1	1	1	
25	3	3	2	2	2	1	1	1	1	1	1	1	1	1	1	1	1	1	1	1	1	1	1	1	1	1	1	1	1	1	1	
16	8	7	4	3	2	2	2	2	2	1	1	1	1	1	1	1	1	1	1	1	1	1	1	
18	10	5	3	2	2	2	1	1	1	1	1	1	1	1	1	1	1	1	1	1	1	1	1	1	
20	5	4	4	3	2	1	1	1	1	1	1	1	1	1	1	1	1	1	1	1	1	1	1	1	
21	5	4	3	2	2	2	1	1	1	1	1	1	1	1	1	1	1	1	1	1	1	1	
5	5	5	5	4	4	3	3	2	2	1	1	1	1	1	1	1	1	1	1	1	1	1	1	
17	10	5	2	2	2	2	2	1	1	1	1	1	1	1	1	1	1	
10	5	5	4	3	3	3	2	2	1	1	1	1	1	1	1	1	1	1	1	1	1	1	1	
15	6	5	2	2	2	2	2	1	1	1	1	1	1	1	1	1	1	1	1	1	1	
7	6	5	4	3	2	2	2	2	2	1	1	1	1	1	1	1	1	1	1	1	1	1	1	1	
5	5	3	3	3	2	2	1	1	1	1	1	1	1	1	1	1	1	1	1	1	1	1	1	1	1	1	1	1	1	1	1	1	
24	4	3	2	2	1	1	1	1	1	1	1	1	1	1	1	1	1	
19	5	3	3	3	2	2	1	1	1	1	1	1	1	1	1	1	1	
22	4	3	3	2	2	1	1	1	1	1	1	1	1	1	1	1	
15	6	5	3	2	2	1	1	1	1	1	1	1	1	1	1	1	1	
17	4	3	3	2	2	1	1	1	1	1	1	1	1	1	1	1	1	1	
19	4	3	2	2	1	1	1	1	1	1	1	1	1	1	1	1	1	1	
2	2	2	2	2	2	1	1	1	1	1	1	1	1	1	1	1	1	1	1	1	1	1	1	1	1	1	1	1	1	1	1	1	1	1	
7	3	2	2	2	2	2	2	1	1	1	1	1	1	1	1	1	1	1	1	1	1	1	1	1	1	
15	3	2	2	2	1	1	1	1	1	1	1	1	1	1	1	1	1	1	1	1	
14	5	3	2	2	2	1	1	1	1	1	1	1	1	1	1	1	1	
5	4	3	2	2	1	1	1	1	1	1	1	1	1	1	1	1	1	1	1	1	1	1	1	1	1	1	
6	4	3	2	2	2	1	1	1	1	1	1	1	1	1	1	1	1	1	1	1	1	1	1	1	
4	3	2	2	2	1	1	1	1	1	1	1	1	1	1	1	1	1	1	1	1	1	1	1	1	1	1	1	1	1	
12	9	1	1	1	1	1	1	1	1	1	1	1	1	1	1	1	
3	2	2	1	1	1	1	1	1	1	1	1	1	1	1	1	1	1	1	1	1	1	1	1	1	1	1	1	1	1	1	1	
9	6	5	4	4	3	1	1	1	1	1	
25	2	1	1	1	1	1	1	1	
9	3	3	3	2	2	1	1	1	1	1	1	1	1	1	1	
10	5	2	1	1	1	1	1	1	1	1	1	1	1	1	1	1	
6	5	3	2	2	1	1	1	1	1	1	1	1	1	1	1	1	
10	2	2	2	2	1	1	1	1	1	1	1	1	1	1	1	
7	5	3	3	3	1	1	1	1	1	1	1	
12	2	2	1	1	1	1	1	1	1	1	1	1	1	
6	6	2	2	2	1	1	1	1	1	1	1	1	
2	2	2	2	1	1	1	1	1	1	1	1	1	1	1	1	1	1	1	1	1	
10	4	2	2	1	1	1	1	1	1	
9	3	2	2	1	1	1	1	1	1	1	1	
7	3	3	1	1	1	1	1	1	1	1	1	1	1	
3	3	3	2	2	1	1	1	1	1	1	1	1	1	1	
10	2	1	1	1	1	1	1	1	1	
7	5	2	1	1	1	1	1	1	
8	6	3	2	1	
9	3	2	1	1	1	1	1	
8	2	2	1	1	1	1	1	1	1	
2	2	1	1	1	1	1	1	1	1	1	1	1	1	1	1	1	
2	2	2	1	1	1	1	1	1	1	1	1	1	1	1	1	
3	2	2	2	2	1	1	1	1	1	1	1	1	
5	4	2	1	1	1	1	1	1	1	
15	3	
5	2	2	1	1	1	1	1	1	1	1	
3	2	1	1	1	1	1	1	1	1	1	1	1	
3	2	1	1	1	1	1	1	1	1	1	1	
5	2	1	1	1	1	1	1	1	1	
6	2	2	1	1	1	1	1	
4	4	1	1	1	1	1	1	
2	2	2	2	2	1	1	1	1	
2	2	1	1	1	1	1	1	1	1	1	1	
4	2	2	1	1	1	1	1	1	
3	3	2	1	1	1	1	1	1	
3	2	1	1	1	1	1	1	1	1	1	
7	2	1	1	1	1	1	
7	2	1	1	1	1	
4	2	1	1	1	1	1	1	1	
6	2	2	1	1	1	
3	3	1	1	1	1	1	1	1	
3	2	2	1	1	1	1	1	1	
5	3	2	2	1	
2	2	2	1	1	1	1	1	1	
3	3	1	1	1	1	1	1	
7	1	1	1	1	
1	1	1	1	1	1	1	1	1	1	1	
5	2	1	1	1	1	
3	2	1	1	1	1	1	
1	1	1	1	1	1	1	1	1	1	
4	1	1	1	1	1	1	
1	1	1	1	1	1	1	1	1	1	
3	2	1	1	1	1	
3	3	1	1	1	
4	1	1	1	1	1	
4	1	1	1	1	1	
9	
8	1	
2	2	1	1	1	1	
5	2	1	
2	2	1	1	1	1	
1	1	1	1	1	1	1	1	
1	1	1	1	1	1	1	1	
4	1	1	1	1	
2	2	1	1	1	1	
2	1	1	1	1	1	1	
3	2	2	1	
3	2	1	1	1	
2	2	1	1	1	
2	1	1	1	1	1	
3	2	1	1	
3	1	1	1	1	
2	1	1	1	1	1	
2	2	1	1	1	
7	
5	1	1	
1	1	1	1	1	1	1	
4	1	1	1	
2	2	1	1	1	
6	1	
5	1	
2	1	1	1	1	
3	1	1	1	
1	1	1	1	1	1	
2	1	1	1	1	
2	1	1	1	1	
1	1	1	1	1	1	
2	2	1	1	
4	1	1	
2	1	1	1	1	
1	1	1	1	1	1	
3	2	1	
2	1	1	1	1	
2	2	2	
1	1	1	1	1	1	
1	1	1	1	1	
2	1	1	1	
1	1	1	1	1	
5	
1	1	1	1	1	
5	
2	1	1	1	
3	1	1	
1	1	1	1	1	
2	1	1	1	
3	1	1	
2	2	1	
1	1	1	1	1	
1	1	1	1	
2	1	1	
1	1	1	1	
1	1	1	1	
2	1	1	
3	1	
2	1	1	
2	1	1	
1	1	1	1	
1	1	1	1	
2	1	1	
3	1	
1	1	1	1	
1	1	1	1	
3	1	
3	1	
4	
2	1	1	
2	1	1	
1	1	1	1	
1	1	1	1	
1	1	1	1	
2	1	1	
2	1	1	
2	1	
1	1	1	
2	1	
2	1	
1	1	1	
1	1	1	
1	1	1	
1	1	1	
1	1	1	
1	1	1	
2	1	
1	1	1	
1	1	1	
2	1	
2	1	
2	1	
1	1	1	
1	1	1	
1	1	1	
1	1	1	
2	1	
1	1	1	
1	1	1	
1	1	1	
2	1	
1	1	1	
3	
2	1	
2	1	
3	
1	1	1	
2	1	
2	1	
1	1	
2	
2	
1	1	
1	1	
1	1	
1	1	
2	
1	1	
1	1	
1	1	
1	1	
1	1	
1	1	
1	1	
1	1	
1	1	
2	
1	1	
1	1	
1	1	
1	1	
1	1	
2	
2	
2	
2	
1	1	
2	
1	1	
2	
2	
1	1	
1	1	
1	1	
1	1	
1	1	
1	1	
1	1	
1	1	
2	
2	
1	1	
2	
1	1	
1	1	
1	1	
1	1	
1	1	
1	1	
1	1	
1	1	
1	1	
1	1	
1	1	
2	
1	1	
2	
1	1	
1	1	
2	
1	1	
1	1	
2	
1	1	
2	
1	1	
1	1	
2	
1	1	
1	1	
1	1	
2	
1	1	
1	1	
1	1	
1	1	
1	
1	
1	
1	
1	
1	
1	
1	
1	
1	
1	
1	
1	
1	
1	
1	
1	
1	
1	
1	
1	
1	
1	
1	
1	
1	
1	
1	
1	
1	
1	
1	
1	
1	
1	
1	
1	
1	
1	
1	
1	
1	
1	
1	
1	
1	
1	
1	
1	
1	
1	
1	
1	
1	
1	
1	
1	
1	
1	
1	
1	
1	
1	
1	
1	
1	
1	
1	
1	
1	
1	
1	
1	
1	
1	
1	
1	
1	
1	
1	
1	
1	
1	
1	
1	
1	
1	
1	
1	
1	
1	
1	
1	
1	
1	
1	
1	
1	
1	
1	
1	
1	
1	
1	
1	
1	
1	
1	
1	
1	
1	
1	
1	
1	
1	
1	
1	
1	
1	
1	
1	
1	
1	
1	
1	
1	
1	
1	
1	
1	
1	
1	
1	
1	
1	
1	
1	
1	
1	
1	
1	
1	
1	
1	
1	
1	
1	
1	
1	
1	
1	
1	
1	
1	
1	
1	
1	
1	
1	
1	
1	
1	
1	
1	
1	
1	
1	
1	
1	
1	
1	
1	
1	
1	
1	
1	
1	
1	
1	
1	
1	
1	
1	
1	
1	
1	
1	
1	
1	
1	
1	
1	
1	
1	
1	
1	
1	
1	
1	
1	
1	
1	
1	
1	
1	
1	
1	
1	
1	
1	
1	
1	
1	
1	
1	
1	
1	
1	
1	
1	
1	
1	
1	
1	
1	
1	
1	
1	
