567	110	63	59	56	36	33	32	31	30	28	27	26	26	25	24	24	24	22	21	21	17	16	14	13	11	11	11	10	10	10	9	8	8	7	6	6	6	6	6	6	6	5	5	5	5	5	5	5	5	5	5	5	5	5	5	5	5	5	5	5	5	5	4	4	4	4	4	4	4	4	4	4	4	4	4	3	3	3	3	3	3	3	3	3	3	3	3	3	3	3	3	3	3	3	3	3	3	3	3	3	3	2	2	2	2	2	2	2	2	2	2	2	2	2	2	2	2	2	2	2	2	2	2	2	2	2	2	2	2	2	2	2	2	2	2	2	2	2	2	2	2	2	2	2	2	2	2	2	2	2	2	2	2	2	2	2	2	1	1	1	1	1	1	1	1	1	1	1	1	1	1	1	1	1	1	1	1	1	1	1	1	1	1	1	1	1	1	1	1	1	1	1	1	1	1	1	1	1	1	1	1	1	1	1	1	1	1	1	1	1	1	1	1	1	1	1	1	1	1	1	1	1	1	1	1	1	1	1	1	1	1	1	1	1	1	1	1	1	1	1	1	1	1	1	1	1	1	1	1	1	1	1	1	1	1	1	1	1	1	1	1	1	1	1	1	1	1	1	1	1	1	1	1	1	1	1	1	1	1	1	1	1	1	
283	152	89	56	41	26	22	19	18	16	14	13	12	12	11	10	9	8	7	6	5	4	4	4	4	4	4	4	3	3	3	3	3	2	2	2	2	2	2	2	2	2	2	2	2	2	2	1	1	1	1	1	1	1	1	1	1	1	1	1	1	1	1	1	1	1	1	1	1	1	1	1	1	1	1	1	1	1	1	1	1	1	1	1	1	1	1	1	1	1	1	1	1	1	1	1	1	1	1	1	1	
103	80	29	29	25	25	19	19	19	17	16	11	11	11	10	9	9	9	9	8	8	8	8	8	8	7	7	7	7	7	7	7	6	6	6	6	6	6	6	6	6	6	6	6	6	5	5	5	5	4	4	4	4	4	4	4	4	4	4	4	4	3	3	3	3	3	3	3	3	3	3	3	3	3	3	2	2	2	2	2	2	2	2	2	2	2	2	2	2	2	2	2	2	2	2	2	2	2	2	2	2	2	2	2	2	2	2	2	2	1	1	1	1	1	1	1	1	1	1	1	1	1	1	1	1	1	1	1	1	1	1	1	1	1	1	1	1	1	1	1	1	1	1	1	1	1	1	1	1	1	1	1	1	1	1	1	1	1	1	1	1	1	1	1	1	1	1	1	1	1	1	1	1	1	1	1	1	1	1	1	1	1	1	1	1	1	1	1	1	1	1	1	1	1	1	1	1	1	1	1	1	1	1	1	1	1	1	
31	31	28	27	27	26	26	24	24	24	24	23	22	22	21	21	20	18	18	18	17	16	15	15	15	15	13	13	12	11	11	10	10	9	8	7	6	6	5	5	5	5	4	4	4	4	4	3	3	3	2	2	2	2	2	2	2	2	2	2	2	1	1	1	1	1	1	1	1	1	1	1	1	1	1	1	1	1	1	1	1	1	1	1	1	1	1	1	1	1	
374	293	24	3	3	2	2	2	2	1	1	1	1	1	1	1	1	1	1	
93	48	18	18	15	12	11	11	10	10	10	10	10	10	9	8	8	7	7	7	7	7	6	6	6	6	6	5	5	5	5	5	5	5	5	5	4	4	4	4	4	4	4	4	4	3	3	3	3	3	3	3	3	3	3	3	3	3	3	3	3	3	3	2	2	2	2	2	2	2	2	2	2	2	2	2	2	2	2	2	2	2	2	2	2	2	2	2	2	2	2	2	2	2	2	2	2	2	2	2	2	2	1	1	1	1	1	1	1	1	1	1	1	1	1	1	1	1	1	1	1	1	1	1	1	1	1	1	1	1	1	1	1	1	1	1	1	1	1	1	1	1	1	1	1	1	1	1	1	1	1	1	1	1	1	1	1	1	1	1	1	1	1	1	1	1	1	1	1	1	1	1	1	1	1	1	1	1	1	1	1	1	1	1	1	1	1	1	1	1	1	1	1	1	1	1	1	1	1	1	1	1	1	1	1	1	1	1	1	1	1	1	1	1	1	1	1	1	1	1	1	1	1	1	1	1	1	1	
34	31	23	16	14	11	10	10	9	8	8	8	8	8	7	7	7	7	6	6	6	5	5	5	5	5	5	5	5	4	4	4	4	4	4	4	3	3	3	3	3	3	3	3	3	3	3	2	2	2	2	2	2	2	2	2	2	2	2	2	2	2	2	2	2	2	2	2	2	2	2	2	2	2	2	2	2	2	2	2	2	2	2	2	1	1	1	1	1	1	1	1	1	1	1	1	1	1	1	1	1	1	1	1	1	1	1	1	1	1	1	1	1	1	1	1	1	1	1	1	1	1	1	1	1	1	1	1	1	1	1	1	1	1	1	1	1	1	1	1	1	1	1	1	1	1	1	1	1	1	1	1	1	1	1	1	1	1	1	1	1	1	1	1	1	1	1	1	1	1	1	1	1	1	1	1	1	1	1	1	1	1	1	1	1	1	1	1	1	1	1	1	1	1	1	
30	22	21	15	12	11	9	9	9	9	8	8	8	8	6	6	6	6	5	5	5	5	5	5	5	5	4	4	4	4	4	4	4	4	3	3	3	3	3	3	3	3	3	3	3	2	2	2	2	2	2	2	2	2	2	2	2	2	2	2	2	2	2	2	2	2	2	2	2	2	2	2	1	1	1	1	1	1	1	1	1	1	1	1	1	1	1	1	1	1	1	1	1	1	1	1	1	1	1	1	1	1	1	1	1	1	1	1	1	1	1	1	1	1	1	1	1	1	1	1	1	1	1	1	1	1	1	1	1	1	1	1	1	1	1	1	1	1	1	1	1	1	1	1	1	1	1	1	1	1	1	1	1	1	1	1	1	1	1	1	1	1	1	1	1	1	1	1	1	1	1	1	1	1	1	1	1	1	1	1	1	
176	27	18	16	11	10	8	7	7	7	7	7	7	6	5	4	4	4	4	4	4	3	3	3	3	3	2	2	2	2	2	2	2	2	2	2	2	1	1	1	1	1	1	1	1	1	1	1	1	1	1	1	1	1	1	1	1	1	1	1	1	1	1	1	1	1	1	1	1	1	1	1	1	1	1	1	1	1	1	1	1	
37	18	18	14	9	9	8	7	6	6	6	6	6	6	5	5	5	5	4	4	4	4	4	4	3	3	3	3	3	3	3	3	3	3	3	3	3	3	2	2	2	2	2	2	2	2	2	2	2	2	2	2	2	2	2	2	2	2	2	2	2	2	2	2	2	2	2	2	2	2	2	2	1	1	1	1	1	1	1	1	1	1	1	1	1	1	1	1	1	1	1	1	1	1	1	1	1	1	1	1	1	1	1	1	1	1	1	1	1	1	1	1	1	1	1	1	1	1	1	1	1	1	1	1	1	1	1	1	1	1	1	1	1	1	1	1	1	1	1	1	1	1	1	1	1	1	1	1	1	1	1	1	1	1	1	1	1	1	1	1	1	1	1	1	1	1	1	1	1	1	1	
156	17	17	15	13	11	9	6	5	5	5	4	4	4	4	4	4	4	3	3	3	3	3	2	2	2	2	2	2	2	2	2	2	2	2	2	2	2	2	2	1	1	1	1	1	1	1	1	1	1	1	1	1	1	1	1	1	1	1	1	1	1	1	1	1	1	1	1	1	1	1	1	1	1	1	1	1	1	1	1	1	1	1	1	1	1	1	1	1	1	1	1	1	1	1	1	1	1	1	
63	29	21	17	17	9	7	6	6	5	5	5	4	4	4	4	4	3	3	3	3	3	3	3	3	3	3	2	2	2	2	2	2	2	2	2	2	2	2	2	2	2	2	2	2	2	2	2	2	2	2	2	2	2	2	2	2	2	2	2	1	1	1	1	1	1	1	1	1	1	1	1	1	1	1	1	1	1	1	1	1	1	1	1	1	1	1	1	1	1	1	1	1	1	1	1	1	1	1	1	1	1	1	1	1	1	1	1	1	1	1	1	1	1	1	1	1	1	1	1	1	1	1	1	1	1	1	1	1	1	1	1	1	1	1	1	1	1	1	1	1	1	1	1	1	1	1	
87	33	26	14	13	13	9	9	9	7	7	6	6	6	5	5	4	4	4	3	3	3	3	3	3	3	2	2	2	2	2	2	2	2	1	1	1	1	1	1	1	1	1	1	1	1	1	1	1	1	1	1	1	1	1	1	1	1	1	1	1	1	1	1	1	1	1	1	1	1	1	1	1	1	1	1	1	1	1	
107	42	32	19	9	5	5	4	4	4	3	3	3	3	3	3	2	2	2	2	2	2	2	2	2	2	2	1	1	1	1	1	1	1	1	1	1	1	1	1	1	1	1	1	1	1	1	1	1	1	1	1	1	1	1	1	1	1	1	1	1	1	1	1	1	1	1	1	1	
170	22	11	6	6	6	5	4	4	3	3	3	3	2	2	2	2	2	2	2	2	2	2	2	2	1	1	1	1	1	1	1	1	1	1	1	1	1	1	1	1	1	1	1	1	1	1	1	1	1	1	1	1	1	1	1	
64	46	22	18	17	14	11	9	7	4	3	3	3	3	2	2	2	2	2	2	2	1	1	1	1	1	1	1	1	1	1	1	1	1	1	1	1	1	1	1	1	1	1	1	1	1	1	1	1	1	1	1	1	1	1	1	1	1	
74	14	9	8	7	7	7	6	5	5	5	4	4	4	4	4	4	3	3	3	3	3	3	2	2	2	2	2	2	2	2	2	2	2	2	2	1	1	1	1	1	1	1	1	1	1	1	1	1	1	1	1	1	1	1	1	1	1	1	1	1	1	1	1	1	1	1	1	1	1	1	1	1	1	1	1	1	1	1	1	1	1	1	
119	41	27	7	7	5	4	3	3	3	3	3	2	2	2	2	2	2	2	1	1	1	1	1	1	1	1	1	1	1	1	1	1	1	1	1	1	1	1	1	
16	12	11	9	8	8	7	6	5	5	5	4	3	3	3	3	3	3	2	2	2	2	2	2	2	2	2	2	2	2	2	2	2	2	2	2	2	2	2	2	2	2	2	2	1	1	1	1	1	1	1	1	1	1	1	1	1	1	1	1	1	1	1	1	1	1	1	1	1	1	1	1	1	1	1	1	1	1	1	1	1	1	1	1	1	1	1	1	1	1	1	1	1	1	1	1	1	1	1	1	1	1	1	1	1	1	1	1	1	1	1	1	1	1	1	1	1	1	1	1	1	1	1	1	1	1	1	1	1	1	1	1	1	1	1	1	1	1	
34	14	12	8	8	7	6	5	5	5	4	4	4	4	4	4	4	3	3	3	3	3	3	3	2	2	2	2	2	2	2	2	2	2	2	2	2	1	1	1	1	1	1	1	1	1	1	1	1	1	1	1	1	1	1	1	1	1	1	1	1	1	1	1	1	1	1	1	1	1	1	1	1	1	1	1	1	1	1	1	1	1	1	1	1	1	1	1	1	1	1	1	1	1	1	1	1	1	1	1	1	1	1	1	1	1	1	1	1	1	1	1	1	1	1	1	
57	33	21	19	16	13	7	7	6	6	5	4	4	4	4	3	3	2	2	2	2	2	2	1	1	1	1	1	1	1	1	1	1	1	1	1	1	1	1	1	1	1	1	
35	12	9	8	7	7	6	5	5	5	4	4	3	3	3	3	3	3	3	2	2	2	2	2	2	2	2	2	2	2	2	2	2	2	2	2	2	2	2	2	2	2	1	1	1	1	1	1	1	1	1	1	1	1	1	1	1	1	1	1	1	1	1	1	1	1	1	1	1	1	1	1	1	1	1	1	1	1	1	1	1	1	1	1	1	1	1	1	1	1	1	1	1	1	1	1	1	1	1	1	1	1	1	1	1	1	1	1	1	
18	12	9	9	9	9	8	8	7	6	5	4	4	4	3	3	3	3	3	3	3	2	2	2	2	2	2	2	2	2	2	2	2	2	2	2	2	1	1	1	1	1	1	1	1	1	1	1	1	1	1	1	1	1	1	1	1	1	1	1	1	1	1	1	1	1	1	1	1	1	1	1	1	1	1	1	1	1	1	1	1	1	1	1	1	1	1	1	1	1	1	1	1	1	1	1	1	1	1	1	1	1	1	1	1	1	1	1	1	1	1	1	1	
52	14	11	9	9	8	7	6	6	4	3	3	3	3	3	3	2	2	2	2	2	2	2	2	2	1	1	1	1	1	1	1	1	1	1	1	1	1	1	1	1	1	1	1	1	1	1	1	1	1	1	1	1	1	1	1	1	1	1	1	1	1	1	1	1	1	1	1	1	1	1	1	1	1	1	1	1	1	1	1	1	1	1	1	1	1	1	1	1	1	1	1	1	1	1	1	1	1	
107	8	7	6	5	5	4	4	4	4	3	2	2	2	2	2	2	2	2	1	1	1	1	1	1	1	1	1	1	1	1	1	1	1	1	1	1	1	1	1	1	1	1	1	1	1	1	1	1	1	1	1	1	1	1	1	1	1	
15	11	10	10	9	7	7	6	5	5	5	5	4	3	3	3	3	3	3	3	3	3	3	2	2	2	2	2	2	2	2	2	2	2	2	1	1	1	1	1	1	1	1	1	1	1	1	1	1	1	1	1	1	1	1	1	1	1	1	1	1	1	1	1	1	1	1	1	1	1	1	1	1	1	1	1	1	1	1	1	1	1	1	1	1	1	1	1	1	1	1	1	1	1	
125	53	10	9	4	2	2	1	1	1	1	1	1	
85	19	14	8	6	5	4	3	3	3	3	3	3	3	2	2	2	2	2	2	2	2	1	1	1	1	1	1	1	1	1	1	1	1	1	1	1	1	1	1	1	1	1	1	1	1	1	1	1	1	1	1	1	
15	15	12	9	9	8	7	7	4	4	3	3	3	3	3	3	3	2	2	2	2	2	2	2	2	2	2	2	2	2	2	2	2	1	1	1	1	1	1	1	1	1	1	1	1	1	1	1	1	1	1	1	1	1	1	1	1	1	1	1	1	1	1	1	1	1	1	1	1	1	1	1	1	1	1	1	1	1	1	1	1	1	1	1	1	1	1	1	1	1	1	1	
84	18	10	9	9	6	5	5	3	3	3	3	3	2	2	2	2	2	2	2	2	2	1	1	1	1	1	1	1	1	1	1	1	1	1	1	1	1	1	1	1	1	1	1	1	
68	11	9	9	9	5	4	4	4	4	4	4	4	4	3	3	3	3	2	2	2	2	2	2	2	2	2	1	1	1	1	1	1	1	1	1	1	1	1	1	1	1	1	1	1	1	1	1	1	1	1	1	1	1	
34	20	17	16	15	13	9	8	7	5	5	5	4	4	3	3	2	2	2	1	1	1	1	1	1	1	1	1	1	1	1	1	1	1	
83	15	14	5	4	4	3	3	2	2	2	2	2	2	2	2	1	1	1	1	1	1	1	1	1	1	1	1	1	1	1	1	1	1	1	1	1	1	1	1	1	1	1	1	1	1	1	1	1	1	1	1	1	1	1	1	1	1	
20	15	11	9	9	8	6	6	5	4	4	3	3	2	2	2	2	1	1	1	1	1	1	1	1	1	1	1	1	1	1	1	1	1	1	1	1	1	1	1	1	1	1	1	1	1	1	1	1	1	1	1	1	1	1	1	1	1	1	1	1	1	1	1	1	1	1	1	1	1	1	1	1	1	
31	20	12	8	7	5	5	4	4	4	3	3	3	2	2	2	2	2	2	2	2	2	2	2	2	2	1	1	1	1	1	1	1	1	1	1	1	1	1	1	1	1	1	1	1	1	1	1	1	1	1	1	1	1	1	
10	9	6	6	6	6	5	5	5	5	5	5	5	5	4	4	4	4	4	3	3	3	3	3	3	3	2	2	2	2	2	2	2	2	2	1	1	1	1	1	1	1	1	1	1	1	1	1	1	1	1	1	
17	13	9	6	4	4	4	3	3	3	3	3	2	2	2	2	2	2	2	2	2	2	2	1	1	1	1	1	1	1	1	1	1	1	1	1	1	1	1	1	1	1	1	1	1	1	1	1	1	1	1	1	1	1	1	1	1	1	1	1	1	1	1	1	1	1	1	1	1	1	1	1	1	1	1	1	1	1	1	1	1	1	1	1	1	1	1	1	
57	36	14	8	8	5	4	3	2	2	2	1	1	1	1	1	1	1	1	1	1	1	1	1	1	1	1	
32	32	16	10	6	6	5	5	4	4	3	2	2	2	2	2	2	1	1	1	1	1	1	1	1	1	1	1	1	1	1	1	1	1	1	1	1	1	1	
77	15	8	6	6	5	3	2	2	2	2	2	2	1	1	1	1	1	1	1	1	1	1	1	1	1	1	1	1	1	1	1	1	1	1	1	1	
38	33	25	13	9	7	6	4	4	4	3	2	2	1	1	1	1	
59	14	10	7	6	5	4	3	3	3	2	2	2	2	2	2	1	1	1	1	1	1	1	1	1	1	1	1	1	1	1	1	1	1	1	1	1	1	1	1	1	1	
58	36	9	9	5	3	2	2	2	2	2	2	2	1	1	1	1	1	1	1	1	1	1	1	1	1	1	1	1	1	1	
13	10	7	7	7	7	7	6	6	6	6	5	4	4	4	4	4	3	3	2	2	2	2	2	2	2	2	2	2	1	1	1	1	1	1	1	1	1	1	1	1	1	1	1	
49	9	9	7	6	5	5	4	4	3	2	2	2	2	2	2	2	2	1	1	1	1	1	1	1	1	1	1	1	1	1	1	1	1	1	1	1	1	
48	34	6	5	4	4	2	2	2	2	2	1	1	1	1	1	1	1	1	1	1	1	1	1	1	1	1	1	1	1	1	
9	8	8	5	5	4	4	4	4	3	3	2	2	2	2	2	2	2	2	2	1	1	1	1	1	1	1	1	1	1	1	1	1	1	1	1	1	1	1	1	1	1	1	1	1	1	1	1	1	1	1	1	1	1	1	1	1	1	1	1	1	1	1	1	1	1	1	1	1	1	1	1	1	1	1	
38	16	12	6	5	4	4	4	2	2	2	2	2	2	2	2	1	1	1	1	1	1	1	1	1	1	1	1	1	1	1	1	1	1	1	1	1	1	1	1	1	
24	9	7	7	7	4	4	4	4	3	3	3	2	2	2	2	2	2	2	2	2	2	2	1	1	1	1	1	1	1	1	1	1	1	1	1	1	1	1	1	1	1	1	1	1	1	1	1	1	1	1	
41	19	10	10	4	4	4	3	2	2	2	2	2	2	1	1	1	1	1	1	1	1	1	1	1	1	1	1	1	1	1	1	1	
42	14	5	5	5	4	4	3	3	2	2	2	2	2	2	1	1	1	1	1	1	1	1	1	1	1	1	1	1	1	1	1	1	1	1	1	1	
41	11	10	8	5	5	4	3	3	2	2	2	1	1	1	1	1	1	1	1	1	1	1	1	1	1	1	1	1	1	1	1	1	1	1	
29	11	10	6	5	4	3	3	2	2	2	2	2	2	2	2	1	1	1	1	1	1	1	1	1	1	1	1	1	1	1	1	1	1	1	1	1	1	1	1	1	1	1	1	1	1	1	1	
13	7	6	5	4	4	4	3	3	3	3	3	3	2	2	2	2	2	2	2	2	2	1	1	1	1	1	1	1	1	1	1	1	1	1	1	1	1	1	1	1	1	1	1	1	1	1	1	1	1	1	1	1	1	1	1	1	1	1	1	1	
33	11	11	9	6	6	5	4	3	2	2	2	2	2	2	1	1	1	1	1	1	1	1	1	1	1	1	1	1	1	1	1	1	
44	15	11	9	8	7	6	5	2	2	2	1	1	1	1	1	1	
37	10	9	9	7	6	5	4	3	3	3	3	2	2	1	1	1	1	1	1	1	1	1	1	
12	11	9	8	6	5	4	4	4	4	3	2	2	2	2	2	2	1	1	1	1	1	1	1	1	1	1	1	1	1	1	1	1	1	1	1	1	1	1	1	1	1	1	1	1	1	1	
50	6	5	4	4	3	3	3	3	2	2	2	1	1	1	1	1	1	1	1	1	1	1	1	1	1	1	1	1	1	1	1	1	1	1	1	
9	8	8	7	6	5	4	4	3	3	3	3	3	2	2	2	2	2	2	2	2	2	1	1	1	1	1	1	1	1	1	1	1	1	1	1	1	1	1	1	1	1	1	1	
25	13	13	7	5	4	4	3	3	3	3	3	2	2	1	1	1	1	1	1	1	1	1	1	1	1	1	
18	12	12	8	7	6	5	5	3	3	3	3	2	2	2	1	1	1	1	1	1	1	1	1	1	1	1	
10	6	4	4	4	4	3	3	3	2	2	2	2	2	2	1	1	1	1	1	1	1	1	1	1	1	1	1	1	1	1	1	1	1	1	1	1	1	1	1	1	1	1	1	1	1	1	1	1	1	1	1	1	1	1	1	1	1	1	1	1	1	1	1	
11	5	4	3	3	3	3	3	3	3	3	3	2	2	2	1	1	1	1	1	1	1	1	1	1	1	1	1	1	1	1	1	1	1	1	1	1	1	1	1	1	1	1	1	1	1	1	1	1	1	1	1	1	1	1	1	1	1	1	1	1	1	1	
6	5	5	4	4	3	3	3	3	2	2	2	2	2	2	2	2	2	2	2	2	2	2	2	1	1	1	1	1	1	1	1	1	1	1	1	1	1	1	1	1	1	1	1	1	1	1	1	1	1	1	1	1	1	1	1	1	1	1	
48	29	8	4	3	1	1	1	1	1	1	1	1	
16	14	12	7	7	5	5	5	4	3	3	2	2	2	2	1	1	1	1	1	1	1	1	1	1	
34	9	4	4	3	3	2	2	2	2	2	2	2	2	2	2	1	1	1	1	1	1	1	1	1	1	1	1	1	1	1	1	1	1	1	1	1	1	
12	7	7	6	4	4	4	3	3	3	3	3	3	3	2	2	2	2	2	2	1	1	1	1	1	1	1	1	1	1	1	1	1	1	1	1	1	1	1	1	1	
23	17	16	8	6	5	4	4	4	1	1	1	1	1	1	1	1	1	1	
34	14	6	6	3	3	3	2	2	2	1	1	1	1	1	1	1	1	1	1	1	1	1	1	1	1	1	1	1	1	
7	6	6	5	5	5	5	4	4	3	3	3	3	3	3	2	2	2	2	2	2	2	2	2	2	1	1	1	1	1	1	1	1	1	1	
23	16	7	6	5	4	4	2	2	2	2	2	2	2	2	1	1	1	1	1	1	1	1	1	1	1	1	1	
44	8	5	3	3	3	2	2	2	2	2	2	1	1	1	1	1	1	1	1	1	1	1	1	1	1	
9	9	6	6	6	4	3	3	3	3	3	2	2	2	2	2	2	2	1	1	1	1	1	1	1	1	1	1	1	1	1	1	1	1	1	1	1	1	1	1	
35	28	10	7	3	2	1	1	1	1	1	
25	14	9	8	4	4	2	2	2	2	2	1	1	1	1	1	1	1	1	1	1	1	1	1	1	1	1	
28	18	7	4	3	2	2	2	2	2	1	1	1	1	1	1	1	1	1	1	1	1	1	1	1	1	1	1	1	
10	5	4	4	4	3	3	3	3	3	2	2	2	2	2	2	2	2	2	2	1	1	1	1	1	1	1	1	1	1	1	1	1	1	1	1	1	1	1	1	1	1	1	1	1	1	
21	17	8	6	5	5	3	3	3	2	2	2	1	1	1	1	1	1	1	1	1	1	
8	5	5	4	4	3	3	3	2	2	2	2	2	2	2	2	2	2	2	2	2	2	1	1	1	1	1	1	1	1	1	1	1	1	1	1	1	1	1	1	1	1	1	1	1	1	
22	13	10	3	3	3	3	2	2	2	2	2	2	1	1	1	1	1	1	1	1	1	1	1	1	1	1	1	1	1	1	
63	13	7	3	1	
35	10	8	8	3	3	2	2	1	1	1	1	1	1	1	1	1	1	1	1	1	1	1	1	
4	2	2	2	2	2	2	2	2	2	2	2	2	1	1	1	1	1	1	1	1	1	1	1	1	1	1	1	1	1	1	1	1	1	1	1	1	1	1	1	1	1	1	1	1	1	1	1	1	1	1	1	1	1	1	1	1	1	1	1	1	1	1	1	1	1	1	1	1	1	1	
37	8	4	3	3	2	2	2	2	2	2	1	1	1	1	1	1	1	1	1	1	1	1	1	1	1	1	1	1	
16	9	6	5	4	3	2	2	2	2	2	2	2	1	1	1	1	1	1	1	1	1	1	1	1	1	1	1	1	1	1	1	1	1	1	1	1	1	1	1	1	
31	15	7	5	4	3	3	3	3	2	2	1	1	1	1	1	1	
57	3	3	2	1	1	1	1	1	1	1	1	1	1	1	1	1	1	1	1	1	1	1	
25	7	4	4	3	2	2	2	2	1	1	1	1	1	1	1	1	1	1	1	1	1	1	1	1	1	1	1	1	1	1	1	1	1	1	1	1	1	1	1	1	
12	10	3	3	3	3	3	2	2	2	2	2	2	1	1	1	1	1	1	1	1	1	1	1	1	1	1	1	1	1	1	1	1	1	1	1	1	1	1	1	1	1	1	1	1	1	1	
19	14	11	5	4	4	2	2	1	1	1	1	1	1	1	1	1	1	1	1	1	1	1	1	1	1	1	1	1	1	
22	14	9	8	8	2	1	1	1	1	1	1	1	1	1	1	1	1	1	1	1	1	1	1	1	
19	14	7	6	5	4	2	2	2	1	1	1	1	1	1	1	1	1	1	1	1	1	1	1	1	1	1	1	1	
16	9	9	7	5	4	3	3	2	2	2	1	1	1	1	1	1	1	1	1	1	1	1	1	1	1	1	1	1	1	
11	5	5	4	3	3	3	3	2	2	2	2	1	1	1	1	1	1	1	1	1	1	1	1	1	1	1	1	1	1	1	1	1	1	1	1	1	1	1	1	1	1	1	1	1	1	1	1	
10	7	7	7	7	5	5	4	4	2	2	2	1	1	1	1	1	1	1	1	1	1	1	1	1	1	1	1	1	1	1	
26	8	7	5	5	5	4	3	3	2	2	2	2	2	1	1	1	1	
24	5	5	4	3	3	2	2	2	2	2	2	2	1	1	1	1	1	1	1	1	1	1	1	1	1	1	1	1	1	1	1	1	1	1	
6	5	5	4	4	4	3	3	3	3	2	2	2	2	2	2	2	2	1	1	1	1	1	1	1	1	1	1	1	1	1	1	1	1	1	1	1	1	1	1	1	
12	12	9	4	3	3	3	3	2	2	2	2	2	2	2	1	1	1	1	1	1	1	1	1	1	1	1	1	1	1	1	
15	13	6	5	4	3	2	2	2	2	2	1	1	1	1	1	1	1	1	1	1	1	1	1	1	1	1	1	1	1	1	1	1	
27	6	5	5	4	3	3	2	2	2	2	2	2	1	1	1	1	1	1	1	1	1	1	1	1	
9	8	6	5	5	4	4	3	3	3	2	2	2	2	2	2	1	1	1	1	1	1	1	1	1	1	1	1	1	1	
23	8	7	4	3	2	2	2	2	1	1	1	1	1	1	1	1	1	1	1	1	1	1	1	1	1	1	1	1	1	1	
11	9	7	6	6	5	4	4	3	2	2	1	1	1	1	1	1	1	1	1	1	1	1	1	1	1	1	
9	8	5	5	3	3	2	2	2	2	2	2	2	1	1	1	1	1	1	1	1	1	1	1	1	1	1	1	1	1	1	1	1	1	1	1	1	1	1	1	1	
32	13	11	7	4	3	1	1	1	1	1	
14	6	3	3	3	3	2	2	1	1	1	1	1	1	1	1	1	1	1	1	1	1	1	1	1	1	1	1	1	1	1	1	1	1	1	1	1	1	1	1	1	1	1	1	1	1	
27	8	3	3	3	2	2	2	2	2	2	1	1	1	1	1	1	1	1	1	1	1	1	1	1	1	1	1	1	
61	5	4	2	1	
13	10	6	5	4	4	4	3	3	2	2	2	2	1	1	1	1	1	1	1	1	1	1	1	1	1	
33	19	4	3	3	2	1	1	1	1	1	1	1	1	1	
27	3	3	2	2	2	1	1	1	1	1	1	1	1	1	1	1	1	1	1	1	1	1	1	1	1	1	1	1	1	1	1	1	1	1	1	1	1	
36	7	6	4	3	2	2	2	1	1	1	1	1	1	1	1	1	
11	7	6	5	5	3	3	3	3	3	2	2	1	1	1	1	1	1	1	1	1	1	1	1	1	1	1	1	1	1	
31	14	7	4	2	2	2	2	1	1	1	1	1	1	1	
28	4	3	3	3	3	2	2	2	1	1	1	1	1	1	1	1	1	1	1	1	1	1	1	1	1	1	1	1	
12	4	3	2	2	2	2	2	2	2	1	1	1	1	1	1	1	1	1	1	1	1	1	1	1	1	1	1	1	1	1	1	1	1	1	1	1	1	1	1	1	1	1	1	1	1	
19	11	6	4	4	3	3	3	3	2	1	1	1	1	1	1	1	1	1	1	
16	14	5	4	4	3	2	2	2	1	1	1	1	1	1	1	1	1	1	1	1	1	1	1	1	
23	17	4	3	3	2	2	2	2	1	1	1	1	1	1	1	1	1	1	
37	7	2	1	1	1	1	1	1	1	1	1	1	1	1	1	1	1	1	1	1	1	1	1	1	
11	10	8	5	4	3	2	2	2	2	1	1	1	1	1	1	1	1	1	1	1	1	1	1	1	1	1	1	
29	3	3	3	2	2	2	2	1	1	1	1	1	1	1	1	1	1	1	1	1	1	1	1	1	1	1	1	
16	10	9	8	3	3	3	2	2	2	1	1	1	1	1	1	1	
6	5	4	3	3	3	3	2	2	2	2	2	2	2	1	1	1	1	1	1	1	1	1	1	1	1	1	1	1	1	1	1	1	1	1	1	1	1	
33	4	4	2	2	2	1	1	1	1	1	1	1	1	1	1	1	1	1	1	1	1	1	1	
4	4	4	3	3	2	2	2	2	2	1	1	1	1	1	1	1	1	1	1	1	1	1	1	1	1	1	1	1	1	1	1	1	1	1	1	1	1	1	1	1	1	1	1	1	
22	6	5	5	2	2	2	1	1	1	1	1	1	1	1	1	1	1	1	1	1	1	1	1	1	1	
24	15	8	3	2	2	1	1	1	1	1	1	1	1	
60	1	1	
19	13	8	5	4	4	2	1	1	1	1	1	1	
39	4	3	2	2	1	1	1	1	1	1	1	1	1	1	
19	18	4	2	2	2	2	1	1	1	1	1	1	1	1	1	1	1	
11	8	6	5	3	3	3	2	2	2	2	2	2	2	1	1	1	1	1	
17	12	8	4	4	3	2	2	2	1	1	1	
28	5	3	3	2	2	2	2	1	1	1	1	1	1	1	1	1	1	
10	7	5	4	3	3	3	3	2	2	2	2	1	1	1	1	1	1	1	1	1	1	
6	4	4	3	3	2	2	2	2	2	2	1	1	1	1	1	1	1	1	1	1	1	1	1	1	1	1	1	1	1	1	1	1	1	1	
20	14	5	3	3	2	2	2	2	1	1	1	
39	6	2	2	2	2	2	1	
28	3	3	3	2	2	2	2	2	1	1	1	1	1	1	1	1	
8	5	5	4	3	3	3	3	2	2	2	1	1	1	1	1	1	1	1	1	1	1	1	1	1	1	
38	5	4	2	2	1	1	1	
21	5	3	3	2	2	2	1	1	1	1	1	1	1	1	1	1	1	1	1	1	1	1	
42	6	3	1	1	1	
9	5	3	3	3	2	2	2	2	2	2	1	1	1	1	1	1	1	1	1	1	1	1	1	1	1	1	1	1	1	
26	8	5	4	3	1	1	1	1	1	1	1	1	
12	6	3	3	2	2	2	2	2	2	2	1	1	1	1	1	1	1	1	1	1	1	1	1	1	1	
18	9	6	3	2	2	2	1	1	1	1	1	1	1	1	1	1	1	
4	3	2	2	2	2	2	2	1	1	1	1	1	1	1	1	1	1	1	1	1	1	1	1	1	1	1	1	1	1	1	1	1	1	1	1	1	1	1	1	1	1	
5	4	4	3	2	2	2	2	2	2	1	1	1	1	1	1	1	1	1	1	1	1	1	1	1	1	1	1	1	1	1	1	1	1	1	
3	3	3	3	3	2	2	2	2	2	2	2	2	2	2	2	1	1	1	1	1	1	1	1	1	1	1	1	1	1	1	
21	5	3	3	2	2	2	2	2	1	1	1	1	1	1	1	1	1	1	
43	3	1	1	1	1	1	1	
24	19	4	2	1	1	
33	5	3	2	2	1	1	1	1	1	1	
7	6	6	4	3	3	3	3	1	1	1	1	1	1	1	1	1	1	1	1	1	1	1	1	
2	2	2	2	2	2	2	2	2	2	2	2	2	1	1	1	1	1	1	1	1	1	1	1	1	1	1	1	1	1	1	1	1	1	1	1	1	
26	7	4	3	2	2	1	1	1	1	1	1	
4	3	3	3	2	2	2	2	2	2	1	1	1	1	1	1	1	1	1	1	1	1	1	1	1	1	1	1	1	1	1	1	1	
6	6	5	3	3	2	2	1	1	1	1	1	1	1	1	1	1	1	1	1	1	1	1	1	1	1	1	
14	9	4	3	2	1	1	1	1	1	1	1	1	1	1	1	1	1	1	1	
16	5	4	4	2	2	2	1	1	1	1	1	1	1	1	1	1	1	1	
23	4	3	3	2	2	1	1	1	1	1	1	1	1	1	1	
7	5	5	4	3	2	2	2	1	1	1	1	1	1	1	1	1	1	1	1	1	1	1	1	1	
6	6	4	2	2	2	2	2	1	1	1	1	1	1	1	1	1	1	1	1	1	1	1	1	1	1	1	1	1	
15	9	4	3	3	1	1	1	1	1	1	1	1	1	1	1	1	1	
16	3	3	3	2	1	1	1	1	1	1	1	1	1	1	1	1	1	1	1	1	1	1	1	
5	5	2	2	2	2	2	1	1	1	1	1	1	1	1	1	1	1	1	1	1	1	1	1	1	1	1	1	1	1	1	1	1	
34	3	1	1	1	1	1	1	1	1	1	
6	4	4	3	3	2	1	1	1	1	1	1	1	1	1	1	1	1	1	1	1	1	1	1	1	1	1	1	1	
3	2	2	2	2	1	1	1	1	1	1	1	1	1	1	1	1	1	1	1	1	1	1	1	1	1	1	1	1	1	1	1	1	1	1	1	1	1	1	
9	6	6	3	3	2	1	1	1	1	1	1	1	1	1	1	1	1	1	1	1	1	
7	4	3	3	2	2	2	2	2	2	1	1	1	1	1	1	1	1	1	1	1	1	1	1	1	1	
2	2	2	2	2	2	1	1	1	1	1	1	1	1	1	1	1	1	1	1	1	1	1	1	1	1	1	1	1	1	1	1	1	1	1	1	1	1	1	
10	8	4	4	2	2	2	2	1	1	1	1	1	1	1	1	1	1	1	
20	6	4	4	3	2	2	1	1	1	1	
11	5	5	3	3	3	2	2	2	2	1	1	1	1	1	1	1	
13	3	3	3	2	2	2	2	2	1	1	1	1	1	1	1	1	1	1	1	1	1	
23	2	2	2	2	1	1	1	1	1	1	1	1	1	1	1	1	1	
15	12	9	2	2	1	1	1	1	
7	4	3	3	2	2	2	2	1	1	1	1	1	1	1	1	1	1	1	1	1	1	1	1	1	1	1	
7	7	5	3	3	2	2	2	1	1	1	1	1	1	1	1	1	1	1	1	1	
4	3	3	3	2	2	2	2	2	2	2	1	1	1	1	1	1	1	1	1	1	1	1	1	1	1	1	1	
6	3	2	2	1	1	1	1	1	1	1	1	1	1	1	1	1	1	1	1	1	1	1	1	1	1	1	1	1	1	1	1	1	1	1	
8	5	4	3	3	2	2	2	1	1	1	1	1	1	1	1	1	1	1	1	1	1	1	
13	9	4	2	2	1	1	1	1	1	1	1	1	1	1	1	1	1	
6	3	3	3	3	2	2	2	2	2	2	1	1	1	1	1	1	1	1	1	1	1	1	1	
7	7	3	3	3	2	2	2	2	2	1	1	1	1	1	1	1	1	1	1	
5	4	3	3	3	1	1	1	1	1	1	1	1	1	1	1	1	1	1	1	1	1	1	1	1	1	1	1	1	
10	8	4	3	2	2	2	1	1	1	1	1	1	1	1	1	1	1	
8	6	4	3	3	3	2	2	2	2	2	1	1	1	1	1	
4	3	3	3	3	2	2	2	2	1	1	1	1	1	1	1	1	1	1	1	1	1	1	1	1	1	1	
12	7	4	4	3	1	1	1	1	1	1	1	1	1	1	1	1	
13	4	3	3	2	2	2	2	2	2	1	1	1	1	1	1	
3	2	2	2	2	2	2	2	1	1	1	1	1	1	1	1	1	1	1	1	1	1	1	1	1	1	1	1	1	1	1	1	
4	4	4	3	3	3	3	2	2	2	2	2	2	2	1	1	1	
27	8	3	2	1	
8	6	5	3	3	2	2	1	1	1	1	1	1	1	1	1	1	1	1	
14	4	4	3	3	3	1	1	1	1	1	1	1	1	1	
6	5	4	4	3	3	2	2	1	1	1	1	1	1	1	1	1	1	1	
13	6	4	2	2	2	2	2	1	1	1	1	1	1	1	
11	4	4	3	2	2	2	2	1	1	1	1	1	1	1	1	1	1	
20	8	2	2	1	1	1	1	1	1	1	1	
13	6	4	3	2	2	2	1	1	1	1	1	1	1	1	
11	11	3	3	2	2	2	1	1	1	1	1	1	
9	7	4	4	3	3	2	1	1	1	1	1	1	1	
20	3	2	2	1	1	1	1	1	1	1	1	1	1	1	1	
23	4	2	1	1	1	1	1	1	1	1	1	
13	4	2	2	1	1	1	1	1	1	1	1	1	1	1	1	1	1	1	1	1	
9	5	5	3	2	2	2	1	1	1	1	1	1	1	1	1	1	
13	5	3	3	2	1	1	1	1	1	1	1	1	1	1	1	1	
12	4	3	3	3	2	2	2	1	1	1	1	1	1	1	
12	4	2	2	2	2	1	1	1	1	1	1	1	1	1	1	1	1	1	1	
16	3	3	2	1	1	1	1	1	1	1	1	1	1	1	1	1	1	
12	8	4	3	3	2	1	1	1	1	1	1	
17	6	3	3	2	1	1	1	1	1	1	1	
13	4	2	1	1	1	1	1	1	1	1	1	1	1	1	1	1	1	1	1	1	
8	6	4	2	2	2	1	1	1	1	1	1	1	1	1	1	1	1	1	
20	3	1	1	1	1	1	1	1	1	1	1	1	1	1	1	
12	5	3	2	2	2	1	1	1	1	1	1	1	1	1	1	1	
21	2	2	1	1	1	1	1	1	1	1	1	1	1	1	
19	7	4	2	2	1	1	1	
4	3	3	3	3	2	2	2	1	1	1	1	1	1	1	1	1	1	1	1	1	1	1	
7	5	5	3	3	2	2	1	1	1	1	1	1	1	1	1	1	
10	3	2	2	2	2	1	1	1	1	1	1	1	1	1	1	1	1	1	1	1	1	
13	3	3	2	1	1	1	1	1	1	1	1	1	1	1	1	1	1	1	
10	5	4	2	2	1	1	1	1	1	1	1	1	1	1	1	1	1	
9	6	5	5	3	2	2	1	1	1	1	
13	5	2	2	1	1	1	1	1	1	1	1	1	1	1	1	1	1	
8	4	2	1	1	1	1	1	1	1	1	1	1	1	1	1	1	1	1	1	1	1	1	1	
7	7	4	3	2	2	1	1	1	1	1	1	1	1	1	1	
7	3	2	2	2	2	1	1	1	1	1	1	1	1	1	1	1	1	1	1	1	1	1	
6	5	4	3	2	2	2	2	2	1	1	1	1	1	1	1	
15	4	2	1	1	1	1	1	1	1	1	1	1	1	1	1	1	
3	3	2	2	2	2	2	2	1	1	1	1	1	1	1	1	1	1	1	1	1	1	1	1	1	
7	3	3	3	2	2	2	2	2	1	1	1	1	1	1	1	1	1	
9	8	7	2	1	1	1	1	1	1	1	1	1	
9	4	4	3	3	2	2	2	1	1	1	1	1	1	
11	10	7	1	1	1	1	1	1	1	
19	4	3	2	1	1	1	1	1	1	
11	5	4	2	1	1	1	1	1	1	1	1	1	1	1	1	
6	4	4	4	3	2	2	2	1	1	1	1	1	1	1	
7	4	3	3	2	1	1	1	1	1	1	1	1	1	1	1	1	1	1	1	
15	6	3	2	1	1	1	1	1	1	1	1	
8	3	3	2	2	2	2	1	1	1	1	1	1	1	1	1	1	1	1	
10	3	2	2	1	1	1	1	1	1	1	1	1	1	1	1	1	1	1	1	1	
8	4	4	3	2	2	1	1	1	1	1	1	1	1	1	1	1	
4	3	3	3	2	2	2	2	2	2	2	2	1	1	1	1	1	
4	3	2	2	2	2	1	1	1	1	1	1	1	1	1	1	1	1	1	1	1	1	1	1	
7	5	4	3	2	2	1	1	1	1	1	1	1	1	1	1	
9	4	3	2	2	2	1	1	1	1	1	1	1	1	1	1	1	
6	5	3	3	2	2	1	1	1	1	1	1	1	1	1	1	1	1	
13	6	5	3	2	1	1	1	1	
9	4	4	4	3	2	1	1	1	1	1	1	1	
4	2	2	1	1	1	1	1	1	1	1	1	1	1	1	1	1	1	1	1	1	1	1	1	1	1	1	1	
4	3	3	2	2	2	2	1	1	1	1	1	1	1	1	1	1	1	1	1	1	1	
9	4	3	2	2	2	1	1	1	1	1	1	1	1	1	1	1	
14	9	4	2	2	1	1	
10	6	4	2	2	2	1	1	1	1	1	1	
5	3	3	3	3	2	2	1	1	1	1	1	1	1	1	1	1	1	
4	3	3	3	3	2	2	2	1	1	1	1	1	1	1	1	1	1	
14	6	2	2	1	1	1	1	1	1	1	1	
8	5	2	1	1	1	1	1	1	1	1	1	1	1	1	1	1	1	1	
2	2	2	2	2	2	2	1	1	1	1	1	1	1	1	1	1	1	1	1	1	1	1	1	
5	4	3	3	2	2	1	1	1	1	1	1	1	1	1	1	1	1	
16	2	2	2	1	1	1	1	1	1	1	1	1	
9	6	5	3	1	1	1	1	1	1	1	1	
14	7	2	2	1	1	1	1	1	1	
13	9	3	2	1	1	1	1	
7	7	3	2	2	2	1	1	1	1	1	1	1	1	
13	4	3	2	2	2	1	1	1	1	1	
9	6	2	2	2	1	1	1	1	1	1	1	1	1	1	
6	4	4	4	2	1	1	1	1	1	1	1	1	1	1	
16	6	3	2	1	1	1	
3	3	2	2	1	1	1	1	1	1	1	1	1	1	1	1	1	1	1	1	1	1	1	1	
25	1	1	1	1	1	
11	9	6	1	1	1	1	
8	3	3	3	2	1	1	1	1	1	1	1	1	1	1	1	
15	7	3	1	1	1	1	1	
10	6	4	3	2	1	1	1	1	1	
10	5	4	2	2	1	1	1	1	1	1	1	
5	4	3	2	2	1	1	1	1	1	1	1	1	1	1	1	1	1	1	
6	5	5	2	2	2	2	1	1	1	1	1	1	
11	3	3	3	3	2	1	1	1	1	
6	5	3	2	2	2	2	2	1	1	1	1	1	
14	6	3	2	2	1	1	
8	5	4	4	4	2	1	1	
11	6	3	3	3	1	1	1	
7	5	2	2	1	1	1	1	1	1	1	1	1	1	1	1	1	
4	3	3	3	2	1	1	1	1	1	1	1	1	1	1	1	1	1	1	
5	3	3	3	2	2	2	2	2	1	1	1	1	1	
7	4	4	3	2	1	1	1	1	1	1	1	1	1	
18	4	2	1	1	1	1	
7	4	4	2	2	1	1	1	1	1	1	1	1	1	
4	4	4	4	3	2	1	1	1	1	1	1	1	
7	4	3	3	2	2	1	1	1	1	1	1	1	
19	4	2	1	1	1	
9	5	4	2	2	1	1	1	1	1	1	
16	5	2	1	1	1	1	1	
7	4	2	2	2	2	1	1	1	1	1	1	1	1	1	
7	4	2	1	1	1	1	1	1	1	1	1	1	1	1	1	1	
4	4	4	2	2	1	1	1	1	1	1	1	1	1	1	1	
12	6	3	1	1	1	1	1	1	
11	2	2	2	1	1	1	1	1	1	1	1	1	1	
11	8	2	2	1	1	1	1	
11	5	3	2	2	1	1	1	1	
8	4	4	3	3	2	1	1	1	
5	5	3	2	2	2	2	1	1	1	1	1	1	
8	7	2	2	2	1	1	1	1	1	1	
4	3	3	2	2	2	1	1	1	1	1	1	1	1	1	1	1	
5	5	3	3	1	1	1	1	1	1	1	1	1	1	1	
5	3	2	1	1	1	1	1	1	1	1	1	1	1	1	1	1	1	1	
18	2	1	1	1	1	1	1	
6	4	3	3	2	2	2	1	1	1	1	
6	3	2	2	2	1	1	1	1	1	1	1	1	1	1	1	
4	4	3	2	2	1	1	1	1	1	1	1	1	1	1	1	
5	4	3	3	1	1	1	1	1	1	1	1	1	1	1	
3	3	2	1	1	1	1	1	1	1	1	1	1	1	1	1	1	1	1	1	1	
6	5	3	2	2	1	1	1	1	1	1	1	1	
4	3	3	3	2	2	2	2	2	1	1	1	
14	1	1	1	1	1	1	1	1	1	1	1	1	
6	4	2	2	1	1	1	1	1	1	1	1	1	1	1	1	
6	4	2	2	1	1	1	1	1	1	1	1	1	1	1	1	
16	3	3	1	1	1	1	
12	3	3	2	2	1	1	1	1	
7	4	3	2	2	2	1	1	1	1	1	
5	3	2	2	2	2	1	1	1	1	1	1	1	1	1	
13	6	2	2	1	1	
10	3	3	2	2	1	1	1	1	1	
4	3	3	2	2	1	1	1	1	1	1	1	1	1	1	1	
15	4	2	1	1	1	1	
8	3	2	2	2	1	1	1	1	1	1	1	1	
19	2	2	1	1	
3	3	2	1	1	1	1	1	1	1	1	1	1	1	1	1	1	1	1	1	
4	3	3	2	2	2	2	1	1	1	1	1	1	1	
4	4	3	2	2	1	1	1	1	1	1	1	1	1	1	
5	3	3	2	2	2	1	1	1	1	1	1	1	1	
11	3	2	1	1	1	1	1	1	1	1	1	
10	3	1	1	1	1	1	1	1	1	1	1	1	
12	2	2	2	1	1	1	1	1	1	
10	3	3	2	1	1	1	1	1	1	
7	3	2	2	1	1	1	1	1	1	1	1	1	1	
3	3	3	2	2	1	1	1	1	1	1	1	1	1	1	1	
8	3	3	2	2	2	1	1	1	1	
8	5	5	3	2	1	
13	4	3	1	1	1	1	
4	3	2	1	1	1	1	1	1	1	1	1	1	1	1	1	1	1	
5	3	3	2	1	1	1	1	1	1	1	1	1	1	1	
7	4	3	3	2	1	1	1	1	1	
13	3	2	1	1	1	1	1	1	
24	
17	3	1	1	1	1	
6	4	4	4	1	1	1	1	1	
4	4	3	3	2	2	1	1	1	1	1	
4	3	3	2	2	1	1	1	1	1	1	1	1	1	
8	6	2	2	1	1	1	1	1	
16	4	2	1	
13	4	2	1	1	1	1	
8	4	2	2	2	2	1	1	1	
6	2	2	2	1	1	1	1	1	1	1	1	1	1	1	
15	2	1	1	1	1	1	1	
9	2	2	1	1	1	1	1	1	1	1	1	
2	2	2	2	1	1	1	1	1	1	1	1	1	1	1	1	1	1	
2	2	1	1	1	1	1	1	1	1	1	1	1	1	1	1	1	1	1	1	
5	5	3	2	1	1	1	1	1	1	1	
4	3	2	2	2	1	1	1	1	1	1	1	1	1	
11	3	3	2	1	1	1	
4	4	3	2	1	1	1	1	1	1	1	1	1	
4	4	2	2	1	1	1	1	1	1	1	1	1	1	
12	6	2	1	1	
4	3	3	3	2	2	1	1	1	1	1	
5	2	2	2	2	1	1	1	1	1	1	1	1	1	
5	5	2	1	1	1	1	1	1	1	1	1	1	
6	3	3	2	2	1	1	1	1	1	1	
10	3	2	2	2	1	1	1	
5	5	2	2	2	1	1	1	1	1	1	
3	3	2	2	2	2	1	1	1	1	1	1	1	1	
8	2	2	1	1	1	1	1	1	1	1	1	1	
11	2	1	1	1	1	1	1	1	1	
10	5	2	1	1	1	1	
3	3	2	1	1	1	1	1	1	1	1	1	1	1	1	1	
8	5	2	2	1	1	1	1	
3	3	2	2	1	1	1	1	1	1	1	1	1	1	1	
11	3	1	1	1	1	1	1	1	
5	3	3	2	2	1	1	1	1	1	1	
5	4	3	2	2	1	1	1	1	1	
14	1	1	1	1	1	1	1	
17	3	1	
8	4	2	2	2	1	1	1	
5	4	2	2	2	1	1	1	1	1	1	
3	3	2	2	1	1	1	1	1	1	1	1	1	1	1	
5	2	2	2	2	1	1	1	1	1	1	1	1	
3	2	2	2	1	1	1	1	1	1	1	1	1	1	1	1	
6	2	2	1	1	1	1	1	1	1	1	1	1	1	
10	2	2	1	1	1	1	1	1	1	
4	4	4	2	1	1	1	1	1	1	
8	3	2	1	1	1	1	1	1	1	
7	3	1	1	1	1	1	1	1	1	1	1	
6	6	4	1	1	1	1	
7	5	2	1	1	1	1	1	1	
5	3	2	2	2	2	2	1	1	
14	4	2	
3	2	2	2	2	1	1	1	1	1	1	1	1	1	
6	3	2	2	1	1	1	1	1	1	1	
15	1	1	1	1	1	
12	1	1	1	1	1	1	1	1	
8	3	2	2	1	1	1	1	1	
10	5	1	1	1	1	1	
4	4	4	3	1	1	1	1	1	
8	7	1	1	1	1	1	
7	5	3	1	1	1	1	1	
10	2	2	1	1	1	1	1	1	
3	3	2	2	2	1	1	1	1	1	1	1	1	
4	3	3	2	1	1	1	1	1	1	1	
6	5	2	1	1	1	1	1	1	
14	3	1	1	
7	4	2	1	1	1	1	1	1	
9	3	2	1	1	1	1	1	
13	1	1	1	1	1	1	
6	6	4	3	
6	3	2	1	1	1	1	1	1	1	1	
7	3	3	2	2	1	1	
8	5	2	2	1	1	
9	3	2	2	1	1	1	
3	3	2	2	1	1	1	1	1	1	1	1	1	
7	6	1	1	1	1	1	1	
10	3	2	1	1	1	1	
2	2	2	1	1	1	1	1	1	1	1	1	1	1	1	1	
10	2	2	1	1	1	1	1	
5	5	4	3	1	1	
5	3	2	2	1	1	1	1	1	1	1	
2	2	1	1	1	1	1	1	1	1	1	1	1	1	1	1	1	
6	4	2	2	2	1	1	1	
5	4	2	2	1	1	1	1	1	
2	1	1	1	1	1	1	1	1	1	1	1	1	1	1	1	1	
7	3	3	2	1	1	1	
7	5	2	1	1	1	1	
7	2	2	2	1	1	1	1	1	
2	2	2	2	2	1	1	1	1	1	1	1	1	
8	4	2	1	1	1	1	
4	3	2	1	1	1	1	1	1	1	1	1	
11	1	1	1	1	1	1	1	
4	3	2	2	2	1	1	1	1	1	
3	3	3	3	2	1	1	1	1	
10	2	2	1	1	1	1	
4	3	2	2	1	1	1	1	1	1	1	
9	7	1	1	
17	1	
14	3	1	
2	2	2	2	1	1	1	1	1	1	1	1	1	1	
7	3	3	1	1	1	1	1	
4	3	2	1	1	1	1	1	1	1	1	1	
7	2	2	2	1	1	1	1	1	
2	2	2	2	1	1	1	1	1	1	1	1	1	1	
4	2	2	1	1	1	1	1	1	1	1	1	1	
15	2	1	
6	4	4	1	1	1	1	
13	1	1	1	1	1	
4	3	2	2	1	1	1	1	1	1	1	
4	2	2	1	1	1	1	1	1	1	1	1	1	
2	2	2	2	1	1	1	1	1	1	1	1	1	1	
4	3	3	2	2	2	1	1	
14	2	1	1	
4	3	2	2	1	1	1	1	1	1	
5	3	2	1	1	1	1	1	1	1	
8	4	3	1	1	
4	4	2	2	1	1	1	1	1	
3	2	2	2	2	1	1	1	1	1	1	
12	2	1	1	1	
3	2	1	1	1	1	1	1	1	1	1	1	1	1	
4	2	2	1	1	1	1	1	1	1	1	1	
5	3	2	1	1	1	1	1	1	1	
4	4	2	2	1	1	1	1	1	
6	4	1	1	1	1	1	1	1	
5	2	2	1	1	1	1	1	1	1	1	
8	1	1	1	1	1	1	1	1	1	
8	6	2	1	
4	2	2	1	1	1	1	1	1	1	1	1	
12	2	2	1	
7	3	2	1	1	1	1	1	
13	3	1	
4	3	1	1	1	1	1	1	1	1	1	1	
5	3	2	2	1	1	1	1	1	
6	2	2	2	1	1	1	1	1	
6	2	1	1	1	1	1	1	1	1	1	
5	4	2	2	1	1	1	1	
8	2	2	1	1	1	1	1	
4	3	3	2	2	1	1	1	
7	2	1	1	1	1	1	1	1	1	
3	3	2	2	2	1	1	1	1	1	
3	3	2	2	1	1	1	1	1	1	1	
7	2	1	1	1	1	1	1	1	1	
2	1	1	1	1	1	1	1	1	1	1	1	1	1	1	1	
3	3	3	1	1	1	1	1	1	1	1	
6	4	2	2	1	1	1	
5	4	2	1	1	1	1	1	1	
8	2	2	1	1	1	1	1	
2	2	2	1	1	1	1	1	1	1	1	1	1	1	
6	2	2	1	1	1	1	1	1	
5	2	2	1	1	1	1	1	1	1	
6	3	3	1	1	1	1	
7	3	3	1	1	1	
8	3	2	1	1	1	
5	5	2	2	1	1	
4	3	2	2	1	1	1	1	1	
9	4	1	1	1	
5	4	2	2	2	1	
6	2	2	1	1	1	1	1	1	
6	3	2	1	1	1	1	1	
5	2	2	1	1	1	1	1	1	1	
3	3	1	1	1	1	1	1	1	1	1	1	
2	2	2	2	1	1	1	1	1	1	1	1	
5	2	2	2	1	1	1	1	1	
2	1	1	1	1	1	1	1	1	1	1	1	1	1	1	
5	2	2	2	1	1	1	1	1	
8	4	1	1	1	1	
5	2	2	1	1	1	1	1	1	1	
5	4	4	1	1	1	
5	2	2	1	1	1	1	1	1	1	
3	2	2	1	1	1	1	1	1	1	1	1	
4	4	4	3	1	
3	2	1	1	1	1	1	1	1	1	1	1	1	
4	3	2	1	1	1	1	1	1	1	
3	2	2	1	1	1	1	1	1	1	1	1	
4	4	1	1	1	1	1	1	1	1	
4	2	2	1	1	1	1	1	1	1	1	
3	2	2	2	2	1	1	1	1	1	
4	2	1	1	1	1	1	1	1	1	1	1	
3	2	1	1	1	1	1	1	1	1	1	1	1	
3	1	1	1	1	1	1	1	1	1	1	1	1	1	
10	2	2	1	
7	2	2	1	1	1	1	
2	1	1	1	1	1	1	1	1	1	1	1	1	1	
4	3	2	1	1	1	1	1	1	
10	2	2	1	
15	
3	3	3	1	1	1	1	1	1	
14	1	
11	2	1	1	
15	
4	3	2	1	1	1	1	1	1	
5	3	3	1	1	1	1	
9	6	
8	5	2	
3	2	1	1	1	1	1	1	1	1	1	1	
6	5	1	1	1	1	
4	2	2	2	2	1	1	1	
3	2	2	2	1	1	1	1	1	1	
6	3	2	2	1	1	
7	4	1	1	1	1	
3	3	1	1	1	1	1	1	1	1	1	
5	3	2	1	1	1	1	1	
12	1	1	1	
8	3	1	1	1	1	
4	2	2	2	1	1	1	1	1	
3	2	2	1	1	1	1	1	1	1	1	
3	3	2	1	1	1	1	1	1	1	
6	2	1	1	1	1	1	1	1	
3	2	2	2	1	1	1	1	1	1	
4	3	2	2	1	1	1	1	
3	2	2	1	1	1	1	1	1	1	
1	1	1	1	1	1	1	1	1	1	1	1	1	1	
3	2	2	1	1	1	1	1	1	1	
3	1	1	1	1	1	1	1	1	1	1	1	
1	1	1	1	1	1	1	1	1	1	1	1	1	1	
8	1	1	1	1	1	1	
4	4	2	1	1	1	1	
2	2	1	1	1	1	1	1	1	1	1	1	
7	2	1	1	1	1	1	
4	3	2	2	1	1	1	
2	2	1	1	1	1	1	1	1	1	1	1	
13	1	
6	2	2	1	1	1	1	
5	3	1	1	1	1	1	1	
3	3	1	1	1	1	1	1	1	1	
5	2	1	1	1	1	1	1	1	
3	2	1	1	1	1	1	1	1	1	1	
7	3	1	1	1	1	
5	4	3	1	1	
3	2	2	2	1	1	1	1	1	
5	2	2	1	1	1	1	1	
3	3	2	1	1	1	1	1	1	
8	1	1	1	1	1	1	
8	3	1	1	1	
7	2	1	1	1	1	1	
1	1	1	1	1	1	1	1	1	1	1	1	1	
6	2	1	1	1	1	1	
3	2	1	1	1	1	1	1	1	1	
9	1	1	1	1	
2	1	1	1	1	1	1	1	1	1	1	1	
3	3	2	1	1	1	1	1	
3	2	2	2	2	1	1	
2	2	2	2	1	1	1	1	1	
2	2	2	1	1	1	1	1	1	1	
4	2	2	1	1	1	1	1	
2	1	1	1	1	1	1	1	1	1	1	1	
8	2	1	1	1	
5	2	1	1	1	1	1	1	
4	2	1	1	1	1	1	1	1	
8	3	1	1	
4	4	1	1	1	1	1	
8	1	1	1	1	1	
3	2	2	1	1	1	1	1	1	
2	1	1	1	1	1	1	1	1	1	1	1	
13	
2	2	2	1	1	1	1	1	1	1	
5	3	3	1	1	
5	3	3	1	1	
4	3	2	1	1	1	1	
3	2	1	1	1	1	1	1	1	1	
5	3	2	1	1	1	
9	1	1	1	1	
4	4	1	1	1	1	1	
2	1	1	1	1	1	1	1	1	1	1	1	
2	1	1	1	1	1	1	1	1	1	1	1	
4	2	2	2	1	1	1	
5	3	1	1	1	1	1	
7	1	1	1	1	1	1	
8	1	1	1	1	1	
8	2	1	1	1	
2	2	2	1	1	1	1	1	1	1	
2	1	1	1	1	1	1	1	1	1	1	1	
2	2	2	1	1	1	1	1	1	1	
5	2	1	1	1	1	1	1	
8	2	1	1	1	
4	3	2	1	1	1	1	
2	1	1	1	1	1	1	1	1	1	1	1	
3	2	1	1	1	1	1	1	1	1	
7	3	1	1	1	
2	2	2	2	1	1	1	1	1	
4	3	2	1	1	1	1	
2	1	1	1	1	1	1	1	1	1	1	
3	2	1	1	1	1	1	1	1	
6	2	2	1	1	
4	3	2	1	1	1	
4	1	1	1	1	1	1	1	1	
4	2	2	1	1	1	1	
2	1	1	1	1	1	1	1	1	1	1	
9	1	1	1	
3	2	2	1	1	1	1	1	
1	1	1	1	1	1	1	1	1	1	1	1	
5	2	1	1	1	1	1	
6	1	1	1	1	1	1	
3	3	2	1	1	1	1	
1	1	1	1	1	1	1	1	1	1	1	1	
4	1	1	1	1	1	1	1	1	
5	1	1	1	1	1	1	1	
2	2	2	2	1	1	1	1	
3	3	1	1	1	1	1	1	
9	1	1	1	
2	2	1	1	1	1	1	1	1	1	
2	2	2	1	1	1	1	1	1	
3	3	3	1	1	1	
5	1	1	1	1	1	1	1	
7	2	1	1	1	
3	2	1	1	1	1	1	1	1	
2	2	2	2	1	1	1	1	
3	1	1	1	1	1	1	1	1	1	
3	2	2	1	1	1	1	1	
4	3	1	1	1	1	1	
4	2	1	1	1	1	1	1	
3	2	2	1	1	1	1	1	
6	2	1	1	1	1	
2	2	2	1	1	1	1	1	1	
4	1	1	1	1	1	1	1	1	
3	1	1	1	1	1	1	1	1	1	
2	1	1	1	1	1	1	1	1	1	1	
3	3	1	1	1	1	1	1	
3	2	2	1	1	1	1	1	
5	1	1	1	1	1	1	1	
2	2	2	2	1	1	1	1	
3	2	1	1	1	1	1	1	1	
8	1	1	1	1	
7	3	2	
5	2	1	1	1	1	1	
3	3	1	1	1	1	1	1	
2	2	2	1	1	1	1	1	1	
4	3	3	2	
3	2	2	1	1	1	1	1	
3	3	2	2	1	1	
4	2	2	1	1	1	1	
5	2	1	1	1	1	1	
3	2	2	1	1	1	1	1	
2	2	1	1	1	1	1	1	1	
3	3	1	1	1	1	1	
3	2	2	1	1	1	1	
2	2	1	1	1	1	1	1	1	
1	1	1	1	1	1	1	1	1	1	1	
5	3	1	1	1	
3	1	1	1	1	1	1	1	1	
7	2	1	1	
4	2	1	1	1	1	1	
4	2	2	1	1	1	
6	2	1	1	1	
3	1	1	1	1	1	1	1	1	
4	3	3	1	
6	2	1	1	1	
3	3	3	1	1	
3	2	1	1	1	1	1	1	
3	2	2	1	1	1	1	
11	
8	1	1	1	
4	2	1	1	1	1	1	
3	1	1	1	1	1	1	1	1	
6	2	1	1	1	
4	3	1	1	1	1	
6	2	1	1	1	
2	2	1	1	1	1	1	1	1	
5	1	1	1	1	1	1	
6	1	1	1	1	1	
6	1	1	1	1	1	
4	2	2	1	1	1	
2	1	1	1	1	1	1	1	1	1	
3	3	2	2	1	
2	2	2	1	1	1	1	1	
7	2	1	1	
5	3	1	1	1	
2	1	1	1	1	1	1	1	1	1	
6	2	1	1	1	
6	4	1	
2	2	1	1	1	1	1	1	1	
1	1	1	1	1	1	1	1	1	1	1	
4	3	1	1	1	1	
9	1	1	
3	1	1	1	1	1	1	1	1	
7	1	1	1	1	
3	2	2	1	1	1	1	
2	2	1	1	1	1	1	1	1	
6	2	1	1	1	
2	2	1	1	1	1	1	1	1	
4	2	2	1	1	1	
4	2	1	1	1	1	1	
5	1	1	1	1	1	1	
3	2	1	1	1	1	1	1	
7	1	1	1	1	
11	
8	2	1	
3	2	1	1	1	1	1	1	
2	2	1	1	1	1	1	1	1	
8	2	1	
6	3	1	1	
2	1	1	1	1	1	1	1	1	1	
3	1	1	1	1	1	1	1	1	
5	3	2	1	
6	2	1	1	1	
4	3	1	1	1	1	
4	2	2	1	1	1	
1	1	1	1	1	1	1	1	1	1	1	
5	3	1	1	1	
2	2	1	1	1	1	1	1	1	
4	4	1	1	1	
4	3	2	1	1	
3	3	1	1	1	1	1	
2	1	1	1	1	1	1	1	1	
3	1	1	1	1	1	1	1	
9	1	
10	
2	2	2	2	1	1	
2	2	1	1	1	1	1	1	
4	1	1	1	1	1	1	
4	1	1	1	1	1	1	
3	2	1	1	1	1	1	
10	
3	2	1	1	1	1	1	
2	2	1	1	1	1	1	1	
3	2	1	1	1	1	1	
1	1	1	1	1	1	1	1	1	1	
4	4	1	1	
2	1	1	1	1	1	1	1	1	
7	1	1	1	
1	1	1	1	1	1	1	1	1	1	
2	1	1	1	1	1	1	1	1	
7	1	1	1	
5	2	1	1	1	
5	1	1	1	1	1	
5	1	1	1	1	1	
4	3	1	1	1	
9	1	
2	1	1	1	1	1	1	1	1	
3	2	1	1	1	1	1	
7	1	1	1	
4	2	2	1	1	
4	1	1	1	1	1	1	
10	
5	2	1	1	1	
2	2	2	1	1	1	1	
1	1	1	1	1	1	1	1	1	1	
3	2	1	1	1	1	1	
4	2	2	1	1	
3	1	1	1	1	1	1	1	
1	1	1	1	1	1	1	1	1	1	
3	2	1	1	1	1	1	
2	2	1	1	1	1	1	1	
4	2	1	1	1	1	
2	1	1	1	1	1	1	1	1	
2	1	1	1	1	1	1	1	1	
3	2	2	1	1	1	
9	1	
4	1	1	1	1	1	1	
3	1	1	1	1	1	1	1	
3	2	1	1	1	1	1	
2	1	1	1	1	1	1	1	1	
4	1	1	1	1	1	1	
3	3	1	1	1	1	
2	1	1	1	1	1	1	1	1	
6	1	1	1	1	
5	3	1	1	
4	1	1	1	1	1	1	
6	1	1	1	1	
5	2	2	1	
3	2	1	1	1	1	1	
2	2	1	1	1	1	1	1	
6	2	1	1	
2	1	1	1	1	1	1	1	1	
3	1	1	1	1	1	1	1	
4	1	1	1	1	1	1	
1	1	1	1	1	1	1	1	1	1	
2	1	1	1	1	1	1	1	1	
8	2	
3	2	2	1	1	1	
2	2	1	1	1	1	1	1	
9	1	
6	2	1	1	
3	2	2	1	1	1	
1	1	1	1	1	1	1	1	1	1	
4	2	1	1	1	
3	2	1	1	1	1	
4	2	1	1	1	
2	1	1	1	1	1	1	1	
3	2	1	1	1	1	
4	2	1	1	1	
4	1	1	1	1	1	
7	1	1	
2	1	1	1	1	1	1	1	
2	2	2	1	1	1	
3	2	1	1	1	1	
6	1	1	1	
5	2	1	1	
5	2	1	1	
3	2	1	1	1	1	
9	
3	2	2	1	1	
4	2	1	1	1	
2	2	1	1	1	1	1	
2	1	1	1	1	1	1	1	
8	1	
5	2	1	1	
7	1	1	
4	1	1	1	1	1	
5	1	1	1	1	
2	2	1	1	1	1	1	
9	
3	1	1	1	1	1	1	
3	2	1	1	1	1	
3	2	1	1	1	1	
4	1	1	1	1	1	
6	2	1	
2	1	1	1	1	1	1	1	
4	3	1	1	
3	1	1	1	1	1	1	
6	2	1	
9	
3	1	1	1	1	1	1	
1	1	1	1	1	1	1	1	1	
3	2	2	1	1	
3	1	1	1	1	1	1	
7	1	1	
4	1	1	1	1	1	
2	2	2	1	1	1	
3	2	2	1	1	
9	
3	2	1	1	1	1	
2	1	1	1	1	1	1	1	
4	3	1	1	
3	2	1	1	1	1	
3	2	1	1	1	1	
5	2	1	1	
1	1	1	1	1	1	1	1	1	
3	3	2	1	
4	1	1	1	1	1	
2	2	1	1	1	1	1	
2	2	2	1	1	1	
2	1	1	1	1	1	1	1	
3	2	1	1	1	1	
6	2	1	
2	1	1	1	1	1	1	1	
6	1	1	1	
4	2	1	1	1	
1	1	1	1	1	1	1	1	1	
2	1	1	1	1	1	1	1	
1	1	1	1	1	1	1	1	1	
9	
3	3	2	1	
4	1	1	1	1	1	
4	3	1	1	
5	3	1	
8	1	
3	2	2	1	1	
3	2	1	1	1	1	
6	2	1	
2	2	1	1	1	1	1	
2	2	2	1	1	1	
4	1	1	1	1	1	
4	1	1	1	1	1	
1	1	1	1	1	1	1	1	1	
1	1	1	1	1	1	1	1	1	
5	1	1	1	1	
3	2	1	1	1	1	
3	2	1	1	1	1	
2	1	1	1	1	1	1	1	
2	2	1	1	1	1	1	
1	1	1	1	1	1	1	1	1	
2	2	2	1	1	1	
4	2	1	1	1	
6	2	1	
5	1	1	1	1	
7	1	1	
3	1	1	1	1	1	1	
2	1	1	1	1	1	1	1	
3	1	1	1	1	1	1	
9	
1	1	1	1	1	1	1	1	1	
2	1	1	1	1	1	1	1	
2	2	1	1	1	1	1	
2	1	1	1	1	1	1	1	
2	1	1	1	1	1	1	
4	1	1	1	1	
2	2	1	1	1	1	
6	1	1	
3	1	1	1	1	1	
2	2	2	1	1	
2	1	1	1	1	1	1	
4	2	1	1	
3	2	1	1	1	
1	1	1	1	1	1	1	1	
1	1	1	1	1	1	1	1	
2	1	1	1	1	1	1	
3	2	1	1	1	
3	1	1	1	1	1	
4	1	1	1	1	
1	1	1	1	1	1	1	1	
3	2	2	1	
4	3	1	
2	1	1	1	1	1	1	
3	2	1	1	1	
1	1	1	1	1	1	1	1	
3	3	2	
3	3	2	
2	2	1	1	1	1	
2	1	1	1	1	1	1	
2	2	1	1	1	1	
4	2	1	1	
3	1	1	1	1	1	
6	1	1	
4	1	1	1	1	
7	1	
3	2	1	1	1	
4	1	1	1	1	
4	2	1	1	
1	1	1	1	1	1	1	1	
1	1	1	1	1	1	1	1	
5	2	1	
3	2	2	1	
2	1	1	1	1	1	1	
5	1	1	1	
3	1	1	1	1	1	
4	1	1	1	1	
4	2	1	1	
1	1	1	1	1	1	1	1	
3	1	1	1	1	1	
2	1	1	1	1	1	1	
3	2	1	1	1	
7	1	
1	1	1	1	1	1	1	1	
5	1	1	1	
6	1	1	
2	2	1	1	1	1	
3	1	1	1	1	1	
2	1	1	1	1	1	1	
4	1	1	1	1	
3	3	2	
2	2	1	1	1	1	
3	2	1	1	1	
1	1	1	1	1	1	1	1	
2	1	1	1	1	1	1	
4	2	1	1	
2	1	1	1	1	1	1	
2	2	2	1	1	
5	2	1	
4	2	1	1	
3	3	1	1	
2	2	1	1	1	1	
2	2	1	1	1	1	
5	2	1	
2	1	1	1	1	1	1	
2	2	1	1	1	1	
6	2	
2	2	2	1	1	
6	1	1	
4	2	1	1	
2	2	2	1	1	
4	1	1	1	1	
2	2	1	1	1	1	
3	3	1	1	
3	1	1	1	1	1	
7	1	
2	2	2	1	1	
2	2	1	1	1	1	
2	1	1	1	1	1	1	
2	1	1	1	1	1	1	
2	2	1	1	1	1	
3	1	1	1	1	1	
5	1	1	1	
3	3	1	1	
3	1	1	1	1	1	
3	2	1	1	1	
3	2	1	1	1	
2	2	1	1	1	1	
2	2	1	1	1	1	
3	2	2	1	
6	1	1	
3	1	1	1	1	1	
4	3	1	
5	2	1	
2	2	1	1	1	1	
2	2	1	1	1	1	
4	3	1	
2	2	2	1	1	
2	1	1	1	1	1	1	
3	2	2	1	
3	2	1	1	1	
2	2	2	1	1	
4	2	1	1	
2	1	1	1	1	1	1	
3	2	2	1	
2	1	1	1	1	1	1	
3	1	1	1	1	1	
2	1	1	1	1	1	1	
4	1	1	1	1	
6	1	1	
1	1	1	1	1	1	1	1	
2	2	1	1	1	1	
2	1	1	1	1	1	1	
3	1	1	1	1	
4	2	1	
3	2	1	1	
3	2	1	1	
4	1	1	1	
3	2	1	1	
3	1	1	1	1	
2	1	1	1	1	1	
3	1	1	1	1	
2	2	2	1	
2	2	1	1	1	
4	1	1	1	
4	1	1	1	
2	2	1	1	1	
2	1	1	1	1	1	
2	1	1	1	1	1	
3	2	1	1	
3	2	1	1	
3	2	1	1	
2	2	2	1	
3	2	1	1	
4	1	1	1	
3	1	1	1	1	
2	1	1	1	1	1	
6	1	
4	2	1	
4	2	1	
5	1	1	
2	1	1	1	1	1	
3	1	1	1	1	
3	1	1	1	1	
3	1	1	1	1	
3	2	1	1	
2	2	1	1	1	
6	1	
2	1	1	1	1	1	
3	2	1	1	
5	1	1	
5	1	1	
2	1	1	1	1	1	
1	1	1	1	1	1	1	
2	1	1	1	1	1	
2	1	1	1	1	1	
3	1	1	1	1	
3	1	1	1	1	
2	2	1	1	1	
3	2	1	1	
3	1	1	1	1	
2	1	1	1	1	1	
2	2	1	1	1	
2	1	1	1	1	1	
2	1	1	1	1	1	
4	3	
4	2	1	
4	2	1	
3	1	1	1	1	
4	2	1	
1	1	1	1	1	1	1	
3	1	1	1	1	
1	1	1	1	1	1	1	
2	2	1	1	1	
3	1	1	1	1	
3	3	1	
5	1	1	
2	1	1	1	1	1	
1	1	1	1	1	1	1	
5	1	1	
2	2	1	1	1	
4	1	1	1	
3	1	1	1	1	
4	1	1	1	
1	1	1	1	1	1	1	
2	1	1	1	1	1	
3	1	1	1	1	
5	1	1	
2	1	1	1	1	1	
2	1	1	1	1	1	
3	1	1	1	1	
3	1	1	1	1	
3	1	1	1	1	
4	1	1	1	
4	1	1	1	
3	2	1	1	
1	1	1	1	1	1	1	
3	1	1	1	1	
4	1	1	1	
1	1	1	1	1	1	1	
2	1	1	1	1	1	
2	1	1	1	1	1	
2	1	1	1	1	1	
2	2	1	1	1	
3	2	1	1	
2	2	1	1	1	
2	1	1	1	1	1	
2	2	1	1	1	
3	1	1	1	1	
3	1	1	1	1	
1	1	1	1	1	1	1	
6	1	
2	2	1	1	1	
5	1	1	
2	2	1	1	1	
2	1	1	1	1	1	
1	1	1	1	1	1	1	
2	2	1	1	1	
1	1	1	1	1	1	1	
2	2	1	1	1	
4	1	1	1	
2	1	1	1	1	1	
1	1	1	1	1	1	1	
5	1	1	
3	1	1	1	1	
3	2	1	1	
3	1	1	1	1	
3	1	1	1	1	
4	1	1	1	
5	2	
5	1	1	
2	1	1	1	1	1	
3	3	1	
2	2	1	1	1	
6	1	
2	1	1	1	1	1	
1	1	1	1	1	1	1	
6	1	
2	2	1	1	1	
2	2	1	1	1	
1	1	1	1	1	1	1	
2	1	1	1	1	1	
3	1	1	1	1	
1	1	1	1	1	1	1	
2	1	1	1	1	1	
2	1	1	1	1	1	
4	1	1	1	
1	1	1	1	1	1	1	
3	2	1	1	
6	1	
4	1	1	1	
2	2	1	1	1	
4	1	1	1	
1	1	1	1	1	1	1	
4	1	1	1	
3	2	1	1	
5	1	1	
6	1	
1	1	1	1	1	1	
3	1	1	1	
1	1	1	1	1	1	
3	1	1	1	
2	2	1	1	
4	1	1	
2	1	1	1	1	
2	1	1	1	1	
2	1	1	1	1	
2	1	1	1	1	
1	1	1	1	1	1	
2	1	1	1	1	
3	1	1	1	
3	1	1	1	
4	1	1	
2	1	1	1	1	
2	1	1	1	1	
4	1	1	
2	2	1	1	
2	1	1	1	1	
4	1	1	
4	2	
1	1	1	1	1	1	
5	1	
1	1	1	1	1	1	
3	1	1	1	
1	1	1	1	1	1	
2	2	1	1	
3	1	1	1	
3	1	1	1	
3	1	1	1	
4	1	1	
2	1	1	1	1	
4	1	1	
2	1	1	1	1	
1	1	1	1	1	1	
3	2	1	
4	1	1	
6	
2	1	1	1	1	
3	2	1	
3	2	1	
2	1	1	1	1	
3	1	1	1	
1	1	1	1	1	1	
3	2	1	
1	1	1	1	1	1	
3	1	1	1	
4	1	1	
4	1	1	
3	2	1	
1	1	1	1	1	1	
5	1	
1	1	1	1	1	1	
1	1	1	1	1	1	
1	1	1	1	1	1	
1	1	1	1	1	1	
4	1	1	
1	1	1	1	1	1	
1	1	1	1	1	1	
2	1	1	1	1	
2	2	1	1	
2	2	2	
1	1	1	1	1	1	
2	1	1	1	1	
3	1	1	1	
3	3	
2	1	1	1	1	
1	1	1	1	1	1	
4	1	1	
1	1	1	1	1	1	
1	1	1	1	1	1	
2	1	1	1	1	
2	2	2	
2	2	1	1	
2	1	1	1	1	
2	1	1	1	1	
2	1	1	1	1	
2	1	1	1	1	
1	1	1	1	1	1	
2	1	1	1	1	
1	1	1	1	1	1	
3	1	1	1	
1	1	1	1	1	1	
2	2	1	1	
4	1	1	
2	2	2	
1	1	1	1	1	1	
1	1	1	1	1	1	
2	1	1	1	1	
2	1	1	1	1	
3	2	1	
2	1	1	1	1	
2	1	1	1	1	
2	2	1	1	
4	1	1	
1	1	1	1	1	1	
3	1	1	1	
1	1	1	1	1	1	
3	1	1	1	
4	2	
3	1	1	1	
2	2	1	1	
1	1	1	1	1	1	
5	1	
2	2	1	1	
1	1	1	1	1	1	
3	2	1	
2	1	1	1	1	
4	1	1	
3	2	1	
2	1	1	1	1	
1	1	1	1	1	1	
2	1	1	1	1	
2	2	1	1	
1	1	1	1	1	1	
3	1	1	1	
1	1	1	1	1	1	
2	2	1	1	
3	2	1	
2	1	1	1	1	
1	1	1	1	1	1	
4	1	1	
1	1	1	1	1	1	
3	2	1	
6	
1	1	1	1	1	1	
2	2	1	1	
3	2	1	
4	1	1	
1	1	1	1	1	1	
3	2	1	
2	2	1	1	
2	2	1	1	
1	1	1	1	1	1	
2	1	1	1	1	
3	1	1	1	
2	1	1	1	1	
2	1	1	1	1	
3	1	1	1	
2	1	1	1	1	
4	2	
2	2	1	1	
2	1	1	1	1	
4	1	1	
3	1	1	1	
2	2	1	1	
2	2	1	1	
1	1	1	1	1	1	
2	1	1	1	1	
5	1	
1	1	1	1	1	1	
2	1	1	1	1	
1	1	1	1	1	1	
4	1	1	
2	2	1	1	
5	1	
2	1	1	1	1	
1	1	1	1	1	1	
2	2	1	1	
5	1	
2	1	1	1	1	
1	1	1	1	1	1	
1	1	1	1	1	1	
4	1	1	
3	1	1	1	
2	1	1	1	1	
2	1	1	1	1	
2	1	1	1	1	
3	2	1	
1	1	1	1	1	1	
4	2	
6	
2	1	1	1	1	
3	2	1	
2	1	1	1	1	
2	1	1	1	1	
3	2	1	
2	1	1	1	1	
3	1	1	1	
6	
2	2	1	1	
4	1	1	
2	1	1	1	1	
6	
2	1	1	1	1	
4	2	
2	1	1	1	1	
1	1	1	1	1	1	
2	2	1	
1	1	1	1	1	
5	
1	1	1	1	1	
3	1	1	
1	1	1	1	1	
1	1	1	1	1	
2	1	1	1	
1	1	1	1	1	
2	2	1	
2	1	1	1	
4	1	
1	1	1	1	1	
2	2	1	
2	2	1	
1	1	1	1	1	
1	1	1	1	1	
2	2	1	
2	1	1	1	
5	
4	1	
2	1	1	1	
3	1	1	
1	1	1	1	1	
5	
2	1	1	1	
4	1	
2	1	1	1	
1	1	1	1	1	
1	1	1	1	1	
2	1	1	1	
1	1	1	1	1	
2	1	1	1	
2	2	1	
5	
4	1	
2	1	1	1	
2	1	1	1	
2	1	1	1	
2	1	1	1	
1	1	1	1	1	
1	1	1	1	1	
4	1	
1	1	1	1	1	
3	2	
3	2	
1	1	1	1	1	
2	2	1	
1	1	1	1	1	
2	1	1	1	
1	1	1	1	1	
3	1	1	
5	
2	1	1	1	
5	
2	2	1	
1	1	1	1	1	
2	1	1	1	
2	1	1	1	
1	1	1	1	1	
2	1	1	1	
1	1	1	1	1	
2	1	1	1	
1	1	1	1	1	
2	2	1	
4	1	
2	1	1	1	
2	1	1	1	
1	1	1	1	1	
4	1	
2	1	1	1	
2	1	1	1	
2	1	1	1	
3	2	
2	1	1	1	
1	1	1	1	1	
1	1	1	1	1	
2	2	1	
2	2	1	
2	2	1	
2	1	1	1	
2	1	1	1	
2	1	1	1	
3	1	1	
1	1	1	1	1	
2	1	1	1	
3	1	1	
1	1	1	1	1	
3	1	1	
2	1	1	1	
2	2	1	
1	1	1	1	1	
2	1	1	1	
2	1	1	1	
1	1	1	1	1	
4	1	
4	1	
1	1	1	1	1	
1	1	1	1	1	
2	1	1	1	
4	1	
2	1	1	1	
2	1	1	1	
1	1	1	1	1	
5	
1	1	1	1	1	
3	1	1	
2	1	1	1	
1	1	1	1	1	
2	1	1	1	
2	1	1	1	
2	1	1	1	
4	1	
1	1	1	1	1	
3	2	
1	1	1	1	1	
1	1	1	1	1	
2	2	1	
5	
2	1	1	1	
5	
4	1	
1	1	1	1	1	
3	1	1	
2	1	1	1	
3	2	
2	1	1	1	
2	1	1	1	
2	1	1	1	
4	1	
3	1	1	
4	1	
2	2	1	
3	1	1	
1	1	1	1	1	
2	2	1	
2	1	1	1	
1	1	1	1	1	
2	1	1	1	
1	1	1	1	1	
2	1	1	1	
2	1	1	1	
4	1	
1	1	1	1	1	
2	2	1	
5	
1	1	1	1	1	
2	1	1	1	
2	1	1	1	
4	1	
4	1	
2	1	1	1	
2	1	1	1	
2	1	1	1	
2	1	1	1	
3	1	1	
3	1	1	
2	1	1	1	
3	1	1	
2	1	1	1	
5	
2	2	1	
1	1	1	1	1	
1	1	1	1	1	
4	1	
4	1	
4	1	
3	1	1	
1	1	1	1	1	
2	1	1	1	
3	1	1	
3	1	1	
2	2	1	
5	
4	1	
2	1	1	1	
3	1	1	
2	2	1	
1	1	1	1	1	
2	2	1	
3	1	1	
1	1	1	1	1	
1	1	1	1	1	
3	1	1	
1	1	1	1	1	
5	
2	1	1	1	
1	1	1	1	1	
2	2	1	
2	1	1	1	
3	1	1	
2	1	1	1	
4	1	
2	1	1	1	
1	1	1	1	1	
3	1	1	
2	1	1	1	
3	2	
5	
2	1	1	1	
2	1	1	1	
3	1	1	
2	1	1	1	
2	1	1	1	
4	1	
5	
1	1	1	1	1	
2	1	1	1	
3	1	1	
2	1	1	1	
2	1	1	1	
1	1	1	1	1	
2	1	1	1	
1	1	1	1	1	
2	1	1	1	
3	1	1	
1	1	1	1	1	
2	1	1	1	
2	2	1	
2	1	1	1	
2	2	1	
1	1	1	1	1	
2	1	1	1	
3	1	1	
1	1	1	1	1	
2	1	1	1	
4	1	
1	1	1	1	1	
5	
3	2	
2	1	1	1	
2	1	1	1	
1	1	1	1	1	
2	1	1	1	
2	1	1	1	
2	1	1	1	
2	1	1	1	
3	1	1	
2	1	1	1	
1	1	1	1	1	
3	2	
3	1	1	
4	1	
4	1	
4	1	
4	1	
2	1	1	1	
2	1	1	1	
2	1	1	1	
4	1	
2	1	1	1	
3	1	1	
2	1	1	1	
1	1	1	1	1	
2	1	1	1	
2	1	1	1	
4	1	
1	1	1	1	1	
2	2	1	
2	2	1	
5	
1	1	1	1	1	
5	
3	1	1	
1	1	1	1	1	
1	1	1	1	1	
2	1	1	1	
2	1	1	1	
2	1	1	1	
3	1	1	
3	2	
2	1	1	1	
3	2	
1	1	1	1	1	
2	1	1	1	
2	1	1	1	
3	1	1	
3	1	1	
5	
1	1	1	1	
1	1	1	1	
3	1	
3	1	
1	1	1	1	
2	1	1	
2	1	1	
2	1	1	
2	1	1	
2	2	
1	1	1	1	
2	1	1	
2	1	1	
2	1	1	
1	1	1	1	
2	1	1	
2	2	
2	1	1	
3	1	
1	1	1	1	
2	1	1	
1	1	1	1	
1	1	1	1	
1	1	1	1	
2	1	1	
3	1	
2	2	
3	1	
1	1	1	1	
1	1	1	1	
1	1	1	1	
1	1	1	1	
2	2	
4	
2	1	1	
2	1	1	
3	1	
4	
1	1	1	1	
1	1	1	1	
3	1	
2	1	1	
4	
1	1	1	1	
2	1	1	
2	1	1	
1	1	1	1	
2	2	
1	1	1	1	
2	1	1	
2	1	1	
1	1	1	1	
3	1	
3	1	
1	1	1	1	
2	1	1	
2	1	1	
4	
2	1	1	
2	1	1	
2	1	1	
1	1	1	1	
3	1	
1	1	1	1	
3	1	
1	1	1	1	
2	1	1	
4	
2	1	1	
1	1	1	1	
2	1	1	
1	1	1	1	
1	1	1	1	
4	
2	1	1	
3	1	
1	1	1	1	
3	1	
2	1	1	
3	1	
2	1	1	
3	1	
2	1	1	
2	1	1	
4	
3	1	
1	1	1	1	
2	1	1	
1	1	1	1	
1	1	1	1	
2	1	1	
2	1	1	
1	1	1	1	
2	1	1	
1	1	1	1	
2	1	1	
1	1	1	1	
2	1	1	
4	
2	1	1	
1	1	1	1	
1	1	1	1	
2	1	1	
1	1	1	1	
2	1	1	
2	1	1	
2	1	1	
4	
2	2	
2	1	1	
2	1	1	
3	1	
2	1	1	
1	1	1	1	
2	1	1	
1	1	1	1	
3	1	
1	1	1	1	
1	1	1	1	
2	1	1	
1	1	1	1	
2	2	
3	1	
1	1	1	1	
1	1	1	1	
1	1	1	1	
3	1	
2	1	1	
2	1	1	
1	1	1	1	
2	1	1	
2	1	1	
2	1	1	
3	1	
2	1	1	
2	1	1	
2	2	
2	1	1	
2	1	1	
2	1	1	
1	1	1	1	
1	1	1	1	
4	
3	1	
2	1	1	
1	1	1	1	
1	1	1	1	
1	1	1	1	
3	1	
1	1	1	1	
1	1	1	1	
1	1	1	1	
4	
1	1	1	1	
1	1	1	1	
2	1	1	
4	
1	1	1	1	
1	1	1	1	
3	1	
1	1	1	1	
1	1	1	1	
3	1	
1	1	1	1	
2	1	1	
4	
2	1	1	
2	1	1	
2	1	1	
3	1	
1	1	1	1	
2	1	1	
1	1	1	1	
4	
1	1	1	1	
2	1	1	
1	1	1	1	
2	1	1	
2	1	1	
1	1	1	1	
2	1	1	
2	1	1	
3	1	
1	1	1	1	
1	1	1	1	
2	1	1	
2	1	1	
2	1	1	
2	1	1	
3	1	
3	1	
2	1	1	
2	1	1	
1	1	1	1	
2	2	
4	
2	1	1	
1	1	1	1	
2	1	1	
2	1	1	
1	1	1	1	
4	
1	1	1	1	
1	1	1	1	
2	2	
4	
4	
1	1	1	1	
2	1	1	
2	1	1	
1	1	1	1	
1	1	1	1	
1	1	1	1	
1	1	1	1	
4	
4	
1	1	1	1	
4	
4	
1	1	1	1	
3	1	
2	1	1	
1	1	1	1	
1	1	1	1	
2	1	1	
3	1	
2	1	1	
1	1	1	1	
1	1	1	1	
2	2	
2	1	1	
3	1	
1	1	1	1	
2	1	1	
1	1	1	1	
2	2	
2	1	1	
2	2	
1	1	1	1	
1	1	1	1	
3	1	
4	
2	1	1	
1	1	1	1	
1	1	1	1	
2	1	1	
2	1	1	
1	1	1	1	
1	1	1	1	
1	1	1	1	
2	1	1	
2	1	1	
1	1	1	1	
2	1	1	
1	1	1	1	
2	1	1	
1	1	1	1	
4	
3	1	
1	1	1	1	
2	1	1	
1	1	1	1	
1	1	1	1	
4	
2	1	1	
1	1	1	1	
4	
1	1	1	1	
1	1	1	1	
1	1	1	1	
1	1	1	1	
1	1	1	1	
2	1	1	
1	1	1	1	
2	1	1	
1	1	1	1	
1	1	1	1	
2	1	1	
2	1	1	
4	
2	2	
1	1	1	1	
2	1	1	
2	1	1	
2	1	1	
3	1	
1	1	1	1	
3	1	
1	1	1	1	
2	1	1	
3	1	
1	1	1	1	
4	
1	1	1	1	
2	1	1	
2	1	1	
2	2	
1	1	1	1	
2	1	1	
4	
1	1	1	1	
1	1	1	1	
2	1	1	
2	1	1	
1	1	1	1	
1	1	1	1	
4	
1	1	1	1	
4	
2	1	1	
4	
2	2	
3	1	
2	1	1	
1	1	1	1	
2	1	1	
2	1	1	
1	1	1	1	
1	1	1	1	
2	2	
1	1	1	1	
2	1	1	
2	1	1	
1	1	1	1	
1	1	1	1	
2	1	1	
1	1	1	1	
1	1	1	1	
2	2	
1	1	1	1	
3	1	
1	1	1	1	
2	1	1	
3	1	
2	1	1	
1	1	1	1	
1	1	1	1	
2	1	1	
3	1	
2	1	1	
2	1	1	
1	1	1	1	
1	1	1	1	
1	1	1	1	
1	1	1	1	
4	
2	1	1	
2	2	
2	2	
1	1	1	1	
1	1	1	1	
4	
1	1	1	1	
2	1	1	
4	
2	1	1	
3	1	
2	1	1	
2	1	1	
2	1	1	
2	1	1	
2	1	1	
3	1	
3	1	
4	
2	1	1	
2	1	1	
1	1	1	1	
3	1	
2	1	1	
2	1	1	
1	1	1	1	
2	1	1	
1	1	1	1	
1	1	1	1	
2	1	1	
2	1	1	
3	1	
2	1	1	
3	1	
2	1	1	
1	1	1	1	
2	1	1	
2	1	1	
2	1	1	
1	1	1	1	
1	1	1	1	
1	1	1	1	
2	1	1	
1	1	1	1	
2	1	1	
1	1	1	1	
1	1	1	1	
2	1	1	
2	1	1	
2	1	1	
2	1	1	
3	1	
1	1	1	1	
2	1	1	
1	1	1	1	
2	2	
1	1	1	1	
3	1	
2	1	1	
1	1	1	1	
1	1	1	1	
1	1	1	1	
2	1	1	
2	2	
1	1	1	1	
1	1	1	1	
1	1	1	1	
3	1	
4	
2	1	1	
3	1	
1	1	1	1	
1	1	1	1	
1	1	1	1	
2	1	
1	1	1	
2	1	
1	1	1	
1	1	1	
1	1	1	
1	1	1	
1	1	1	
1	1	1	
2	1	
2	1	
1	1	1	
2	1	
1	1	1	
1	1	1	
3	
2	1	
1	1	1	
3	
2	1	
1	1	1	
2	1	
1	1	1	
2	1	
3	
1	1	1	
2	1	
2	1	
3	
2	1	
1	1	1	
2	1	
1	1	1	
1	1	1	
2	1	
1	1	1	
1	1	1	
1	1	1	
1	1	1	
1	1	1	
1	1	1	
1	1	1	
1	1	1	
1	1	1	
3	
1	1	1	
3	
1	1	1	
2	1	
1	1	1	
1	1	1	
2	1	
1	1	1	
1	1	1	
2	1	
2	1	
1	1	1	
2	1	
3	
2	1	
2	1	
1	1	1	
1	1	1	
2	1	
1	1	1	
2	1	
1	1	1	
3	
1	1	1	
2	1	
1	1	1	
3	
1	1	1	
2	1	
1	1	1	
1	1	1	
1	1	1	
2	1	
2	1	
3	
1	1	1	
1	1	1	
1	1	1	
1	1	1	
1	1	1	
2	1	
3	
1	1	1	
1	1	1	
2	1	
2	1	
2	1	
3	
1	1	1	
1	1	1	
3	
1	1	1	
1	1	1	
2	1	
1	1	1	
1	1	1	
1	1	1	
2	1	
1	1	1	
3	
1	1	1	
1	1	1	
1	1	1	
2	1	
3	
2	1	
1	1	1	
1	1	1	
2	1	
3	
1	1	1	
1	1	1	
2	1	
1	1	1	
2	1	
1	1	1	
1	1	1	
1	1	1	
1	1	1	
1	1	1	
2	1	
1	1	1	
1	1	1	
1	1	1	
1	1	1	
2	1	
2	1	
3	
2	1	
2	1	
1	1	1	
1	1	1	
2	1	
2	1	
2	1	
1	1	1	
1	1	1	
1	1	1	
1	1	1	
2	1	
2	1	
1	1	1	
2	1	
1	1	1	
1	1	1	
1	1	1	
1	1	1	
2	1	
2	1	
1	1	1	
1	1	1	
1	1	1	
1	1	1	
2	1	
1	1	1	
1	1	1	
1	1	1	
2	1	
1	1	1	
1	1	1	
2	1	
2	1	
1	1	1	
1	1	1	
1	1	1	
1	1	1	
2	1	
1	1	1	
3	
2	1	
1	1	1	
1	1	1	
2	1	
1	1	1	
2	1	
2	1	
2	1	
2	1	
1	1	1	
2	1	
1	1	1	
3	
2	1	
2	1	
1	1	1	
1	1	1	
1	1	1	
2	1	
1	1	1	
2	1	
3	
1	1	1	
2	1	
2	1	
1	1	1	
1	1	1	
2	1	
2	1	
1	1	1	
1	1	1	
3	
1	1	1	
1	1	1	
2	1	
2	1	
2	1	
1	1	1	
2	1	
2	1	
1	1	1	
1	1	1	
2	1	
2	1	
2	1	
2	1	
2	1	
1	1	1	
1	1	1	
1	1	1	
2	1	
1	1	1	
2	1	
1	1	1	
1	1	1	
3	
2	1	
3	
1	1	1	
1	1	1	
2	1	
1	1	1	
2	1	
1	1	1	
1	1	1	
1	1	1	
2	1	
2	1	
3	
1	1	1	
2	1	
3	
1	1	1	
1	1	1	
2	1	
2	1	
1	1	1	
3	
2	1	
1	1	1	
2	1	
3	
2	1	
2	1	
1	1	1	
1	1	1	
1	1	1	
1	1	1	
2	1	
1	1	1	
1	1	1	
1	1	1	
2	1	
1	1	1	
3	
1	1	1	
1	1	1	
3	
1	1	1	
1	1	1	
3	
1	1	1	
1	1	1	
1	1	1	
2	1	
2	1	
2	1	
1	1	1	
2	1	
2	1	
2	1	
1	1	1	
1	1	1	
2	1	
1	1	1	
2	1	
1	1	1	
2	1	
1	1	1	
1	1	1	
1	1	1	
3	
2	1	
2	1	
2	1	
2	1	
2	1	
1	1	1	
1	1	1	
3	
1	1	1	
1	1	1	
1	1	1	
1	1	1	
2	1	
1	1	1	
1	1	1	
1	1	1	
3	
3	
1	1	1	
2	1	
1	1	1	
3	
3	
2	1	
3	
1	1	1	
1	1	1	
1	1	1	
1	1	1	
3	
1	1	1	
3	
1	1	1	
2	1	
3	
2	1	
1	1	1	
1	1	1	
2	1	
1	1	1	
3	
1	1	1	
1	1	1	
1	1	1	
1	1	1	
1	1	1	
1	1	1	
1	1	1	
2	1	
3	
2	1	
2	1	
1	1	1	
2	1	
2	1	
2	1	
1	1	1	
1	1	1	
1	1	1	
1	1	1	
2	1	
1	1	1	
1	1	1	
1	1	1	
2	1	
2	1	
3	
2	1	
2	1	
2	1	
2	1	
2	1	
1	1	1	
2	1	
3	
1	1	1	
2	1	
2	1	
3	
3	
1	1	1	
2	1	
1	1	1	
2	1	
2	1	
1	1	1	
1	1	1	
1	1	1	
2	1	
2	1	
1	1	1	
3	
2	1	
1	1	1	
3	
3	
2	1	
1	1	1	
1	1	1	
3	
1	1	1	
2	1	
1	1	1	
2	1	
1	1	1	
1	1	1	
2	1	
2	1	
1	1	1	
1	1	1	
1	1	1	
3	
2	1	
3	
1	1	1	
3	
1	1	1	
1	1	1	
1	1	1	
1	1	1	
1	1	1	
1	1	1	
1	1	1	
1	1	1	
2	1	
3	
1	1	1	
1	1	1	
3	
1	1	1	
2	1	
1	1	1	
2	1	
2	1	
1	1	1	
2	1	
1	1	1	
1	1	1	
2	1	
1	1	1	
1	1	1	
2	1	
3	
1	1	1	
1	1	1	
2	1	
1	1	1	
1	1	1	
2	1	
2	1	
2	1	
2	1	
1	1	1	
2	1	
1	1	1	
1	1	1	
2	1	
2	1	
1	1	1	
2	1	
2	1	
1	1	1	
2	1	
2	1	
1	1	1	
1	1	1	
1	1	1	
1	1	1	
2	1	
1	1	1	
2	1	
1	1	1	
1	1	1	
1	1	1	
3	
2	1	
1	1	1	
1	1	1	
3	
1	1	1	
1	1	1	
2	1	
2	1	
2	1	
3	
2	1	
1	1	1	
1	1	1	
3	
1	1	1	
3	
1	1	1	
2	1	
3	
1	1	1	
2	1	
3	
2	1	
1	1	1	
2	1	
1	1	1	
2	1	
1	1	1	
1	1	1	
2	1	
2	1	
1	1	1	
2	1	
1	1	1	
2	1	
1	1	1	
1	1	1	
3	
3	
1	1	1	
2	1	
2	1	
2	1	
1	1	1	
1	1	1	
1	1	1	
2	1	
1	1	1	
1	1	1	
3	
1	1	1	
2	1	
1	1	1	
2	1	
1	1	1	
3	
1	1	1	
2	1	
1	1	1	
2	1	
1	1	1	
1	1	1	
2	1	
3	
2	1	
2	1	
3	
1	1	1	
2	1	
2	1	
2	1	
2	1	
1	1	1	
3	
3	
3	
2	1	
2	1	
1	1	1	
2	1	
2	1	
3	
1	1	1	
2	1	
1	1	1	
2	1	
3	
1	1	1	
2	1	
1	1	1	
1	1	1	
2	1	
2	1	
2	1	
1	1	1	
1	1	1	
1	1	1	
3	
3	
2	1	
1	1	1	
1	1	1	
2	1	
1	1	1	
1	1	1	
2	1	
1	1	1	
1	1	1	
1	1	1	
1	1	1	
2	1	
1	1	1	
1	1	1	
3	
3	
1	1	1	
1	1	1	
2	1	
1	1	1	
2	1	
1	1	1	
2	1	
2	1	
1	1	1	
2	1	
3	
1	1	1	
3	
1	1	1	
2	1	
2	1	
2	1	
3	
3	
2	1	
1	1	1	
1	1	1	
3	
3	
1	1	1	
3	
1	1	1	
2	1	
1	1	1	
2	1	
2	1	
2	1	
1	1	1	
2	1	
1	1	1	
2	1	
1	1	1	
3	
1	1	1	
1	1	1	
3	
1	1	1	
1	1	1	
2	1	
1	1	1	
1	1	1	
3	
1	1	1	
3	
1	1	1	
3	
2	1	
1	1	1	
1	1	1	
3	
3	
2	1	
2	1	
2	1	
1	1	1	
2	1	
1	1	1	
1	1	1	
1	1	1	
2	1	
1	1	1	
3	
2	1	
2	1	
1	1	1	
3	
1	1	1	
2	1	
3	
1	1	1	
2	1	
2	1	
1	1	1	
1	1	1	
2	1	
1	1	1	
2	1	
2	1	
2	1	
1	1	1	
1	1	1	
2	1	
1	1	1	
1	1	1	
2	1	
1	1	1	
1	1	1	
2	
1	1	
1	1	
2	
1	1	
2	
1	1	
2	
2	
1	1	
2	
2	
1	1	
1	1	
1	1	
1	1	
2	
2	
1	1	
1	1	
1	1	
1	1	
2	
1	1	
2	
1	1	
2	
1	1	
1	1	
1	1	
1	1	
1	1	
2	
2	
1	1	
1	1	
1	1	
1	1	
1	1	
1	1	
1	1	
2	
1	1	
2	
1	1	
1	1	
2	
2	
1	1	
2	
2	
1	1	
1	1	
1	1	
2	
2	
1	1	
1	1	
2	
1	1	
1	1	
2	
1	1	
1	1	
1	1	
1	1	
2	
2	
1	1	
2	
1	1	
1	1	
2	
2	
1	1	
1	1	
1	1	
1	1	
1	1	
1	1	
2	
1	1	
1	1	
1	1	
1	1	
2	
1	1	
1	1	
1	1	
1	1	
1	1	
1	1	
1	1	
1	1	
1	1	
1	1	
1	1	
1	1	
2	
2	
2	
1	1	
1	1	
1	1	
2	
1	1	
1	1	
1	1	
1	1	
1	1	
2	
1	1	
2	
2	
2	
1	1	
1	1	
2	
1	1	
2	
1	1	
1	1	
2	
1	1	
2	
2	
1	1	
2	
2	
1	1	
1	1	
1	1	
1	1	
1	1	
1	1	
1	1	
2	
1	1	
2	
1	1	
1	1	
1	1	
2	
1	1	
1	1	
2	
2	
1	1	
2	
1	1	
1	1	
2	
2	
1	1	
1	1	
1	1	
2	
1	1	
1	1	
1	1	
2	
1	1	
2	
1	1	
1	1	
1	1	
1	1	
2	
1	1	
2	
1	1	
1	1	
2	
2	
1	1	
1	1	
1	1	
2	
2	
1	1	
1	1	
1	1	
1	1	
1	1	
2	
1	1	
2	
1	1	
1	1	
1	1	
2	
1	1	
1	1	
2	
2	
2	
2	
1	1	
1	1	
2	
1	1	
2	
1	1	
1	1	
1	1	
2	
2	
1	1	
2	
1	1	
1	1	
1	1	
2	
1	1	
1	1	
1	1	
2	
1	1	
1	1	
1	1	
1	1	
1	1	
2	
1	1	
1	1	
1	1	
2	
1	1	
1	1	
2	
2	
2	
1	1	
1	1	
2	
1	1	
1	1	
1	1	
1	1	
1	1	
1	1	
1	1	
1	1	
2	
1	1	
2	
1	1	
1	1	
1	1	
1	1	
2	
1	1	
1	1	
1	1	
1	1	
1	1	
1	1	
2	
1	1	
1	1	
1	1	
1	1	
1	1	
2	
2	
1	1	
1	1	
2	
1	1	
2	
1	1	
1	1	
1	1	
1	1	
1	1	
2	
1	1	
2	
1	1	
1	1	
2	
1	1	
1	1	
1	1	
2	
1	1	
1	1	
1	1	
2	
2	
1	1	
2	
1	1	
2	
1	1	
2	
1	1	
2	
1	1	
2	
1	1	
2	
1	1	
2	
2	
1	1	
1	1	
1	1	
2	
1	1	
1	1	
1	1	
2	
1	1	
1	1	
2	
2	
1	1	
1	1	
2	
1	1	
1	1	
2	
1	1	
1	1	
2	
1	1	
2	
1	1	
2	
1	1	
1	1	
2	
2	
1	1	
1	1	
1	1	
1	1	
2	
1	1	
1	1	
1	1	
1	1	
2	
2	
1	1	
1	1	
1	1	
1	1	
1	1	
2	
1	1	
1	1	
1	1	
2	
2	
2	
1	1	
1	1	
1	1	
2	
2	
2	
1	1	
1	1	
1	1	
1	1	
2	
1	1	
2	
1	1	
1	1	
2	
1	1	
1	1	
2	
1	1	
2	
1	1	
1	1	
2	
2	
1	1	
1	1	
1	1	
1	1	
1	1	
1	1	
1	1	
2	
1	1	
1	1	
1	1	
1	1	
1	1	
1	1	
1	1	
1	1	
1	1	
2	
1	1	
2	
1	1	
2	
1	1	
1	1	
2	
1	1	
2	
1	1	
2	
2	
2	
1	1	
1	1	
1	1	
1	1	
2	
1	1	
1	1	
2	
1	1	
1	1	
1	1	
2	
1	1	
1	1	
1	1	
1	1	
1	1	
1	1	
2	
2	
1	1	
1	1	
2	
2	
1	1	
1	1	
1	1	
1	1	
1	1	
1	1	
1	1	
1	1	
1	1	
2	
1	1	
1	1	
1	1	
1	1	
1	1	
2	
1	1	
1	1	
1	1	
1	1	
1	1	
1	1	
1	1	
1	1	
1	1	
1	1	
2	
1	1	
1	1	
1	1	
1	1	
2	
2	
2	
1	1	
1	1	
1	1	
1	1	
1	1	
2	
1	1	
1	1	
1	1	
1	1	
1	1	
1	1	
1	1	
1	1	
1	1	
2	
1	1	
1	1	
1	1	
1	1	
1	1	
1	1	
1	1	
2	
1	1	
1	1	
1	1	
1	1	
2	
1	1	
1	1	
2	
2	
2	
1	1	
1	1	
1	1	
1	1	
1	1	
1	1	
2	
1	1	
1	1	
1	1	
1	1	
2	
2	
1	1	
2	
2	
1	1	
2	
1	1	
1	1	
2	
1	1	
1	1	
1	1	
1	1	
1	1	
2	
1	1	
1	1	
1	1	
1	1	
1	1	
1	1	
1	1	
2	
1	1	
1	1	
1	1	
2	
2	
2	
2	
2	
1	1	
1	1	
2	
2	
1	1	
2	
1	1	
1	1	
2	
1	1	
2	
1	1	
1	1	
2	
1	1	
1	1	
1	1	
1	1	
2	
1	1	
1	1	
1	1	
1	1	
1	1	
2	
2	
1	1	
1	1	
2	
2	
1	1	
1	1	
1	1	
2	
2	
2	
2	
2	
1	1	
1	1	
1	1	
2	
1	1	
1	1	
2	
1	1	
1	1	
1	1	
1	1	
2	
1	1	
1	1	
1	1	
1	1	
2	
1	1	
1	1	
1	1	
1	1	
1	1	
1	1	
1	1	
1	1	
1	1	
2	
1	1	
2	
1	1	
1	1	
1	1	
1	1	
2	
1	1	
1	1	
1	1	
1	1	
1	1	
1	1	
1	1	
1	1	
1	1	
1	1	
1	1	
1	1	
1	1	
1	1	
1	1	
1	1	
2	
1	1	
1	1	
1	1	
2	
2	
1	1	
1	1	
1	1	
1	1	
2	
1	1	
2	
1	1	
1	1	
2	
1	1	
1	1	
1	1	
1	1	
1	1	
1	1	
1	1	
2	
2	
1	1	
1	1	
1	1	
2	
2	
1	1	
2	
1	1	
1	1	
1	1	
2	
1	1	
2	
2	
2	
1	1	
1	1	
1	1	
1	1	
1	1	
2	
1	1	
1	1	
2	
1	1	
1	1	
1	1	
1	1	
1	1	
1	1	
1	1	
1	1	
1	1	
1	1	
1	1	
1	1	
2	
1	1	
1	1	
2	
2	
1	1	
1	1	
2	
1	1	
1	1	
1	1	
2	
1	1	
1	1	
2	
1	1	
1	1	
1	1	
2	
1	1	
1	1	
2	
1	1	
2	
2	
1	1	
1	1	
1	1	
1	1	
2	
1	1	
1	1	
1	1	
1	1	
1	1	
2	
1	1	
1	1	
1	1	
1	1	
1	1	
1	1	
2	
1	1	
1	1	
1	1	
2	
1	1	
1	1	
1	1	
1	1	
2	
1	1	
1	1	
1	1	
1	1	
1	1	
2	
1	1	
1	1	
1	1	
1	1	
1	1	
2	
1	1	
1	1	
1	1	
1	1	
1	1	
1	1	
2	
1	1	
1	1	
2	
1	1	
1	1	
1	1	
1	1	
1	1	
1	1	
1	1	
1	1	
1	1	
1	1	
1	1	
1	1	
1	1	
2	
2	
1	1	
1	1	
2	
1	1	
1	1	
1	1	
1	1	
2	
1	1	
1	1	
1	1	
2	
1	1	
1	1	
1	1	
1	1	
1	1	
2	
1	1	
2	
2	
2	
1	1	
1	1	
2	
1	1	
1	1	
1	1	
1	1	
2	
1	1	
1	1	
2	
1	1	
2	
1	1	
1	1	
2	
1	1	
1	1	
2	
1	1	
1	1	
1	1	
1	1	
2	
1	1	
1	1	
1	1	
2	
1	1	
1	1	
2	
1	1	
1	1	
1	1	
2	
1	1	
2	
1	1	
2	
2	
2	
1	1	
2	
1	1	
1	1	
1	1	
2	
1	1	
2	
1	1	
2	
1	1	
2	
2	
1	1	
2	
2	
1	1	
2	
1	1	
1	1	
2	
1	1	
1	1	
1	1	
1	1	
2	
1	1	
2	
1	1	
2	
2	
1	1	
1	1	
1	1	
1	1	
2	
1	1	
1	1	
2	
1	1	
2	
1	1	
2	
2	
2	
1	1	
2	
1	1	
1	1	
1	1	
1	1	
1	1	
1	1	
1	1	
1	1	
2	
1	1	
1	1	
1	1	
1	1	
1	1	
2	
1	1	
2	
1	1	
1	1	
1	1	
1	1	
2	
1	1	
1	1	
1	1	
1	1	
1	1	
1	1	
1	1	
1	1	
1	1	
2	
1	1	
2	
1	1	
2	
2	
1	1	
1	1	
1	1	
2	
1	1	
2	
1	1	
1	1	
1	1	
1	1	
1	1	
2	
1	1	
1	1	
2	
1	1	
1	1	
2	
2	
1	1	
1	1	
1	1	
1	1	
1	1	
1	1	
1	1	
1	1	
1	1	
2	
2	
1	1	
1	1	
1	1	
1	1	
2	
2	
2	
1	1	
2	
1	1	
1	1	
1	1	
2	
1	1	
1	1	
1	1	
1	1	
2	
2	
2	
2	
2	
2	
2	
1	1	
2	
1	1	
2	
1	1	
1	1	
1	1	
1	1	
1	1	
2	
2	
1	1	
2	
1	1	
1	1	
1	1	
2	
1	1	
1	1	
1	1	
1	1	
1	1	
1	1	
2	
2	
1	1	
1	1	
1	1	
1	1	
2	
2	
1	1	
1	1	
2	
1	1	
1	1	
1	1	
2	
1	1	
2	
1	1	
2	
2	
1	1	
1	1	
1	1	
1	1	
1	1	
1	1	
1	1	
1	1	
1	1	
1	1	
1	1	
2	
2	
1	1	
1	1	
1	1	
2	
1	1	
1	1	
2	
2	
2	
1	1	
1	1	
1	1	
1	1	
1	1	
1	1	
1	1	
1	1	
1	1	
1	1	
1	1	
1	1	
1	1	
1	1	
2	
2	
2	
1	1	
1	1	
1	1	
2	
2	
1	1	
1	1	
2	
1	1	
1	1	
2	
2	
2	
2	
2	
2	
2	
1	1	
2	
1	1	
1	1	
1	1	
1	1	
1	1	
1	1	
1	1	
1	1	
1	1	
1	1	
2	
1	1	
1	1	
1	1	
2	
1	1	
1	1	
1	1	
1	1	
1	1	
1	1	
1	1	
1	1	
1	1	
2	
2	
1	1	
1	1	
1	1	
2	
1	1	
1	1	
2	
1	1	
1	1	
1	1	
1	1	
2	
2	
1	1	
1	1	
2	
1	1	
2	
1	1	
2	
1	1	
2	
1	1	
1	1	
1	1	
2	
2	
1	1	
1	1	
1	1	
1	1	
1	1	
2	
1	1	
2	
1	1	
1	1	
2	
1	1	
1	1	
1	1	
1	1	
2	
2	
1	1	
1	1	
1	1	
1	1	
1	1	
1	1	
1	1	
1	1	
1	1	
2	
1	1	
2	
1	1	
1	1	
1	1	
1	1	
2	
1	1	
1	1	
1	1	
1	1	
1	1	
2	
1	1	
2	
2	
2	
1	1	
1	1	
2	
1	1	
2	
2	
1	1	
1	1	
1	1	
2	
1	1	
2	
1	1	
1	1	
2	
1	1	
2	
2	
2	
1	1	
1	1	
1	1	
2	
1	1	
1	1	
1	1	
1	1	
1	1	
1	1	
2	
1	1	
1	1	
2	
1	1	
2	
2	
1	1	
1	1	
1	1	
1	1	
2	
1	1	
1	1	
2	
2	
2	
2	
1	1	
1	1	
1	1	
1	1	
1	1	
1	1	
2	
1	1	
1	1	
2	
1	1	
1	1	
1	1	
2	
1	1	
1	1	
1	1	
1	1	
2	
1	1	
1	1	
2	
2	
1	1	
1	1	
1	1	
1	1	
1	1	
1	1	
1	1	
2	
1	1	
1	1	
1	1	
1	1	
1	1	
1	1	
2	
1	1	
2	
1	1	
1	1	
1	1	
1	1	
1	1	
2	
1	1	
1	1	
1	1	
1	1	
1	1	
2	
2	
2	
2	
1	1	
1	1	
2	
1	1	
2	
1	1	
1	1	
1	1	
1	1	
2	
1	1	
1	1	
1	1	
1	1	
1	1	
1	1	
2	
1	1	
2	
1	1	
2	
1	1	
2	
1	1	
1	1	
1	1	
1	1	
1	1	
1	1	
2	
2	
1	1	
1	1	
1	1	
1	1	
2	
2	
1	1	
1	1	
1	1	
2	
1	1	
1	1	
1	1	
2	
2	
2	
1	1	
1	1	
2	
2	
2	
2	
1	1	
2	
1	1	
1	1	
2	
1	1	
1	1	
1	1	
1	1	
2	
1	1	
1	1	
1	1	
1	1	
1	1	
1	1	
1	1	
1	1	
1	1	
1	1	
2	
1	1	
2	
2	
1	1	
2	
2	
1	1	
1	1	
1	1	
1	1	
2	
2	
1	1	
1	1	
2	
2	
1	1	
2	
1	1	
2	
2	
1	1	
1	1	
1	1	
1	1	
1	1	
1	1	
1	1	
1	1	
1	1	
1	1	
1	1	
1	1	
1	1	
1	1	
1	1	
1	1	
1	1	
1	1	
1	1	
1	1	
1	1	
1	1	
2	
1	1	
1	1	
1	1	
2	
1	1	
1	1	
1	1	
1	1	
1	1	
1	1	
1	1	
2	
1	
1	
1	
1	
1	
1	
1	
1	
1	
1	
1	
1	
1	
1	
1	
1	
1	
1	
1	
1	
1	
1	
1	
1	
1	
1	
1	
1	
1	
1	
1	
1	
1	
1	
1	
1	
1	
1	
1	
1	
1	
1	
1	
1	
1	
1	
1	
1	
1	
1	
1	
1	
1	
1	
1	
1	
1	
1	
1	
1	
1	
1	
1	
1	
1	
1	
1	
1	
1	
1	
1	
1	
1	
1	
1	
1	
1	
1	
1	
1	
1	
1	
1	
1	
1	
1	
1	
1	
1	
1	
1	
1	
1	
1	
1	
1	
1	
1	
1	
1	
1	
1	
1	
1	
1	
1	
1	
1	
1	
1	
1	
1	
1	
1	
1	
1	
1	
1	
1	
1	
1	
1	
1	
1	
1	
1	
1	
1	
1	
1	
1	
1	
1	
1	
1	
1	
1	
1	
1	
1	
1	
1	
1	
1	
1	
1	
1	
1	
1	
1	
1	
1	
1	
1	
1	
1	
1	
1	
1	
1	
1	
1	
1	
1	
1	
1	
1	
1	
1	
1	
1	
1	
1	
1	
1	
1	
1	
1	
1	
1	
1	
1	
1	
1	
1	
1	
1	
1	
1	
1	
1	
1	
1	
1	
1	
1	
1	
1	
1	
1	
1	
1	
1	
1	
1	
1	
1	
1	
1	
1	
1	
1	
1	
1	
1	
1	
1	
1	
1	
1	
1	
1	
1	
1	
1	
1	
1	
1	
1	
1	
1	
1	
1	
1	
1	
1	
1	
1	
1	
1	
1	
1	
1	
1	
1	
1	
1	
1	
1	
1	
1	
1	
1	
1	
1	
1	
1	
1	
1	
1	
1	
1	
1	
1	
1	
1	
1	
1	
1	
1	
1	
1	
1	
1	
1	
1	
1	
1	
1	
1	
1	
1	
1	
1	
1	
1	
1	
1	
1	
1	
1	
1	
1	
1	
1	
1	
1	
1	
1	
1	
1	
1	
1	
1	
1	
1	
1	
1	
1	
1	
1	
1	
1	
1	
1	
1	
1	
1	
1	
1	
1	
1	
1	
1	
1	
1	
1	
1	
1	
1	
1	
1	
1	
1	
1	
1	
1	
1	
1	
1	
1	
1	
1	
1	
1	
1	
1	
1	
1	
1	
1	
1	
1	
1	
1	
1	
1	
1	
1	
1	
1	
1	
1	
1	
1	
1	
1	
1	
1	
1	
1	
1	
1	
1	
1	
1	
1	
1	
1	
1	
1	
1	
1	
1	
1	
1	
1	
1	
1	
1	
1	
1	
1	
1	
1	
1	
1	
1	
1	
1	
1	
1	
1	
1	
1	
1	
1	
1	
1	
1	
1	
1	
1	
1	
1	
1	
1	
1	
1	
1	
1	
1	
1	
1	
1	
1	
1	
1	
1	
1	
1	
1	
1	
1	
1	
1	
1	
1	
1	
1	
1	
1	
1	
1	
1	
1	
1	
1	
1	
1	
1	
1	
1	
1	
1	
1	
1	
1	
1	
1	
1	
1	
1	
1	
1	
1	
1	
1	
1	
1	
1	
1	
1	
1	
1	
1	
1	
1	
1	
1	
1	
1	
1	
1	
1	
1	
1	
1	
1	
1	
1	
1	
1	
1	
1	
1	
1	
1	
1	
1	
1	
1	
1	
1	
1	
1	
1	
1	
1	
1	
1	
1	
1	
1	
1	
1	
1	
1	
1	
1	
1	
1	
1	
1	
1	
1	
1	
1	
1	
1	
1	
1	
1	
1	
1	
1	
1	
1	
1	
1	
1	
1	
1	
1	
1	
1	
1	
1	
1	
1	
1	
1	
1	
1	
1	
1	
1	
1	
1	
1	
1	
1	
1	
1	
1	
1	
1	
1	
1	
1	
1	
1	
1	
1	
1	
1	
1	
1	
1	
1	
1	
1	
1	
1	
1	
1	
1	
1	
1	
1	
1	
1	
1	
1	
1	
1	
1	
1	
1	
1	
1	
1	
1	
1	
1	
1	
1	
1	
1	
1	
1	
1	
1	
1	
1	
1	
1	
1	
1	
1	
1	
1	
1	
1	
1	
1	
1	
1	
1	
1	
1	
1	
1	
1	
1	
1	
1	
1	
1	
1	
1	
1	
1	
1	
1	
1	
1	
1	
1	
1	
1	
1	
1	
1	
1	
1	
1	
1	
1	
1	
1	
1	
1	
1	
1	
1	
1	
1	
1	
1	
1	
1	
1	
1	
1	
1	
1	
1	
1	
1	
1	
1	
1	
1	
1	
1	
1	
1	
1	
1	
1	
1	
1	
1	
1	
1	
1	
1	
1	
1	
1	
1	
1	
1	
1	
1	
1	
1	
1	
1	
1	
1	
1	
1	
1	
1	
1	
1	
1	
1	
1	
1	
1	
1	
1	
1	
1	
1	
1	
1	
1	
1	
1	
1	
1	
1	
1	
1	
1	
1	
1	
1	
1	
1	
1	
1	
1	
1	
1	
1	
1	
1	
1	
1	
1	
1	
1	
1	
1	
1	
1	
1	
1	
1	
1	
1	
1	
1	
1	
1	
1	
1	
1	
1	
1	
1	
1	
1	
1	
1	
1	
1	
1	
1	
1	
1	
1	
1	
1	
1	
1	
1	
1	
1	
1	
1	
1	
1	
1	
1	
1	
1	
1	
1	
1	
1	
1	
1	
1	
1	
1	
1	
1	
1	
1	
1	
1	
1	
1	
1	
1	
1	
1	
1	
1	
1	
1	
1	
1	
1	
1	
1	
1	
1	
1	
1	
1	
1	
1	
1	
1	
1	
1	
1	
1	
1	
1	
1	
1	
1	
1	
1	
1	
1	
1	
1	
1	
1	
1	
1	
1	
1	
1	
1	
1	
1	
1	
1	
1	
1	
1	
1	
1	
1	
1	
1	
1	
1	
1	
1	
1	
1	
1	
1	
1	
1	
1	
1	
1	
1	
1	
1	
1	
1	
1	
1	
1	
1	
1	
1	
1	
1	
1	
1	
1	
1	
1	
1	
1	
1	
1	
1	
1	
1	
1	
1	
1	
1	
1	
1	
1	
1	
1	
1	
1	
1	
1	
1	
1	
1	
1	
1	
1	
1	
1	
1	
1	
1	
1	
1	
1	
1	
1	
1	
1	
1	
1	
1	
1	
1	
1	
1	
1	
1	
1	
1	
1	
1	
1	
1	
1	
1	
1	
1	
1	
1	
1	
1	
1	
1	
1	
1	
1	
1	
1	
1	
1	
1	
1	
1	
1	
1	
1	
1	
1	
1	
1	
1	
1	
1	
1	
1	
1	
1	
1	
1	
1	
1	
1	
1	
1	
1	
1	
1	
1	
1	
1	
1	
1	
1	
1	
1	
1	
1	
1	
1	
1	
1	
1	
1	
1	
1	
1	
1	
1	
1	
1	
1	
1	
1	
1	
1	
1	
1	
1	
1	
1	
1	
1	
1	
1	
1	
1	
1	
1	
1	
1	
1	
1	
1	
1	
1	
1	
1	
1	
1	
1	
1	
1	
1	
1	
1	
1	
1	
1	
1	
1	
1	
1	
1	
1	
1	
1	
1	
1	
1	
1	
1	
1	
1	
1	
1	
1	
1	
1	
1	
1	
1	
1	
1	
1	
1	
1	
1	
1	
1	
1	
1	
1	
1	
1	
1	
1	
1	
1	
1	
1	
1	
1	
1	
1	
1	
1	
1	
1	
1	
1	
1	
1	
1	
1	
1	
1	
1	
1	
1	
1	
1	
1	
1	
1	
1	
1	
1	
1	
1	
1	
1	
1	
1	
1	
1	
1	
1	
1	
1	
1	
1	
1	
1	
1	
1	
1	
1	
1	
1	
1	
1	
1	
1	
1	
1	
1	
1	
1	
1	
1	
1	
1	
1	
1	
1	
1	
1	
1	
1	
1	
1	
1	
1	
1	
1	
1	
1	
1	
1	
1	
1	
1	
1	
1	
1	
1	
1	
1	
1	
1	
1	
1	
1	
1	
1	
1	
1	
1	
1	
1	
1	
1	
1	
1	
1	
1	
1	
1	
1	
1	
1	
1	
1	
1	
1	
1	
1	
1	
1	
1	
1	
1	
1	
1	
1	
1	
1	
1	
1	
1	
1	
1	
1	
1	
1	
1	
1	
1	
1	
1	
1	
1	
1	
1	
1	
1	
1	
1	
1	
1	
1	
1	
1	
1	
1	
1	
1	
1	
1	
1	
1	
1	
1	
1	
1	
1	
1	
1	
1	
1	
1	
1	
1	
1	
1	
1	
1	
1	
1	
1	
1	
1	
1	
1	
1	
1	
1	
1	
1	
1	
1	
1	
1	
1	
1	
1	
1	
1	
1	
1	
1	
1	
1	
1	
1	
1	
1	
1	
1	
1	
1	
1	
1	
1	
1	
1	
1	
1	
1	
1	
1	
1	
1	
1	
1	
1	
1	
1	
1	
1	
1	
1	
1	
1	
1	
1	
1	
1	
1	
1	
1	
1	
1	
1	
1	
1	
1	
1	
1	
1	
1	
1	
1	
1	
1	
1	
1	
1	
1	
1	
1	
1	
1	
1	
1	
1	
1	
1	
1	
1	
1	
1	
1	
1	
1	
1	
1	
1	
1	
1	
1	
1	
1	
1	
1	
1	
1	
1	
1	
1	
1	
1	
1	
1	
1	
1	
1	
1	
1	
1	
1	
1	
1	
1	
1	
1	
1	
1	
1	
1	
1	
1	
1	
1	
1	
1	
1	
1	
1	
1	
1	
1	
1	
1	
1	
1	
1	
1	
1	
1	
1	
1	
1	
1	
1	
1	
1	
1	
1	
1	
1	
1	
1	
1	
1	
1	
1	
1	
1	
1	
1	
1	
1	
1	
1	
1	
1	
1	
1	
1	
1	
1	
1	
1	
1	
1	
1	
1	
1	
1	
1	
1	
1	
1	
1	
1	
1	
1	
1	
1	
1	
1	
1	
1	
1	
1	
1	
1	
1	
1	
1	
1	
1	
1	
1	
1	
1	
1	
1	
1	
1	
1	
1	
1	
1	
1	
1	
1	
1	
1	
1	
1	
1	
1	
1	
1	
1	
1	
1	
1	
1	
1	
1	
1	
1	
1	
1	
1	
1	
1	
1	
1	
1	
1	
1	
1	
1	
1	
1	
1	
1	
1	
1	
1	
1	
1	
1	
1	
1	
1	
1	
1	
1	
1	
1	
1	
1	
1	
1	
1	
1	
1	
1	
1	
1	
1	
1	
1	
1	
1	
1	
1	
1	
1	
1	
1	
1	
1	
1	
1	
1	
1	
1	
1	
1	
1	
1	
1	
1	
1	
1	
1	
1	
1	
1	
1	
1	
1	
1	
1	
1	
1	
1	
1	
1	
1	
1	
1	
1	
1	
1	
1	
1	
1	
1	
1	
1	
1	
1	
1	
1	
1	
1	
1	
1	
1	
1	
1	
1	
1	
1	
1	
1	
1	
1	
1	
1	
1	
1	
1	
1	
1	
1	
1	
1	
1	
1	
1	
1	
1	
1	
1	
1	
1	
1	
1	
1	
1	
1	
1	
1	
1	
1	
1	
1	
1	
1	
1	
1	
1	
1	
1	
1	
1	
1	
1	
1	
1	
1	
1	
1	
1	
1	
1	
1	
1	
1	
1	
1	
1	
1	
1	
1	
1	
1	
1	
1	
1	
1	
1	
1	
1	
1	
1	
1	
1	
1	
1	
1	
1	
1	
1	
1	
1	
1	
1	
1	
1	
1	
1	
1	
1	
1	
1	
1	
1	
1	
1	
1	
1	
1	
1	
1	
1	
1	
1	
1	
1	
1	
1	
1	
1	
1	
1	
1	
1	
1	
1	
1	
1	
1	
1	
1	
1	
1	
1	
1	
1	
1	
1	
1	
1	
1	
1	
1	
1	
1	
1	
1	
1	
1	
1	
1	
1	
1	
1	
1	
1	
1	
1	
1	
1	
1	
1	
1	
1	
1	
1	
1	
1	
1	
1	
1	
1	
1	
1	
1	
1	
1	
1	
1	
1	
1	
1	
1	
1	
1	
1	
1	
1	
1	
1	
1	
1	
1	
1	
1	
1	
1	
1	
1	
1	
1	
1	
1	
1	
1	
1	
1	
1	
1	
1	
1	
1	
1	
1	
1	
1	
1	
1	
1	
1	
1	
1	
1	
1	
1	
1	
1	
1	
1	
1	
1	
1	
1	
1	
1	
1	
1	
1	
1	
1	
1	
1	
1	
1	
1	
1	
1	
1	
1	
1	
1	
1	
1	
1	
1	
1	
1	
1	
1	
1	
1	
1	
1	
1	
1	
1	
1	
1	
1	
1	
1	
1	
1	
1	
1	
1	
1	
1	
1	
1	
1	
1	
1	
1	
1	
1	
1	
1	
1	
1	
1	
1	
1	
1	
1	
1	
1	
1	
1	
1	
1	
1	
1	
1	
1	
1	
1	
1	
1	
1	
1	
1	
1	
1	
1	
1	
1	
1	
1	
1	
1	
1	
1	
1	
1	
1	
1	
1	
1	
1	
1	
1	
1	
1	
1	
1	
1	
1	
1	
1	
1	
1	
1	
1	
1	
1	
1	
1	
1	
1	
1	
1	
1	
1	
1	
1	
1	
1	
1	
1	
1	
1	
1	
1	
1	
1	
1	
1	
1	
1	
1	
1	
1	
1	
1	
1	
1	
1	
1	
1	
1	
1	
1	
1	
1	
1	
1	
1	
1	
1	
1	
1	
1	
1	
1	
1	
1	
1	
1	
1	
1	
1	
1	
1	
1	
1	
1	
1	
1	
1	
1	
1	
1	
1	
1	
1	
1	
1	
1	
1	
1	
1	
1	
1	
1	
1	
1	
1	
1	
1	
1	
1	
1	
1	
1	
1	
1	
1	
1	
1	
1	
1	
1	
1	
1	
1	
1	
1	
1	
1	
1	
1	
1	
1	
1	
1	
1	
1	
1	
1	
1	
1	
1	
1	
1	
1	
1	
1	
1	
1	
1	
1	
1	
1	
1	
1	
1	
1	
1	
1	
1	
1	
1	
1	
1	
1	
1	
1	
1	
1	
1	
1	
1	
1	
1	
1	
1	
1	
1	
1	
1	
1	
1	
1	
1	
1	
1	
1	
1	
1	
1	
1	
1	
1	
1	
1	
1	
1	
1	
1	
1	
1	
1	
1	
1	
1	
1	
1	
1	
1	
1	
1	
1	
1	
1	
1	
1	
1	
1	
1	
1	
1	
1	
1	
1	
1	
1	
1	
1	
1	
1	
1	
1	
1	
1	
1	
1	
1	
1	
1	
1	
1	
1	
1	
1	
1	
1	
1	
1	
1	
1	
1	
1	
1	
1	
1	
1	
1	
1	
1	
1	
1	
1	
1	
1	
1	
1	
1	
1	
1	
1	
1	
1	
1	
1	
1	
1	
1	
1	
1	
1	
1	
1	
1	
1	
1	
1	
1	
1	
1	
1	
1	
1	
1	
1	
1	
1	
1	
1	
1	
1	
1	
1	
1	
1	
1	
1	
1	
1	
1	
1	
1	
1	
1	
1	
1	
1	
1	
1	
1	
1	
1	
1	
1	
1	
1	
1	
1	
1	
1	
1	
1	
1	
1	
1	
1	
1	
1	
1	
1	
1	
1	
1	
1	
1	
1	
1	
1	
1	
1	
1	
1	
1	
1	
1	
1	
1	
1	
1	
1	
1	
1	
1	
1	
1	
1	
1	
1	
1	
1	
1	
1	
1	
1	
1	
1	
1	
1	
1	
1	
1	
1	
1	
1	
1	
1	
1	
1	
1	
1	
1	
1	
1	
1	
1	
1	
1	
1	
1	
1	
1	
1	
1	
1	
1	
1	
1	
1	
1	
1	
1	
1	
1	
1	
1	
1	
1	
1	
1	
1	
1	
1	
1	
1	
1	
1	
1	
1	
1	
1	
1	
1	
1	
1	
1	
1	
1	
1	
1	
1	
1	
1	
1	
1	
1	
1	
1	
1	
1	
1	
1	
1	
1	
1	
1	
1	
1	
1	
1	
1	
1	
1	
1	
1	
1	
1	
1	
1	
1	
1	
1	
1	
1	
1	
1	
1	
1	
1	
1	
1	
1	
1	
1	
1	
1	
1	
1	
1	
1	
1	
1	
1	
1	
1	
1	
1	
1	
1	
1	
1	
1	
1	
1	
1	
1	
1	
1	
1	
1	
1	
1	
1	
1	
1	
1	
1	
1	
1	
1	
1	
1	
1	
1	
1	
1	
1	
1	
1	
1	
1	
1	
1	
1	
1	
1	
1	
1	
1	
1	
1	
1	
1	
1	
1	
1	
1	
1	
1	
1	
1	
1	
1	
1	
1	
1	
1	
1	
1	
1	
1	
1	
1	
1	
1	
1	
1	
1	
1	
1	
1	
1	
1	
1	
1	
1	
1	
1	
1	
1	
1	
1	
1	
1	
1	
1	
1	
1	
1	
1	
1	
1	
1	
1	
1	
1	
1	
1	
1	
1	
1	
1	
1	
1	
1	
1	
1	
1	
1	
1	
1	
1	
1	
1	
1	
1	
1	
1	
1	
1	
1	
1	
1	
1	
1	
1	
1	
1	
1	
1	
1	
1	
1	
1	
1	
1	
1	
1	
1	
1	
1	
1	
1	
1	
1	
1	
1	
1	
1	
1	
1	
1	
1	
1	
1	
1	
1	
1	
1	
1	
1	
1	
1	
1	
1	
1	
1	
1	
1	
1	
1	
1	
1	
1	
1	
1	
1	
1	
1	
1	
1	
1	
1	
1	
1	
1	
1	
1	
1	
1	
1	
1	
1	
1	
1	
1	
1	
1	
1	
1	
1	
1	
1	
1	
1	
1	
1	
1	
1	
1	
1	
1	
1	
1	
1	
1	
1	
1	
1	
1	
1	
1	
1	
1	
1	
1	
1	
1	
1	
1	
1	
1	
1	
1	
1	
1	
1	
1	
1	
1	
1	
1	
1	
1	
1	
1	
1	
1	
1	
1	
1	
1	
1	
1	
1	
1	
1	
1	
1	
1	
1	
1	
1	
1	
1	
1	
1	
1	
1	
1	
1	
1	
1	
1	
1	
1	
1	
1	
1	
1	
1	
1	
1	
1	
1	
1	
1	
1	
1	
1	
1	
1	
1	
1	
1	
1	
1	
1	
1	
1	
1	
1	
1	
1	
1	
1	
1	
1	
1	
1	
1	
1	
1	
1	
1	
1	
1	
1	
1	
1	
1	
1	
1	
1	
1	
1	
1	
1	
1	
1	
1	
1	
1	
1	
1	
1	
1	
1	
1	
1	
1	
1	
1	
1	
1	
1	
1	
1	
1	
1	
1	
1	
1	
1	
1	
1	
1	
1	
1	
1	
1	
1	
1	
1	
1	
1	
1	
1	
1	
1	
1	
1	
1	
1	
1	
1	
1	
1	
1	
1	
1	
1	
1	
1	
1	
1	
1	
1	
1	
1	
1	
1	
1	
1	
1	
1	
1	
1	
1	
1	
1	
1	
1	
1	
1	
1	
1	
1	
1	
1	
1	
1	
1	
1	
1	
1	
1	
1	
1	
1	
1	
1	
1	
1	
1	
1	
1	
1	
1	
1	
1	
1	
1	
1	
1	
1	
1	
1	
1	
1	
1	
1	
1	
1	
1	
1	
1	
1	
1	
1	
1	
1	
1	
1	
1	
1	
1	
1	
1	
1	
1	
1	
1	
1	
1	
1	
1	
1	
1	
1	
1	
1	
1	
1	
1	
1	
1	
1	
1	
1	
1	
1	
1	
1	
1	
1	
1	
1	
1	
1	
1	
1	
1	
1	
1	
1	
1	
1	
1	
1	
1	
1	
1	
1	
1	
1	
1	
1	
1	
1	
1	
1	
1	
1	
1	
1	
1	
1	
1	
1	
1	
1	
1	
1	
1	
1	
1	
1	
1	
1	
1	
1	
1	
1	
1	
1	
1	
1	
1	
1	
1	
1	
1	
1	
1	
1	
1	
1	
1	
1	
1	
1	
1	
1	
1	
1	
1	
1	
1	
1	
1	
1	
1	
1	
1	
1	
1	
1	
1	
1	
1	
1	
1	
1	
1	
1	
1	
1	
1	
1	
1	
1	
1	
1	
1	
1	
1	
1	
1	
1	
1	
1	
1	
1	
1	
1	
1	
1	
1	
1	
1	
1	
1	
1	
1	
1	
1	
1	
1	
1	
1	
1	
1	
1	
1	
1	
1	
1	
1	
1	
1	
1	
1	
1	
1	
1	
1	
1	
1	
1	
1	
1	
1	
1	
1	
1	
1	
1	
1	
1	
1	
1	
1	
1	
1	
1	
1	
1	
1	
1	
1	
1	
1	
1	
1	
1	
1	
1	
1	
1	
1	
1	
1	
1	
1	
1	
1	
1	
1	
1	
1	
1	
1	
1	
1	
1	
1	
1	
1	
1	
1	
1	
1	
1	
1	
1	
1	
1	
1	
1	
1	
1	
1	
1	
1	
1	
1	
1	
1	
1	
1	
1	
1	
1	
1	
1	
1	
1	
1	
1	
1	
1	
1	
1	
1	
1	
1	
1	
1	
1	
1	
1	
1	
1	
1	
1	
1	
1	
1	
1	
1	
1	
1	
1	
1	
1	
1	
1	
1	
1	
1	
1	
1	
1	
1	
1	
1	
1	
1	
1	
1	
1	
1	
1	
1	
1	
1	
1	
1	
1	
1	
1	
1	
1	
1	
1	
1	
1	
1	
1	
1	
1	
1	
1	
1	
1	
1	
1	
1	
1	
1	
1	
1	
1	
1	
1	
1	
1	
1	
1	
1	
1	
1	
1	
1	
1	
1	
1	
1	
1	
1	
1	
1	
1	
1	
1	
1	
1	
1	
1	
1	
1	
1	
1	
1	
1	
1	
1	
1	
1	
1	
1	
1	
1	
1	
1	
1	
1	
1	
1	
1	
1	
1	
1	
1	
1	
1	
1	
1	
1	
1	
1	
1	
1	
1	
1	
1	
1	
1	
1	
1	
1	
1	
1	
1	
1	
1	
1	
1	
1	
1	
1	
1	
1	
1	
1	
1	
1	
1	
1	
1	
1	
1	
1	
1	
1	
1	
1	
1	
1	
1	
1	
1	
1	
1	
1	
1	
1	
1	
1	
1	
1	
1	
1	
1	
1	
1	
1	
1	
1	
1	
1	
1	
1	
1	
1	
1	
1	
1	
1	
1	
1	
1	
1	
1	
1	
1	
1	
1	
1	
1	
1	
1	
1	
1	
1	
1	
1	
1	
1	
1	
1	
1	
1	
1	
1	
1	
1	
1	
1	
1	
1	
1	
1	
1	
1	
1	
1	
1	
1	
1	
1	
1	
1	
1	
1	
1	
1	
1	
1	
1	
1	
1	
1	
1	
1	
1	
1	
1	
1	
1	
1	
1	
1	
1	
1	
1	
1	
1	
1	
1	
1	
1	
1	
1	
1	
1	
1	
1	
1	
1	
1	
1	
1	
1	
1	
1	
1	
1	
1	
1	
1	
1	
1	
1	
1	
1	
1	
1	
1	
1	
1	
1	
1	
1	
1	
1	
1	
1	
1	
1	
1	
1	
1	
1	
1	
1	
1	
1	
1	
1	
1	
1	
1	
1	
1	
1	
1	
1	
1	
1	
1	
1	
1	
1	
1	
1	
1	
1	
1	
1	
1	
1	
1	
1	
1	
1	
1	
1	
1	
1	
1	
1	
1	
1	
1	
1	
1	
1	
1	
1	
1	
1	
1	
1	
1	
1	
1	
1	
1	
1	
1	
1	
1	
1	
1	
1	
1	
1	
1	
1	
1	
1	
1	
1	
1	
1	
1	
1	
1	
1	
1	
1	
1	
1	
1	
1	
1	
1	
1	
1	
1	
1	
1	
1	
1	
1	
1	
1	
1	
1	
1	
1	
1	
1	
1	
1	
1	
1	
1	
1	
1	
1	
1	
1	
1	
1	
1	
1	
1	
1	
1	
1	
1	
1	
1	
1	
1	
1	
1	
1	
1	
1	
1	
1	
1	
1	
1	
1	
1	
1	
1	
1	
1	
1	
1	
1	
1	
1	
1	
1	
1	
1	
1	
1	
1	
1	
1	
1	
1	
1	
1	
1	
1	
1	
1	
1	
1	
1	
1	
1	
1	
1	
1	
1	
1	
1	
1	
1	
1	
1	
1	
1	
1	
1	
1	
1	
1	
1	
1	
1	
1	
1	
1	
1	
1	
1	
1	
1	
1	
1	
1	
1	
1	
1	
1	
1	
1	
1	
1	
1	
1	
1	
1	
1	
1	
1	
1	
1	
1	
1	
1	
1	
1	
1	
1	
1	
1	
1	
1	
1	
1	
1	
1	
1	
1	
1	
1	
1	
1	
1	
1	
1	
1	
1	
1	
1	
1	
1	
1	
1	
1	
1	
1	
1	
1	
1	
1	
1	
1	
1	
1	
1	
1	
1	
1	
1	
1	
1	
1	
1	
1	
1	
1	
1	
1	
1	
1	
1	
1	
1	
1	
1	
1	
1	
1	
1	
1	
1	
1	
1	
1	
1	
1	
1	
1	
1	
1	
1	
1	
1	
1	
1	
1	
1	
1	
1	
1	
1	
1	
1	
1	
1	
1	
1	
1	
1	
1	
1	
1	
1	
1	
1	
1	
1	
1	
1	
1	
1	
1	
1	
1	
1	
1	
1	
1	
1	
1	
1	
1	
1	
1	
1	
1	
1	
1	
1	
1	
1	
1	
1	
1	
1	
1	
1	
1	
1	
1	
1	
1	
1	
1	
1	
1	
1	
1	
1	
1	
1	
1	
1	
1	
1	
1	
1	
1	
1	
1	
1	
1	
1	
1	
1	
1	
1	
1	
1	
1	
1	
1	
1	
1	
1	
1	
1	
1	
1	
1	
1	
1	
1	
1	
1	
1	
1	
1	
1	
1	
1	
1	
1	
1	
1	
1	
1	
1	
1	
1	
1	
1	
1	
1	
1	
1	
1	
1	
1	
1	
1	
1	
1	
1	
1	
1	
1	
1	
1	
1	
1	
1	
1	
1	
1	
1	
1	
1	
1	
1	
1	
1	
1	
1	
1	
1	
1	
1	
1	
1	
1	
1	
1	
1	
1	
1	
1	
1	
1	
1	
1	
1	
1	
1	
1	
1	
1	
1	
1	
1	
1	
1	
1	
1	
1	
1	
1	
1	
1	
1	
1	
1	
1	
1	
1	
1	
1	
1	
1	
1	
1	
1	
1	
1	
1	
1	
1	
1	
1	
1	
1	
1	
1	
1	
1	
1	
1	
1	
1	
1	
1	
1	
1	
1	
1	
1	
1	
1	
1	
1	
1	
1	
1	
1	
1	
1	
1	
1	
1	
1	
1	
1	
1	
1	
1	
1	
1	
1	
1	
1	
1	
1	
1	
1	
1	
1	
1	
1	
1	
1	
1	
1	
1	
1	
1	
1	
1	
1	
1	
1	
1	
1	
1	
1	
1	
1	
1	
1	
1	
1	
1	
1	
1	
1	
1	
1	
1	
1	
1	
1	
1	
1	
1	
1	
1	
1	
1	
1	
1	
1	
1	
1	
1	
1	
1	
1	
1	
1	
1	
1	
1	
1	
1	
1	
1	
1	
1	
1	
1	
1	
1	
1	
1	
1	
1	
1	
1	
1	
1	
1	
1	
1	
1	
1	
1	
1	
1	
1	
1	
1	
1	
1	
1	
1	
1	
1	
1	
1	
1	
1	
1	
1	
1	
1	
1	
1	
1	
1	
1	
1	
1	
1	
1	
1	
1	
1	
1	
1	
1	
1	
1	
1	
1	
1	
1	
1	
1	
1	
1	
1	
1	
1	
1	
1	
1	
1	
1	
1	
1	
1	
1	
1	
1	
1	
1	
1	
1	
1	
1	
1	
1	
1	
1	
1	
1	
1	
1	
1	
1	
1	
1	
1	
1	
1	
1	
1	
1	
1	
1	
1	
1	
1	
1	
1	
1	
1	
1	
1	
1	
1	
1	
1	
1	
1	
1	
1	
1	
1	
1	
1	
1	
1	
1	
1	
1	
1	
1	
1	
1	
1	
1	
1	
1	
1	
1	
1	
1	
1	
1	
1	
1	
1	
1	
1	
1	
1	
1	
1	
1	
1	
1	
1	
1	
1	
1	
1	
1	
1	
1	
1	
1	
1	
1	
1	
1	
1	
1	
1	
1	
1	
1	
1	
1	
1	
1	
1	
1	
1	
1	
1	
1	
1	
1	
1	
1	
1	
1	
1	
1	
1	
1	
1	
1	
1	
1	
1	
1	
1	
1	
1	
1	
1	
1	
1	
1	
1	
1	
1	
1	
1	
1	
1	
1	
1	
1	
1	
1	
1	
1	
1	
1	
1	
1	
1	
1	
1	
1	
1	
1	
1	
1	
1	
1	
1	
1	
1	
1	
1	
1	
1	
1	
1	
1	
1	
1	
1	
1	
1	
1	
1	
1	
1	
1	
1	
1	
1	
1	
1	
1	
1	
1	
1	
1	
1	
1	
1	
1	
1	
1	
1	
1	
1	
1	
1	
1	
1	
1	
1	
1	
1	
1	
1	
1	
1	
1	
1	
1	
1	
1	
1	
1	
1	
1	
1	
1	
1	
1	
1	
1	
1	
1	
1	
1	
1	
1	
1	
1	
1	
1	
1	
1	
1	
1	
1	
1	
1	
1	
1	
1	
1	
1	
1	
1	
1	
1	
1	
1	
1	
1	
1	
1	
1	
1	
1	
1	
1	
1	
1	
1	
1	
1	
1	
1	
1	
1	
1	
1	
1	
1	
1	
1	
1	
1	
1	
1	
1	
1	
1	
1	
1	
1	
1	
1	
1	
1	
1	
1	
1	
1	
1	
1	
1	
1	
1	
1	
1	
1	
1	
1	
1	
1	
1	
1	
1	
1	
1	
1	
1	
1	
1	
1	
1	
1	
1	
1	
1	
1	
1	
1	
1	
1	
1	
1	
1	
1	
1	
1	
1	
1	
1	
1	
1	
1	
1	
1	
1	
1	
1	
1	
1	
1	
1	
1	
1	
1	
1	
1	
1	
1	
1	
1	
1	
1	
1	
1	
1	
1	
1	
1	
1	
1	
1	
1	
1	
1	
1	
1	
1	
1	
1	
1	
1	
1	
1	
1	
1	
1	
1	
1	
1	
1	
1	
1	
1	
1	
1	
1	
1	
1	
1	
1	
1	
1	
1	
1	
1	
1	
1	
1	
1	
1	
1	
1	
1	
1	
1	
1	
1	
1	
1	
1	
1	
1	
1	
1	
1	
1	
1	
1	
1	
1	
1	
1	
1	
1	
1	
1	
1	
1	
1	
1	
1	
1	
1	
1	
1	
1	
1	
1	
1	
1	
1	
1	
1	
1	
1	
1	
1	
1	
1	
1	
1	
1	
1	
1	
1	
1	
1	
1	
1	
1	
1	
1	
1	
1	
1	
1	
1	
1	
1	
1	
1	
1	
1	
1	
1	
1	
1	
1	
1	
1	
1	
1	
1	
1	
1	
1	
1	
1	
1	
1	
1	
1	
1	
1	
1	
1	
1	
1	
1	
1	
1	
1	
1	
1	
1	
1	
1	
1	
1	
1	
1	
1	
1	
1	
1	
1	
1	
1	
1	
1	
1	
1	
1	
1	
1	
1	
1	
1	
1	
1	
1	
1	
1	
1	
1	
1	
1	
1	
1	
1	
1	
1	
1	
1	
1	
1	
1	
1	
1	
1	
1	
1	
1	
1	
1	
1	
1	
1	
1	
1	
1	
1	
1	
1	
1	
1	
1	
1	
1	
1	
1	
1	
1	
1	
1	
1	
1	
1	
1	
1	
1	
1	
1	
1	
1	
1	
1	
1	
1	
1	
1	
1	
1	
1	
1	
1	
1	
1	
1	
1	
1	
1	
1	
1	
1	
1	
1	
1	
1	
1	
1	
1	
1	
1	
1	
1	
1	
1	
1	
1	
1	
1	
1	
1	
1	
1	
1	
1	
1	
1	
1	
1	
1	
1	
1	
1	
1	
1	
1	
1	
1	
1	
1	
1	
1	
1	
1	
1	
1	
1	
1	
1	
1	
1	
1	
1	
1	
1	
1	
1	
1	
1	
1	
1	
1	
1	
1	
1	
1	
1	
1	
1	
1	
1	
1	
1	
1	
1	
1	
1	
1	
1	
1	
1	
1	
1	
1	
1	
1	
1	
1	
1	
1	
1	
1	
1	
1	
1	
1	
1	
1	
1	
1	
1	
1	
1	
1	
1	
1	
1	
1	
1	
1	
1	
1	
1	
1	
1	
1	
1	
1	
1	
1	
1	
1	
1	
1	
1	
1	
1	
1	
1	
1	
1	
1	
1	
1	
1	
1	
1	
1	
1	
1	
1	
1	
1	
1	
1	
1	
1	
1	
1	
1	
1	
1	
1	
1	
1	
1	
1	
1	
1	
1	
1	
1	
1	
1	
1	
1	
1	
1	
1	
1	
1	
1	
1	
1	
1	
1	
1	
1	
1	
1	
1	
1	
1	
1	
1	
1	
1	
1	
1	
1	
1	
1	
1	
1	
1	
1	
1	
1	
1	
1	
1	
1	
1	
1	
1	
1	
1	
1	
1	
1	
1	
1	
1	
1	
1	
1	
1	
1	
1	
1	
1	
1	
1	
1	
1	
1	
1	
1	
1	
1	
1	
1	
1	
1	
1	
1	
1	
1	
1	
1	
1	
1	
1	
1	
1	
1	
1	
1	
1	
1	
1	
1	
1	
1	
1	
1	
1	
1	
1	
1	
1	
1	
1	
1	
1	
1	
1	
1	
1	
1	
1	
1	
1	
1	
1	
1	
1	
1	
1	
1	
1	
1	
1	
1	
1	
1	
1	
1	
1	
1	
1	
1	
1	
1	
1	
1	
1	
1	
1	
1	
1	
1	
1	
1	
1	
1	
1	
1	
1	
1	
1	
1	
1	
1	
1	
1	
1	
1	
1	
1	
1	
