4
4
4
40
41
42
4
44
4
43
4
45
46
4
47
48
4
49
4
4
4
4
4
41
4
4
4
4
4
43
40
4
45
4
40
41
4
4
44
4
4
40
42
40
40
4
4
41
4
42
45
43
49
40
46
47
4
40
4
44
42
46
4
47
47
4
40
42
4
4
40
46
43
46
42
44
4
45
44
41
43
44
48
45
45
4
41
43
4
4
49
43
46
4
4
4
48
42
49
48
48
49
4
4
43
41
43
42
49
4
47
44
4
48
4
4
4
4
4
40
4
4
4
44
41
44
4
46
4
46
4
40
45
4
47
4
42
4
4
40
4
42
47
47
44
45
4
4
41
4
40
4
48
4
49
4
41
43
46
42
4
4
4
4
41
4
41
4
48
4
41
46
4
4
43
47
40
45
46
40
4
43
47
4
41
44
45
4
47
49
40
4
41
43
49
46
4
4
45
42
4
45
41
4
4
46
4
46
4
43
48
42
4
49
41
48
45
43
47
44
48
41
46
42
46
48
43
47
41
46
48
43
45
45
43
4
43
43
44
46
4
4
44
4
44
44
40
44
4
4
46
4
46
41
41
45
4
49
44
45
4
43
46
40
43
46
43
4
4
47
43
48
4
44
46
4
43
41
43
47
48
44
47
4
42
47
43
44
48
47
4
45
4
4
46
44
44
44
49
4
45
44
48
40
40
48
48
4
44
46
41
49
44
42
4
47
43
41
40
42
4
49
4
49
46
42
40
49
4
4
4
4
4
47
4
41
4
48
49
4
42
43
45
43
45
4
4
4
42
45
41
48
45
4
42
47
43
41
4
48
4
44
4
40
42
47
42
43
40
42
45
48
4
42
4
40
4
4
4
43
43
4
4
42
46
45
4
43
47
46
44
4
41
47
4
40
47
42
42
46
47
40
40
42
45
47
47
47
4
48
42
41
40
4
4
40
47
42
47
42
46
42
48
41
4
41
48
45
49
48
49
4
49
45
41
44
49
41
43
4
45
42
46
45
49
48
4
43
4
44
4
4
4
4
40
41
49
41
4
43
46
45
49
44
4
45
4
41
44
45
43
4
4
44
4
4
4
42
4
40
43
4
47
41
43
49
40
46
4
42
48
43
43
48
41
48
48
4
47
47
49
4
44
48
40
46
4
45
46
40
48
49
43
4
4
4
47
4
49
49
48
41
4
42
40
42
47
41
40
42
41
40
4
49
42
45
42
48
43
42
4
