66	34	26	25	18	17	8	8	7	7	7	6	6	5	4	4	3	3	3	3	3	3	3	3	3	2	2	2	2	2	2	2	2	2	2	1	1	1	1	1	1	1	1	1	1	1	1	1	1	1	1	1	1	1	1	1	1	1	1	1	1	1	1	1	1	1	1	1	1	1	1	1	1	1	1	1	1	1	1	1	1	1	1	1	1	1	1	1	1	1	1	1	1	1	1	1	1	1	1	1	1	1	1	1	1	1	1	1	1	1	
28	8	5	5	3	3	3	2	2	2	2	2	2	2	2	1	1	1	1	1	1	1	1	1	1	1	1	1	1	1	1	1	1	1	1	1	1	1	1	1	1	1	1	1	1	1	1	
10	7	6	5	4	3	2	2	2	2	2	2	1	1	1	1	1	1	1	1	1	1	1	1	1	1	1	1	1	1	1	1	1	1	1	1	1	1	
10	6	5	5	3	2	2	2	2	2	1	1	1	1	1	1	1	1	1	1	1	1	1	1	1	1	1	1	1	1	1	1	1	1	1	1	
10	5	5	5	4	3	2	2	2	2	2	1	1	1	1	1	1	1	1	1	1	1	1	1	1	1	1	1	1	1	1	
6	5	4	4	3	2	2	2	2	2	2	1	1	1	1	1	1	1	1	1	1	1	1	1	1	1	1	1	1	1	1	1	1	1	1	1	1	1	1	
53	
8	6	2	2	2	1	1	1	1	1	1	1	1	1	1	1	1	1	1	1	1	1	1	1	1	1	1	1	1	1	1	1	1	1	1	
11	8	4	4	4	2	2	2	1	1	1	1	1	1	1	1	1	1	1	1	1	
10	6	4	3	2	2	2	2	1	1	1	1	1	1	1	1	1	1	1	1	1	1	1	1	1	
4	3	3	3	2	2	2	2	2	2	1	1	1	1	1	1	1	1	1	1	1	1	1	1	1	1	1	1	
6	6	5	3	1	1	1	1	1	1	1	1	1	1	1	1	1	1	1	1	1	1	1	1	
5	4	4	3	2	1	1	1	1	1	1	1	1	1	1	1	1	1	1	1	1	1	1	1	1	
5	2	1	1	1	1	1	1	1	1	1	1	1	1	1	1	1	1	1	1	1	1	1	1	1	1	1	1	1	
4	4	3	3	2	2	2	2	1	1	1	1	1	1	1	1	1	1	1	1	
8	4	2	2	1	1	1	1	1	1	1	1	1	1	1	1	1	1	1	
9	3	3	2	2	2	1	1	1	1	1	1	1	1	1	
4	4	3	2	1	1	1	1	1	1	1	1	1	1	1	1	1	1	1	1	
7	5	3	1	1	1	1	1	1	1	1	1	1	1	1	
3	2	1	1	1	1	1	1	1	1	1	1	1	1	1	1	
2	2	2	2	1	1	1	1	1	1	1	1	1	
2	2	1	1	1	1	1	1	1	1	1	1	1	
13	1	
7	2	1	1	1	1	1	
3	2	2	1	1	1	1	1	1	1	
5	2	2	1	1	1	
2	2	1	1	1	1	1	1	1	1	
3	2	1	1	1	1	1	1	
3	2	1	1	1	1	1	1	
6	2	1	1	
5	1	1	1	1	1	
2	1	1	1	1	1	1	1	1	
1	1	1	1	1	1	1	1	1	1	
5	1	1	1	1	
1	1	1	1	1	1	1	1	1	
2	1	1	1	1	1	1	1	
2	1	1	1	1	1	1	1	
3	1	1	1	1	1	
3	1	1	1	1	1	
1	1	1	1	1	1	1	1	
2	2	1	1	1	1	
1	1	1	1	1	1	1	
2	1	1	1	1	1	
1	1	1	1	1	1	1	
7	
2	1	1	1	1	1	
2	2	1	1	1	
6	
1	1	1	1	1	1	
3	1	1	1	
2	2	2	
1	1	1	1	1	1	
2	1	1	1	1	
1	1	1	1	1	1	
2	1	1	1	1	
2	1	1	1	1	
2	1	1	1	1	
1	1	1	1	1	1	
2	1	1	1	1	
2	1	1	1	1	
6	
2	1	1	1	
5	
2	1	1	1	
5	
1	1	1	1	1	
3	2	
1	1	1	1	1	
3	1	1	
2	1	1	1	
1	1	1	1	1	
5	
5	
1	1	1	1	1	
2	1	1	1	
5	
2	1	1	1	
1	1	1	1	1	
1	1	1	1	1	
2	1	1	1	
1	1	1	1	1	
1	1	1	1	1	
5	
1	1	1	1	1	
5	
3	1	
1	1	1	1	
1	1	1	1	
2	1	1	
1	1	1	1	
2	1	1	
3	1	
1	1	1	1	
4	
2	1	1	
1	1	1	1	
2	1	1	
1	1	1	1	
4	
2	1	1	
1	1	1	1	
1	1	1	1	
1	1	1	1	
1	1	1	1	
2	1	1	
2	1	
1	1	1	
3	
1	1	1	
2	1	
1	1	1	
1	1	1	
2	1	
3	
1	1	1	
1	1	1	
1	1	1	
2	1	
2	1	
1	1	1	
2	1	
2	1	
1	1	1	
1	1	1	
1	1	1	
2	1	
1	1	1	
1	1	1	
1	1	1	
1	1	1	
1	1	1	
1	1	1	
1	1	1	
1	1	1	
1	1	1	
2	1	
1	1	1	
1	1	1	
1	1	1	
1	1	1	
1	1	1	
1	1	1	
1	1	1	
1	1	
1	1	
1	1	
1	1	
1	1	
1	1	
1	1	
1	1	
1	1	
1	1	
1	1	
1	1	
1	1	
1	1	
1	1	
1	1	
1	1	
2	
2	
1	1	
2	
1	1	
1	1	
2	
2	
2	
1	1	
1	1	
1	1	
1	1	
1	1	
1	1	
1	1	
1	1	
1	1	
1	1	
1	1	
1	1	
1	1	
1	1	
1	1	
1	1	
1	1	
1	1	
1	1	
1	1	
1	1	
1	1	
1	1	
2	
1	1	
1	1	
1	1	
1	1	
1	1	
2	
1	1	
2	
1	1	
1	1	
1	1	
1	1	
1	1	
2	
1	1	
1	1	
1	1	
1	1	
1	1	
1	1	
1	1	
1	
1	
1	
1	
1	
1	
1	
1	
1	
1	
1	
1	
1	
1	
1	
1	
1	
1	
1	
1	
1	
1	
1	
1	
1	
1	
1	
1	
1	
1	
1	
1	
1	
1	
1	
1	
1	
1	
1	
1	
1	
1	
1	
1	
1	
1	
1	
1	
1	
1	
1	
1	
1	
1	
1	
1	
1	
1	
1	
1	
1	
1	
1	
1	
1	
1	
1	
1	
1	
1	
1	
1	
1	
1	
1	
1	
1	
1	
1	
1	
1	
1	
1	
1	
1	
1	
1	
1	
1	
1	
1	
1	
1	
1	
1	
1	
1	
1	
1	
1	
1	
1	
1	
1	
1	
1	
1	
1	
1	
1	
1	
1	
1	
1	
1	
1	
1	
1	
1	
1	
1	
1	
1	
1	
1	
1	
1	
1	
1	
1	
1	
1	
1	
1	
1	
1	
1	
1	
1	
1	
1	
1	
1	
1	
1	
1	
1	
1	
1	
1	
1	
1	
1	
1	
1	
1	
1	
1	
1	
1	
1	
1	
1	
1	
1	
1	
1	
1	
1	
1	
1	
1	
1	
1	
1	
1	
1	
1	
1	
1	
1	
1	
1	
1	
1	
1	
1	
1	
1	
1	
1	
1	
1	
1	
1	
1	
1	
1	
1	
1	
1	
1	
1	
1	
1	
1	
1	
1	
1	
1	
1	
1	
1	
1	
1	
1	
1	
1	
1	
1	
1	
1	
1	
1	
1	
1	
1	
1	
1	
1	
1	
1	
1	
1	
1	
1	
1	
1	
1	
1	
1	
1	
1	
1	
1	
1	
1	
1	
1	
1	
1	
1	
1	
1	
1	
1	
1	
1	
1	
1	
1	
1	
1	
1	
1	
1	
1	
1	
1	
1	
1	
1	
1	
1	
1	
1	
1	
1	
1	
1	
1	
1	
1	
1	
1	
1	
1	
1	
1	
1	
1	
1	
1	
1	
1	
1	
1	
1	
1	
1	
1	
1	
1	
1	
1	
1	
1	
1	
1	
1	
1	
1	
1	
1	
1	
1	
1	
1	
1	
1	
1	
1	
1	
1	
1	
1	
1	
