88	31	20	17	5	5	4	4	3	2	2	1	1	1	1	1	1	1	1	1	1	1	1	1	1	1	1	1	1	1	1	
33	25	9	3	2	2	1	1	1	1	1	1	1	1	1	1	
22	17	7	5	5	3	3	2	2	1	1	1	1	1	1	1	1	1	1	1	
24	6	6	5	4	4	3	2	2	1	1	1	1	1	1	1	1	1	1	1	1	1	1	
34	7	6	2	1	1	1	1	1	1	
16	5	4	4	3	3	2	2	1	1	1	1	1	1	1	
14	5	3	2	2	2	2	1	1	1	1	1	1	1	1	1	1	1	1	1	
14	11	3	2	1	1	1	1	1	1	1	1	1	1	1	1	1	
19	2	2	2	1	1	1	1	1	1	1	1	1	1	1	1	1	1	
8	6	5	3	2	2	1	1	1	1	1	1	1	1	1	1	
14	2	2	2	2	2	1	1	1	1	1	1	1	1	1	1	
10	6	2	2	1	1	1	1	1	1	1	1	
4	2	2	2	1	1	1	1	1	1	1	1	1	1	1	1	1	1	1	1	1	1	
10	4	3	3	1	1	1	1	1	1	1	
8	4	3	1	1	1	1	1	
5	3	2	1	1	1	1	1	1	1	1	1	1	
10	5	1	1	1	
6	2	2	1	1	1	1	1	1	1	1	
4	3	3	3	1	1	1	1	1	
6	5	1	1	1	1	1	1	
6	2	2	2	1	1	1	1	
9	3	1	1	1	1	
7	3	2	1	1	1	1	
9	1	1	1	1	
4	4	2	1	1	1	
5	3	3	1	1	
2	2	1	1	1	1	1	1	1	1	
6	3	1	1	
4	2	1	1	1	1	1	
4	2	1	1	1	1	
3	2	2	1	1	1	
4	2	2	1	1	
2	2	1	1	1	1	1	1	
3	2	1	1	1	1	1	
5	1	1	1	1	
2	2	1	1	1	1	1	
9	
5	2	1	1	
4	1	1	1	1	1	
5	1	1	1	1	
5	2	1	1	
3	2	2	1	
3	1	1	1	1	1	
3	1	1	1	1	1	
2	1	1	1	1	1	1	
3	2	1	1	1	
2	1	1	1	1	1	
4	1	1	1	
3	3	1	
3	3	1	
5	1	1	
2	2	2	1	
4	1	1	
3	2	1	
2	1	1	1	1	
4	2	
2	2	1	1	
2	1	1	1	1	
4	1	1	
2	2	1	1	
2	2	2	
2	2	1	1	
2	2	1	1	
3	1	1	1	
3	1	1	1	
4	1	
2	2	1	
3	1	1	
2	1	1	1	
2	1	1	1	
3	1	1	
4	1	
2	1	1	1	
3	1	1	
4	1	
1	1	1	1	
1	1	1	1	
1	1	1	1	
2	1	1	
2	1	1	
1	1	1	1	
1	1	1	1	
3	1	
4	
1	1	1	1	
2	2	
1	1	1	1	
2	1	1	
1	1	1	1	
2	1	1	
2	1	1	
2	1	1	
2	1	1	
1	1	1	1	
2	1	1	
3	1	
3	
2	1	
2	1	
2	1	
1	1	1	
1	1	1	
2	1	
2	1	
2	1	
1	1	1	
2	1	
1	1	1	
2	1	
1	1	1	
2	1	
2	1	
1	1	1	
2	1	
1	1	1	
2	1	
3	
1	1	1	
1	1	1	
2	1	
3	
1	1	1	
2	1	
1	1	1	
1	1	1	
1	1	1	
2	1	
1	1	1	
2	1	
2	1	
3	
1	1	1	
1	1	
2	
2	
1	1	
2	
1	1	
2	
1	1	
2	
2	
1	1	
1	1	
1	1	
1	1	
1	1	
2	
1	1	
1	1	
1	1	
2	
2	
1	1	
2	
1	1	
2	
1	1	
2	
2	
2	
1	1	
2	
2	
1	1	
1	1	
1	1	
1	1	
1	1	
1	1	
1	1	
1	1	
2	
1	1	
1	1	
1	1	
1	1	
1	1	
2	
1	1	
1	1	
2	
1	1	
1	1	
1	1	
2	
1	1	
2	
1	1	
1	1	
1	1	
2	
1	1	
1	1	
1	1	
2	
1	1	
1	1	
1	1	
1	1	
2	
1	1	
1	1	
1	1	
1	1	
1	1	
1	1	
1	1	
2	
1	1	
2	
1	1	
2	
1	1	
1	1	
1	1	
1	1	
1	1	
1	1	
2	
1	1	
1	1	
1	1	
1	1	
1	1	
1	
1	
1	
1	
1	
1	
1	
1	
1	
1	
1	
1	
1	
1	
1	
1	
1	
1	
1	
1	
1	
1	
1	
1	
1	
1	
1	
1	
1	
1	
1	
1	
1	
1	
1	
1	
1	
1	
1	
1	
1	
1	
1	
1	
1	
1	
1	
1	
1	
1	
1	
1	
1	
1	
1	
1	
1	
1	
1	
1	
1	
1	
1	
1	
1	
1	
1	
1	
1	
1	
1	
1	
1	
1	
1	
1	
1	
1	
1	
1	
1	
1	
1	
1	
1	
1	
1	
1	
1	
1	
1	
1	
1	
1	
1	
1	
1	
1	
1	
1	
1	
1	
1	
1	
1	
1	
1	
1	
1	
1	
1	
1	
1	
1	
1	
1	
1	
1	
1	
1	
1	
1	
1	
1	
1	
1	
1	
1	
1	
1	
1	
1	
1	
1	
1	
1	
1	
1	
1	
1	
1	
1	
1	
1	
1	
1	
1	
1	
1	
1	
1	
1	
1	
1	
1	
1	
1	
1	
1	
1	
1	
1	
1	
1	
1	
1	
1	
1	
1	
1	
1	
1	
1	
1	
1	
1	
1	
1	
1	
1	
1	
1	
1	
1	
1	
1	
1	
1	
1	
1	
1	
1	
1	
1	
1	
1	
1	
1	
1	
1	
1	
1	
1	
1	
1	
1	
1	
1	
1	
1	
1	
1	
1	
1	
1	
1	
1	
1	
1	
1	
1	
1	
1	
1	
1	
1	
1	
1	
1	
1	
1	
1	
1	
1	
1	
1	
1	
1	
1	
1	
1	
1	
1	
1	
1	
1	
1	
1	
1	
1	
1	
1	
1	
