56	45	27	21	18	13	13	8	8	7	6	6	4	4	3	3	3	3	3	2	2	2	2	2	2	2	2	2	2	2	2	2	2	2	2	1	1	1	1	1	1	1	1	1	1	1	1	1	1	1	1	1	1	1	1	1	1	1	1	1	1	1	1	1	1	1	1	1	1	1	1	1	1	1	1	1	1	1	1	1	1	1	1	1	1	1	1	1	1	1	1	1	1	1	1	1	1	1	1	1	1	1	1	1	1	1	
42	12	7	7	6	5	5	3	3	3	2	2	2	2	2	2	2	2	2	2	2	2	1	1	1	1	1	1	1	1	1	1	1	1	1	1	1	1	1	1	1	1	1	1	1	1	1	1	1	1	1	1	1	1	1	1	1	1	
7	7	5	4	4	3	2	2	2	2	2	2	1	1	1	1	1	1	1	1	1	1	1	1	1	1	1	1	1	1	1	1	1	
12	6	3	3	2	2	2	2	2	1	1	1	1	1	1	1	1	1	1	1	1	1	1	1	1	1	1	1	1	1	1	1	
12	3	2	2	1	1	1	1	1	1	1	1	1	1	1	1	1	1	1	1	1	1	1	1	1	1	1	1	1	1	1	1	1	1	1	1	1	
38	
8	8	1	1	1	1	1	1	1	1	1	1	1	1	1	1	
8	3	2	2	2	1	1	1	1	1	1	1	1	1	1	1	1	
4	3	3	1	1	1	1	1	1	1	1	1	1	1	1	1	
3	3	2	1	1	1	1	1	1	1	1	1	1	
3	3	2	1	1	1	1	1	1	1	1	1	
4	3	1	1	1	1	1	1	1	1	1	1	
2	1	1	1	1	1	1	1	1	1	1	1	1	1	1	
2	2	1	1	1	1	1	1	1	
3	2	1	1	1	1	1	1	
4	4	1	1	
2	2	2	1	1	1	
2	2	1	1	1	1	
2	1	1	1	1	1	1	
7	1	
2	1	1	1	1	1	1	
3	2	1	1	1	
3	1	1	1	1	
3	1	1	1	1	
2	2	1	1	1	
2	1	1	1	1	1	
3	1	1	1	
1	1	1	1	1	1	
1	1	1	1	1	1	
4	1	
1	1	1	1	1	
2	1	1	
1	1	1	1	
1	1	1	1	
3	1	
1	1	1	
1	1	1	
2	1	
1	1	1	
1	1	1	
1	1	1	
2	1	
2	1	
1	1	1	
1	1	1	
1	1	1	
1	1	1	
2	1	
1	1	
2	
1	1	
1	1	
2	
1	1	
1	1	
2	
1	1	
1	1	
2	
1	1	
2	
1	1	
1	1	
1	1	
1	1	
1	1	
1	1	
1	1	
1	1	
1	1	
1	1	
1	
1	
1	
1	
1	
1	
1	
1	
1	
1	
1	
1	
1	
1	
1	
1	
1	
1	
1	
1	
1	
1	
1	
1	
1	
1	
1	
1	
1	
1	
1	
1	
1	
1	
1	
1	
1	
1	
1	
1	
1	
1	
1	
1	
1	
1	
1	
1	
1	
1	
1	
1	
1	
1	
1	
1	
1	
1	
1	
1	
1	
1	
1	
1	
1	
1	
1	
1	
1	
1	
1	
1	
1	
1	
1	
1	
1	
1	
1	
1	
1	
1	
1	
1	
1	
1	
1	
1	
1	
1	
1	
1	
1	
1	
1	
1	
1	
1	
1	
1	
1	
1	
1	
1	
1	
1	
1	
1	
1	
1	
1	
1	
1	
1	
1	
1	
1	
1	
