192	96	24	24	22	21	20	18	16	16	14	13	11	11	11	11	10	8	8	8	8	6	6	6	6	6	6	6	5	5	5	5	5	4	4	4	3	3	3	3	3	3	3	3	3	3	3	2	2	2	2	2	2	2	2	2	2	2	2	2	2	2	2	2	2	2	2	2	2	2	2	2	2	2	2	2	2	2	2	1	1	1	1	1	1	1	1	1	1	1	1	1	1	1	1	1	1	1	1	1	1	1	1	1	1	1	1	1	1	1	1	1	1	1	1	1	1	1	1	1	1	1	1	1	1	1	1	1	1	1	1	1	1	1	1	1	1	1	1	1	1	1	1	1	1	1	1	1	1	1	1	1	1	1	1	1	1	1	1	1	
104	85	41	37	33	29	26	22	19	17	17	12	10	9	8	8	7	7	7	6	6	6	6	6	5	5	5	5	5	5	5	4	4	4	4	4	4	4	3	3	3	3	3	3	3	3	3	3	3	3	3	3	3	3	3	3	2	2	2	2	2	2	2	2	2	2	2	2	2	2	2	2	2	2	2	2	1	1	1	1	1	1	1	1	1	1	1	1	1	1	1	1	1	1	1	1	1	1	1	1	1	1	1	1	1	1	1	1	1	1	1	1	1	1	1	1	1	1	1	1	1	1	1	1	1	1	1	1	1	1	1	1	1	1	1	1	1	1	1	1	1	1	1	1	1	1	
47	23	13	13	12	8	7	7	7	7	6	6	6	5	4	4	4	4	3	3	3	3	3	2	2	2	2	2	2	2	2	2	2	2	2	2	2	2	2	2	2	2	2	2	2	2	2	2	1	1	1	1	1	1	1	1	1	1	1	1	1	1	1	1	1	1	1	1	1	1	1	1	1	1	1	1	1	1	1	1	1	1	1	1	1	1	1	1	1	1	1	1	1	1	1	1	1	1	1	1	1	1	1	1	1	1	1	1	1	1	1	1	1	1	1	1	1	1	1	1	1	1	1	1	1	1	1	1	1	1	1	1	1	1	1	1	1	1	
38	29	29	22	18	17	15	10	8	7	6	5	5	4	4	4	4	3	3	3	3	3	3	2	2	2	2	2	2	2	2	2	1	1	1	1	1	1	1	1	1	1	1	1	1	1	1	1	1	1	1	1	1	1	1	1	1	1	1	1	1	1	1	1	1	1	1	1	1	1	1	1	1	1	1	1	1	1	1	1	1	1	
14	13	13	13	12	11	11	11	11	10	9	9	9	9	9	8	8	8	8	8	8	8	7	7	6	5	5	4	4	3	3	3	3	2	2	2	2	2	1	1	1	1	1	1	1	1	1	1	1	1	1	1	1	1	1	1	1	1	1	1	1	1	1	1	1	1	1	1	
54	40	16	13	8	7	5	3	3	3	2	2	2	2	2	2	1	1	1	1	1	1	1	1	1	1	1	1	1	1	1	1	1	
28	18	12	5	4	3	3	3	3	3	2	2	2	2	2	2	2	2	2	2	2	2	2	2	2	1	1	1	1	1	1	1	1	1	1	1	1	1	1	1	1	1	1	1	1	1	1	1	1	1	1	1	1	1	1	1	1	1	1	1	1	1	1	
19	17	16	8	7	6	5	5	5	4	4	4	4	4	3	3	2	2	2	2	2	1	1	1	1	1	1	1	1	1	1	1	1	1	1	1	1	1	1	1	1	
39	36	29	8	7	5	4	3	2	2	1	1	1	
13	10	7	7	6	4	4	3	3	2	2	2	2	2	2	2	2	2	2	2	2	2	2	1	1	1	1	1	1	1	1	1	1	1	1	1	1	1	1	1	1	1	1	1	1	1	1	1	1	1	1	1	1	1	1	1	1	1	1	1	1	1	1	1	1	1	1	1	1	
13	9	7	5	4	4	4	3	3	3	3	2	2	2	2	2	2	2	2	2	2	2	1	1	1	1	1	1	1	1	1	1	1	1	1	1	1	1	1	1	1	1	1	1	1	1	1	1	1	1	1	1	1	1	1	1	1	1	1	1	1	1	1	1	1	1	1	1	1	1	1	
25	16	7	6	3	3	2	2	2	2	2	2	2	1	1	1	1	1	1	1	1	1	1	1	1	1	1	1	1	1	1	1	1	1	1	1	1	1	1	1	1	1	1	1	1	1	1	
33	9	5	4	2	2	2	2	2	1	1	1	1	1	1	1	1	1	1	1	1	1	1	1	1	1	1	1	1	1	1	1	1	1	1	1	1	1	
25	8	8	6	4	4	4	2	2	2	2	2	1	1	1	1	1	1	1	1	1	1	1	1	1	1	1	1	1	1	1	1	1	
21	12	7	4	3	3	3	2	2	2	2	2	2	2	2	1	1	1	1	1	1	1	1	1	1	1	1	1	1	1	1	1	1	1	
51	7	6	3	2	2	2	2	1	1	1	1	1	1	1	1	1	1	1	
23	7	3	3	2	2	2	2	2	2	2	2	2	2	1	1	1	1	1	1	1	1	1	1	1	1	1	1	1	1	1	1	1	1	1	1	1	1	1	1	1	1	1	1	
20	11	5	4	4	3	3	2	2	2	2	2	1	1	1	1	1	1	1	1	1	1	1	1	1	1	1	1	1	1	1	1	1	1	1	1	1	
10	5	3	3	3	3	3	2	2	2	2	2	2	2	2	1	1	1	1	1	1	1	1	1	1	1	1	1	1	1	1	1	1	1	1	1	1	1	1	1	1	1	1	1	1	1	1	1	1	1	1	1	1	
44	6	3	3	3	2	2	1	1	1	1	1	1	1	1	1	1	1	1	1	1	1	1	1	1	1	1	
28	6	5	4	3	3	2	2	2	1	1	1	1	1	1	1	1	1	1	1	1	1	1	1	1	1	1	1	1	1	1	1	
9	6	4	3	3	3	3	3	3	3	3	3	2	2	2	2	2	2	2	2	1	1	1	1	1	1	1	1	1	1	1	1	1	1	
6	4	4	3	3	2	2	2	2	2	2	2	2	1	1	1	1	1	1	1	1	1	1	1	1	1	1	1	1	1	1	1	1	1	1	1	1	1	1	1	1	1	1	1	1	1	1	1	1	1	1	
22	16	7	6	5	3	2	2	2	2	1	1	1	1	1	1	
16	11	6	4	4	3	2	2	2	2	2	2	1	1	1	1	1	1	1	1	1	1	1	1	1	1	1	1	
16	13	13	4	4	3	2	1	1	1	1	1	1	1	1	1	1	1	1	1	1	
9	8	2	2	2	1	1	1	1	1	1	1	1	1	1	1	1	1	1	1	1	1	1	1	1	1	1	1	1	1	1	1	1	1	1	1	1	1	1	1	1	1	1	1	1	1	1	1	1	
11	6	3	3	3	2	2	2	2	2	2	2	1	1	1	1	1	1	1	1	1	1	1	1	1	1	1	1	1	1	1	1	1	1	1	1	1	1	
27	4	3	2	2	2	1	1	1	1	1	1	1	1	1	1	1	1	1	1	1	1	1	1	1	1	
11	7	4	3	2	2	2	2	2	1	1	1	1	1	1	1	1	1	1	1	1	1	1	1	1	1	1	1	1	1	
37	6	2	2	2	1	1	1	1	1	
32	9	6	2	1	1	1	1	1	
6	6	5	4	4	3	2	2	1	1	1	1	1	1	1	1	1	1	1	1	1	1	1	1	1	1	1	1	1	
5	3	3	2	2	1	1	1	1	1	1	1	1	1	1	1	1	1	1	1	1	1	1	1	1	1	1	1	1	1	1	1	1	1	1	1	1	1	1	1	1	1	
4	4	4	4	2	2	2	1	1	1	1	1	1	1	1	1	1	1	1	1	1	1	1	1	1	1	1	1	1	1	1	1	1	1	1	1	
5	5	3	3	3	2	2	2	2	2	2	2	1	1	1	1	1	1	1	1	1	1	1	1	1	1	1	1	
4	4	3	3	2	2	2	1	1	1	1	1	1	1	1	1	1	1	1	1	1	1	1	1	1	1	1	1	1	1	1	1	1	1	1	1	
15	10	6	3	2	2	1	1	1	1	1	1	1	1	1	1	
3	3	3	3	3	2	2	2	2	2	1	1	1	1	1	1	1	1	1	1	1	1	1	1	1	1	1	1	1	1	1	1	
23	5	2	2	2	1	1	1	1	1	1	1	1	1	1	1	
30	8	2	1	1	1	1	1	
7	4	3	3	3	2	2	1	1	1	1	1	1	1	1	1	1	1	1	1	1	1	1	1	1	1	1	
4	3	3	3	2	2	2	1	1	1	1	1	1	1	1	1	1	1	1	1	1	1	1	1	1	1	1	1	1	1	1	
4	3	3	3	2	2	2	1	1	1	1	1	1	1	1	1	1	1	1	1	1	1	1	1	1	1	1	1	1	1	
9	5	5	5	2	2	1	1	1	1	1	1	1	1	1	1	1	1	1	1	
8	7	6	2	2	2	2	1	1	1	1	1	1	1	1	1	1	
12	6	4	3	2	1	1	1	1	1	1	1	1	1	1	
11	4	4	2	2	2	2	1	1	1	1	1	1	1	1	1	
7	4	3	2	2	2	1	1	1	1	1	1	1	1	1	1	1	1	1	1	1	
7	5	5	4	3	1	1	1	1	1	1	1	1	1	1	1	
6	3	3	3	3	2	1	1	1	1	1	1	1	1	1	1	1	1	1	1	1	
2	2	2	2	1	1	1	1	1	1	1	1	1	1	1	1	1	1	1	1	1	1	1	1	1	1	1	1	1	1	
7	4	4	3	2	2	1	1	1	1	1	1	1	1	1	1	1	1	
7	3	3	2	2	2	1	1	1	1	1	1	1	1	1	1	1	1	1	1	1	
10	6	2	2	2	2	2	1	1	1	1	1	1	
10	4	3	2	2	2	2	2	1	1	1	1	1	
3	3	2	2	2	1	1	1	1	1	1	1	1	1	1	1	1	1	1	1	1	1	
17	1	1	1	1	1	1	1	1	1	1	1	1	
9	8	4	3	1	1	1	1	1	
9	4	3	1	1	1	1	1	1	1	1	1	1	1	1	1	
18	4	4	1	1	1	
10	6	2	2	1	1	1	1	1	1	1	1	1	
4	3	2	2	1	1	1	1	1	1	1	1	1	1	1	1	1	1	1	1	1	
8	5	4	1	1	1	1	1	1	1	1	1	1	
7	4	4	4	3	1	1	1	1	1	
7	4	3	2	2	2	2	1	1	1	1	1	
5	4	2	1	1	1	1	1	1	1	1	1	1	1	1	1	1	1	
9	3	2	2	2	1	1	1	1	1	1	1	
9	3	2	2	1	1	1	1	1	1	1	1	1	
6	2	2	1	1	1	1	1	1	1	1	1	1	1	1	1	1	1	
6	5	3	2	2	1	1	1	1	1	1	1	
10	2	2	1	1	1	1	1	1	1	1	1	1	1	
5	3	2	2	2	2	2	1	1	1	1	1	1	
4	4	4	3	2	1	1	1	1	1	1	1	
9	3	2	1	1	1	1	1	1	1	1	1	1	
9	2	2	2	1	1	1	1	1	1	1	1	1	
4	4	2	2	2	2	1	1	1	1	1	1	1	1	
19	2	1	1	
5	2	2	2	1	1	1	1	1	1	1	1	1	1	1	1	
5	4	4	3	2	2	1	1	
3	3	2	2	2	2	1	1	1	1	1	1	1	1	
6	4	4	3	2	1	1	
6	4	2	2	1	1	1	1	1	1	1	
5	2	2	2	1	1	1	1	1	1	1	1	1	1	
6	2	2	2	1	1	1	1	1	1	1	1	1	
6	3	2	1	1	1	1	1	1	1	1	1	
4	3	3	3	2	1	1	1	1	1	
3	2	1	1	1	1	1	1	1	1	1	1	1	1	1	1	1	
3	2	2	1	1	1	1	1	1	1	1	1	1	1	1	1	
4	2	2	2	1	1	1	1	1	1	1	1	1	
4	3	2	2	1	1	1	1	1	1	1	1	
4	4	3	2	1	1	1	1	1	1	
5	3	3	1	1	1	1	1	1	1	1	
2	2	2	1	1	1	1	1	1	1	1	1	1	1	1	1	
7	7	3	1	1	
5	4	2	1	1	1	1	1	1	1	
4	3	3	2	1	1	1	1	1	1	
2	2	2	1	1	1	1	1	1	1	1	1	1	1	1	
5	4	2	1	1	1	1	1	1	1	
7	2	2	1	1	1	1	1	1	1	
11	5	1	
15	1	1	
9	4	2	1	1	
6	5	2	1	1	1	1	
6	2	1	1	1	1	1	1	1	1	1	
6	3	1	1	1	1	1	1	1	
2	1	1	1	1	1	1	1	1	1	1	1	1	1	1	
10	5	
2	2	1	1	1	1	1	1	1	1	1	1	1	
8	2	1	1	1	1	1	
6	3	2	1	1	1	1	
4	3	3	2	1	1	1	
4	4	3	2	1	1	
6	2	1	1	1	1	1	1	1	
12	1	1	1	
4	4	2	1	1	1	1	1	
4	2	2	1	1	1	1	1	1	1	
5	4	2	1	1	1	1	
5	2	2	2	1	1	1	
2	2	1	1	1	1	1	1	1	1	1	1	
4	4	3	2	1	
2	2	1	1	1	1	1	1	1	1	1	1	
4	2	2	1	1	1	1	1	
13	
5	4	1	1	1	1	
4	3	2	1	1	1	1	
6	5	1	1	
5	2	2	1	1	1	1	
2	2	2	2	1	1	1	1	1	
6	1	1	1	1	1	1	1	
5	2	2	1	1	1	1	
4	1	1	1	1	1	1	1	1	
2	1	1	1	1	1	1	1	1	1	1	
4	2	1	1	1	1	1	1	
2	1	1	1	1	1	1	1	1	1	1	
6	2	2	1	1	
1	1	1	1	1	1	1	1	1	1	1	1	
2	2	1	1	1	1	1	1	1	1	
3	3	2	1	1	1	1	
6	2	1	1	1	1	
11	
2	2	1	1	1	1	1	1	1	
6	5	
5	2	1	1	1	1	
3	3	2	2	1	
5	3	2	1	
8	1	1	1	
2	2	1	1	1	1	1	1	
3	2	2	1	1	1	
7	1	1	1	
2	2	1	1	1	1	1	1	
2	1	1	1	1	1	1	1	1	
3	1	1	1	1	1	1	1	
8	1	1	
5	3	1	1	
1	1	1	1	1	1	1	1	1	1	
5	2	1	1	1	
10	
7	2	1	
2	2	1	1	1	1	1	1	
4	2	2	1	1	
5	2	1	1	1	
2	2	1	1	1	1	1	1	
1	1	1	1	1	1	1	1	1	
9	
4	3	1	1	
5	1	1	1	1	
5	2	2	
2	1	1	1	1	1	1	1	
9	
3	1	1	1	1	1	1	
2	2	1	1	1	1	1	
1	1	1	1	1	1	1	1	1	
3	3	1	1	1	
3	3	2	1	
4	2	2	1	
4	1	1	1	1	1	
2	2	2	1	1	1	
4	2	1	1	1	
4	2	1	1	1	
3	1	1	1	1	1	1	
3	1	1	1	1	1	1	
2	2	2	1	1	1	
5	2	1	1	
4	3	2	
4	1	1	1	1	1	
2	1	1	1	1	1	1	1	
2	2	1	1	1	1	1	
2	1	1	1	1	1	1	1	
4	1	1	1	1	
1	1	1	1	1	1	1	1	
2	1	1	1	1	1	1	
4	1	1	1	1	
1	1	1	1	1	1	1	1	
2	2	1	1	1	1	
3	1	1	1	1	1	
3	1	1	1	1	1	
1	1	1	1	1	1	1	1	
2	2	1	1	1	1	
3	1	1	1	1	1	
4	1	1	1	1	
6	1	1	
8	
4	1	1	1	1	
3	2	1	1	1	
1	1	1	1	1	1	1	1	
2	1	1	1	1	1	1	
4	1	1	1	1	
5	2	1	
1	1	1	1	1	1	1	1	
2	2	1	1	1	1	
8	
3	1	1	1	1	
2	2	1	1	1	
1	1	1	1	1	1	1	
4	1	1	1	
2	2	1	1	1	
3	1	1	1	1	
7	
2	2	2	1	
5	1	1	
5	2	
3	2	1	1	
7	
2	2	2	1	
3	1	1	1	1	
2	1	1	1	1	1	
2	2	1	1	1	
5	1	1	
3	2	1	1	
5	1	1	
3	2	1	1	
7	
2	1	1	1	1	1	
5	1	1	
1	1	1	1	1	1	1	
2	1	1	1	1	1	
2	1	1	1	1	
3	2	1	
6	
6	
5	1	
2	2	1	1	
2	1	1	1	1	
2	1	1	1	1	
2	2	1	1	
2	1	1	1	1	
2	2	1	1	
3	1	1	1	
1	1	1	1	1	1	
1	1	1	1	1	1	
2	1	1	1	1	
6	
2	1	1	1	1	
2	1	1	1	1	
4	1	1	
6	
3	1	1	1	
3	1	1	1	
3	3	
1	1	1	1	1	1	
2	1	1	1	1	
4	2	
2	1	1	1	
5	
4	1	
2	1	1	1	
4	1	
2	1	1	1	
2	2	1	
1	1	1	1	1	
3	1	1	
2	2	1	
1	1	1	1	1	
5	
1	1	1	1	1	
1	1	1	1	1	
1	1	1	1	1	
2	1	1	1	
1	1	1	1	1	
1	1	1	1	1	
4	1	
1	1	1	1	1	
2	1	1	1	
1	1	1	1	1	
2	2	1	
2	1	1	1	
3	2	
1	1	1	1	1	
2	1	1	1	
3	1	1	
3	1	1	
1	1	1	1	1	
2	1	1	1	
4	1	
4	1	
2	1	1	1	
1	1	1	1	1	
2	2	1	
2	1	1	1	
4	1	
2	1	1	1	
3	1	1	
2	2	1	
1	1	1	1	
3	1	
3	1	
1	1	1	1	
2	1	1	
1	1	1	1	
3	1	
2	1	1	
3	1	
1	1	1	1	
1	1	1	1	
3	1	
3	1	
2	1	1	
1	1	1	1	
2	1	1	
1	1	1	1	
1	1	1	1	
1	1	1	1	
1	1	1	1	
1	1	1	1	
2	2	
1	1	1	1	
1	1	1	1	
2	1	1	
2	1	1	
1	1	1	1	
2	2	
4	
2	1	1	
3	1	
1	1	1	1	
1	1	1	1	
2	2	
2	1	1	
2	1	1	
2	1	1	
1	1	1	1	
3	1	
2	1	1	
1	1	1	1	
1	1	1	1	
1	1	1	1	
2	1	1	
4	
4	
2	1	1	
1	1	1	1	
1	1	1	1	
1	1	1	1	
2	1	1	
2	1	1	
1	1	1	1	
1	1	1	1	
3	1	
4	
2	1	1	
2	1	1	
1	1	1	1	
2	1	1	
2	1	1	
1	1	1	1	
4	
2	1	1	
2	1	1	
2	1	1	
2	1	1	
1	1	1	1	
1	1	1	1	
3	1	
3	1	
3	1	
2	1	1	
4	
1	1	1	1	
3	1	
2	1	
1	1	1	
1	1	1	
1	1	1	
1	1	1	
1	1	1	
3	
2	1	
2	1	
3	
2	1	
2	1	
1	1	1	
2	1	
1	1	1	
1	1	1	
2	1	
1	1	1	
2	1	
2	1	
1	1	1	
1	1	1	
1	1	1	
1	1	1	
2	1	
2	1	
3	
3	
2	1	
1	1	1	
1	1	1	
1	1	1	
1	1	1	
1	1	1	
1	1	1	
2	1	
2	1	
2	1	
2	1	
1	1	1	
1	1	1	
1	1	1	
2	1	
3	
1	1	1	
1	1	1	
2	1	
1	1	1	
1	1	1	
2	1	
2	1	
1	1	1	
1	1	1	
1	1	1	
2	1	
3	
1	1	1	
1	1	1	
1	1	1	
1	1	1	
1	1	1	
2	1	
1	1	1	
1	1	1	
2	1	
1	1	1	
1	1	1	
1	1	1	
1	1	1	
1	1	1	
1	1	1	
3	
2	1	
1	1	1	
2	1	
2	1	
1	1	1	
2	1	
2	1	
3	
3	
1	1	1	
3	
1	1	1	
1	1	1	
1	1	1	
1	1	1	
1	1	1	
3	
1	1	1	
3	
3	
2	1	
2	1	
1	1	1	
1	1	1	
1	1	1	
1	1	1	
2	1	
1	1	1	
1	1	1	
2	1	
1	1	1	
2	1	
2	1	
1	1	1	
1	1	1	
2	1	
1	1	1	
1	1	1	
1	1	1	
1	1	1	
2	1	
1	1	1	
3	
1	1	1	
1	1	1	
2	1	
1	1	1	
1	1	1	
2	1	
1	1	1	
1	1	1	
2	1	
3	
1	1	1	
2	1	
1	1	1	
1	1	1	
1	1	1	
3	
1	1	1	
1	1	1	
1	1	1	
1	1	1	
2	1	
3	
1	1	1	
2	1	
1	1	1	
1	1	1	
3	
1	1	1	
2	1	
2	1	
1	1	1	
1	1	1	
1	1	1	
1	1	1	
1	1	1	
2	1	
1	1	1	
1	1	1	
2	1	
2	
1	1	
1	1	
2	
1	1	
2	
1	1	
2	
2	
1	1	
2	
2	
2	
1	1	
2	
1	1	
2	
2	
2	
2	
2	
1	1	
1	1	
1	1	
1	1	
1	1	
2	
1	1	
1	1	
2	
2	
1	1	
2	
2	
1	1	
2	
1	1	
1	1	
1	1	
1	1	
1	1	
1	1	
1	1	
1	1	
1	1	
1	1	
1	1	
1	1	
1	1	
1	1	
2	
1	1	
1	1	
1	1	
1	1	
2	
1	1	
1	1	
2	
1	1	
1	1	
1	1	
2	
1	1	
1	1	
1	1	
1	1	
1	1	
1	1	
1	1	
1	1	
1	1	
1	1	
1	1	
1	1	
2	
1	1	
2	
1	1	
1	1	
1	1	
1	1	
1	1	
2	
2	
1	1	
1	1	
1	1	
1	1	
2	
2	
1	1	
2	
1	1	
2	
1	1	
2	
1	1	
1	1	
1	1	
1	1	
1	1	
1	1	
1	1	
1	1	
2	
1	1	
1	1	
1	1	
1	1	
1	1	
2	
1	1	
1	1	
2	
1	1	
2	
1	1	
1	1	
2	
1	1	
1	1	
1	1	
1	1	
1	1	
1	1	
1	1	
1	1	
1	1	
1	1	
2	
1	1	
1	1	
2	
2	
2	
2	
2	
2	
1	1	
1	1	
1	1	
1	1	
1	1	
2	
1	1	
2	
1	1	
2	
1	1	
2	
1	1	
1	1	
2	
1	1	
1	1	
1	1	
1	1	
1	1	
1	1	
1	1	
1	1	
1	1	
1	1	
1	1	
2	
1	1	
2	
1	1	
1	1	
1	1	
1	1	
1	1	
1	1	
1	1	
1	1	
1	1	
1	1	
2	
1	1	
1	1	
1	1	
1	1	
1	1	
1	1	
2	
1	1	
2	
2	
2	
1	1	
1	1	
2	
1	1	
1	1	
1	1	
1	1	
2	
2	
2	
1	1	
1	1	
1	1	
1	1	
1	1	
1	1	
1	1	
1	1	
1	1	
1	1	
2	
2	
1	1	
1	1	
2	
2	
1	1	
1	1	
2	
2	
1	1	
1	1	
1	1	
1	1	
1	1	
1	1	
1	1	
1	1	
2	
1	1	
1	1	
2	
1	1	
1	1	
2	
1	1	
1	1	
2	
1	1	
1	1	
1	1	
1	1	
1	1	
2	
1	1	
2	
2	
1	1	
2	
1	1	
1	1	
2	
1	1	
1	1	
2	
1	1	
1	1	
1	1	
1	1	
2	
1	1	
1	1	
1	1	
1	1	
2	
1	1	
2	
1	1	
2	
1	1	
2	
1	1	
1	
1	
1	
1	
1	
1	
1	
1	
1	
1	
1	
1	
1	
1	
1	
1	
1	
1	
1	
1	
1	
1	
1	
1	
1	
1	
1	
1	
1	
1	
1	
1	
1	
1	
1	
1	
1	
1	
1	
1	
1	
1	
1	
1	
1	
1	
1	
1	
1	
1	
1	
1	
1	
1	
1	
1	
1	
1	
1	
1	
1	
1	
1	
1	
1	
1	
1	
1	
1	
1	
1	
1	
1	
1	
1	
1	
1	
1	
1	
1	
1	
1	
1	
1	
1	
1	
1	
1	
1	
1	
1	
1	
1	
1	
1	
1	
1	
1	
1	
1	
1	
1	
1	
1	
1	
1	
1	
1	
1	
1	
1	
1	
1	
1	
1	
1	
1	
1	
1	
1	
1	
1	
1	
1	
1	
1	
1	
1	
1	
1	
1	
1	
1	
1	
1	
1	
1	
1	
1	
1	
1	
1	
1	
1	
1	
1	
1	
1	
1	
1	
1	
1	
1	
1	
1	
1	
1	
1	
1	
1	
1	
1	
1	
1	
1	
1	
1	
1	
1	
1	
1	
1	
1	
1	
1	
1	
1	
1	
1	
1	
1	
1	
1	
1	
1	
1	
1	
1	
1	
1	
1	
1	
1	
1	
1	
1	
1	
1	
1	
1	
1	
1	
1	
1	
1	
1	
1	
1	
1	
1	
1	
1	
1	
1	
1	
1	
1	
1	
1	
1	
1	
1	
1	
1	
1	
1	
1	
1	
1	
1	
1	
1	
1	
1	
1	
1	
1	
1	
1	
1	
1	
1	
1	
1	
1	
1	
1	
1	
1	
1	
1	
1	
1	
1	
1	
1	
1	
1	
1	
1	
1	
1	
1	
1	
1	
1	
1	
1	
1	
1	
1	
1	
1	
1	
1	
1	
1	
1	
1	
1	
1	
1	
1	
1	
1	
1	
1	
1	
1	
1	
1	
1	
1	
1	
1	
1	
1	
1	
1	
1	
1	
1	
1	
1	
1	
1	
1	
1	
1	
1	
1	
1	
1	
1	
1	
1	
1	
1	
1	
1	
1	
1	
1	
1	
1	
1	
1	
1	
1	
1	
1	
1	
1	
1	
1	
1	
1	
1	
1	
1	
1	
1	
1	
1	
1	
1	
1	
1	
1	
1	
1	
1	
1	
1	
1	
1	
1	
1	
1	
1	
1	
1	
1	
1	
1	
1	
1	
1	
1	
1	
1	
1	
1	
1	
1	
1	
1	
1	
1	
1	
1	
1	
1	
1	
1	
1	
1	
1	
1	
1	
1	
1	
1	
1	
1	
1	
1	
1	
1	
1	
1	
1	
1	
1	
1	
1	
1	
1	
1	
1	
1	
1	
1	
1	
1	
1	
1	
1	
1	
1	
1	
1	
1	
1	
1	
1	
1	
1	
1	
1	
1	
1	
1	
1	
1	
1	
1	
1	
1	
1	
1	
1	
1	
1	
1	
1	
1	
1	
1	
1	
1	
1	
1	
1	
1	
1	
1	
1	
1	
1	
1	
1	
1	
1	
1	
1	
1	
1	
1	
1	
1	
1	
1	
1	
1	
1	
1	
1	
1	
1	
1	
1	
1	
1	
1	
1	
1	
1	
1	
1	
1	
1	
1	
1	
1	
1	
1	
1	
1	
1	
1	
1	
1	
1	
1	
1	
1	
1	
1	
1	
1	
1	
1	
1	
1	
1	
1	
1	
1	
1	
1	
1	
1	
1	
1	
1	
1	
1	
1	
1	
1	
1	
1	
1	
1	
1	
1	
1	
1	
1	
1	
1	
1	
1	
1	
1	
1	
1	
1	
1	
1	
1	
1	
1	
1	
1	
1	
1	
1	
1	
1	
1	
1	
1	
1	
1	
1	
1	
1	
1	
1	
1	
1	
1	
1	
1	
1	
1	
1	
1	
1	
1	
1	
1	
1	
1	
1	
1	
1	
1	
1	
1	
1	
1	
1	
1	
1	
1	
1	
1	
1	
1	
1	
1	
1	
1	
1	
1	
1	
1	
1	
1	
1	
1	
1	
1	
1	
1	
1	
1	
1	
1	
1	
1	
1	
1	
1	
1	
1	
1	
1	
1	
1	
1	
1	
1	
1	
1	
1	
1	
1	
1	
1	
1	
1	
1	
1	
1	
1	
1	
1	
1	
1	
1	
1	
1	
1	
1	
1	
1	
1	
1	
1	
1	
1	
1	
1	
1	
1	
1	
1	
1	
1	
1	
1	
1	
1	
1	
1	
1	
1	
1	
1	
1	
1	
1	
1	
1	
1	
1	
1	
1	
1	
1	
1	
1	
1	
1	
1	
1	
1	
1	
1	
1	
1	
1	
1	
1	
1	
1	
1	
1	
1	
1	
1	
1	
1	
1	
1	
1	
1	
1	
1	
1	
1	
1	
1	
1	
1	
1	
1	
1	
1	
1	
1	
1	
1	
1	
1	
1	
1	
1	
1	
1	
1	
1	
1	
1	
1	
1	
1	
1	
1	
1	
1	
1	
1	
1	
1	
1	
1	
1	
1	
1	
1	
1	
1	
1	
1	
1	
1	
1	
1	
1	
1	
1	
1	
1	
1	
1	
1	
1	
1	
1	
1	
1	
1	
1	
1	
1	
1	
1	
1	
1	
1	
1	
1	
1	
1	
1	
1	
1	
1	
1	
1	
1	
1	
1	
1	
1	
1	
1	
1	
1	
1	
1	
1	
1	
1	
1	
1	
1	
1	
1	
1	
1	
1	
1	
1	
1	
1	
1	
1	
1	
1	
1	
1	
1	
1	
1	
1	
1	
1	
1	
1	
1	
1	
1	
1	
1	
1	
1	
1	
1	
1	
1	
1	
1	
1	
1	
1	
1	
1	
1	
1	
1	
1	
1	
1	
1	
1	
1	
1	
1	
1	
1	
1	
1	
1	
1	
1	
1	
1	
1	
1	
1	
1	
1	
1	
1	
1	
1	
1	
1	
1	
1	
1	
1	
1	
1	
1	
1	
1	
1	
1	
1	
1	
1	
1	
1	
1	
1	
1	
1	
1	
1	
1	
1	
1	
1	
1	
1	
1	
1	
1	
1	
1	
1	
1	
1	
1	
1	
1	
1	
1	
1	
1	
1	
1	
1	
1	
1	
1	
1	
1	
1	
1	
1	
1	
1	
1	
1	
1	
1	
1	
1	
1	
1	
1	
1	
1	
1	
1	
1	
1	
1	
1	
1	
1	
1	
1	
1	
1	
1	
1	
1	
1	
1	
1	
1	
1	
1	
1	
1	
1	
1	
1	
1	
1	
1	
1	
1	
1	
1	
1	
1	
1	
1	
1	
1	
1	
1	
1	
1	
1	
1	
1	
1	
1	
1	
1	
1	
1	
1	
1	
1	
1	
