332	85	71	59	57	41	34	24	19	18	16	16	15	15	15	13	12	12	11	11	10	10	9	8	8	8	7	7	7	6	6	5	5	5	5	5	4	4	4	4	4	4	4	4	4	4	3	3	3	3	3	3	3	3	3	2	2	2	2	2	2	2	2	2	2	2	2	2	2	2	2	2	2	2	2	2	2	2	2	1	1	1	1	1	1	1	1	1	1	1	1	1	1	1	1	1	1	1	1	1	1	1	1	1	1	1	1	1	1	1	1	1	1	1	1	1	1	1	1	1	1	1	1	1	1	1	1	1	1	1	1	1	1	1	1	1	1	1	1	1	1	1	1	1	1	1	1	1	1	1	1	1	1	1	1	1	1	1	1	1	1	
27	20	19	19	18	18	18	18	17	17	17	17	16	16	15	15	14	14	13	13	10	10	9	8	8	8	7	7	6	6	5	5	4	4	4	4	4	4	4	4	3	3	3	3	2	2	2	2	2	2	2	2	1	1	1	1	1	1	1	1	1	1	1	1	1	1	1	1	1	1	1	1	1	1	1	1	1	1	
84	29	21	13	11	10	9	9	9	9	8	7	7	6	6	6	6	5	4	4	4	4	3	3	3	3	3	3	3	3	3	3	3	3	3	3	2	2	2	2	2	2	2	2	2	2	2	2	2	2	2	1	1	1	1	1	1	1	1	1	1	1	1	1	1	1	1	1	1	1	1	1	1	1	1	1	1	1	1	1	1	1	1	1	1	1	1	1	1	1	1	1	1	1	1	1	1	1	1	1	1	1	1	1	1	1	1	1	1	1	1	1	1	1	1	
61	60	36	35	31	14	7	5	5	5	5	4	4	4	4	3	3	3	3	3	3	3	2	2	2	2	2	2	2	2	2	2	2	2	2	2	2	2	2	2	2	1	1	1	1	1	1	1	1	1	1	1	1	1	1	1	1	1	1	1	1	1	1	1	1	1	1	1	1	1	1	1	1	1	1	1	1	1	1	1	1	1	1	1	1	1	1	
146	38	20	13	12	9	8	7	6	5	5	5	4	3	3	3	3	2	2	2	2	2	1	1	1	1	1	1	1	1	1	1	1	1	1	1	
45	44	21	14	9	8	7	7	7	5	4	4	4	4	4	4	3	3	3	3	3	3	3	2	2	2	2	2	2	2	2	2	2	2	1	1	1	1	1	1	1	1	1	1	1	1	1	1	1	1	1	1	1	1	1	1	1	1	1	1	1	1	1	1	1	1	1	1	1	1	1	1	1	1	1	1	1	1	1	1	
81	18	14	12	11	7	7	5	4	4	4	3	3	3	3	3	2	2	2	2	2	2	2	2	1	1	1	1	1	1	1	1	1	1	1	1	1	1	1	1	1	1	1	1	1	1	1	1	1	1	1	1	1	1	1	1	1	1	1	1	1	1	1	1	1	1	1	1	1	1	1	1	1	1	1	1	1	1	1	1	1	1	1	1	1	1	1	
81	31	11	9	8	5	5	5	5	4	4	4	4	3	3	3	2	2	2	2	2	2	2	2	2	2	2	2	1	1	1	1	1	1	1	1	1	1	1	1	1	1	1	1	1	1	1	1	1	1	1	1	1	1	1	1	1	1	1	1	1	1	1	1	1	1	1	1	1	1	
11	10	8	8	7	5	5	5	5	5	4	4	3	3	3	3	3	3	3	3	3	2	2	2	2	2	2	2	2	2	2	2	2	2	2	2	2	2	2	2	2	2	2	2	2	2	2	2	1	1	1	1	1	1	1	1	1	1	1	1	1	1	1	1	1	1	1	1	1	1	1	1	1	1	1	1	1	1	1	1	1	1	1	1	1	1	1	1	1	1	1	1	1	1	1	1	1	1	1	1	1	1	1	1	1	1	1	1	1	1	1	1	1	1	1	1	1	1	1	1	1	1	1	1	1	1	1	1	1	1	1	1	1	1	
67	31	15	12	9	9	9	7	5	5	4	4	4	4	3	3	3	2	2	2	2	2	2	2	1	1	1	1	1	1	1	1	1	1	1	1	1	1	1	1	1	1	1	1	1	1	1	
46	34	15	13	7	7	6	5	4	4	4	3	2	2	2	2	2	2	2	2	1	1	1	1	1	1	1	1	1	1	1	1	1	1	1	1	1	1	1	1	1	1	1	1	1	1	1	1	1	1	1	1	1	
60	51	11	7	5	4	4	3	2	2	2	2	2	1	1	1	1	1	1	1	1	1	1	1	1	1	1	1	1	1	1	1	1	1	1	1	1	1	1	1	1	1	1	1	1	
78	15	9	8	5	5	5	4	4	3	3	3	3	2	2	2	2	2	1	1	1	1	1	1	1	1	1	1	1	1	1	1	1	1	1	1	1	1	1	1	1	1	1	1	1	1	1	1	1	
39	26	11	7	5	5	3	3	3	2	2	2	2	2	2	2	2	2	2	2	2	2	2	2	1	1	1	1	1	1	1	1	1	1	1	1	1	1	1	1	1	1	1	1	1	1	1	1	1	1	1	1	1	1	1	1	1	1	1	1	1	1	1	1	1	1	1	
29	17	15	15	8	5	5	4	4	3	3	3	3	2	2	2	2	2	2	2	1	1	1	1	1	1	1	1	1	1	1	1	1	1	1	1	1	1	1	1	1	1	1	1	1	1	1	1	1	1	1	1	1	1	1	1	1	1	1	1	1	
20	18	11	10	9	9	8	6	5	5	5	4	4	3	3	2	2	2	2	2	1	1	1	1	1	1	1	1	1	1	1	1	1	1	1	1	1	1	1	1	1	1	1	1	1	1	1	1	1	1	1	1	1	1	1	1	1	1	1	
18	14	5	5	5	4	4	4	3	3	3	3	3	2	2	2	2	2	2	2	2	2	2	2	2	2	2	2	2	2	1	1	1	1	1	1	1	1	1	1	1	1	1	1	1	1	1	1	1	1	1	1	1	1	1	1	1	1	1	1	1	1	1	1	1	1	1	1	1	1	1	1	1	1	1	1	1	1	1	1	1	1	1	1	1	
69	21	19	6	4	3	3	2	2	2	2	1	1	1	1	1	1	1	1	1	1	1	1	1	1	1	
58	16	7	5	5	5	4	4	3	3	2	2	2	2	2	1	1	1	1	1	1	1	1	1	1	1	1	1	1	1	1	
19	5	5	5	5	5	4	4	3	3	2	2	2	2	2	2	2	2	2	2	1	1	1	1	1	1	1	1	1	1	1	1	1	1	1	1	1	1	1	1	1	1	1	1	1	1	1	1	1	1	1	1	1	1	1	1	1	1	1	1	1	1	1	1	1	1	1	1	1	1	
58	7	5	5	4	4	3	2	2	2	2	1	1	1	1	1	1	1	1	1	1	1	1	1	1	1	1	1	1	1	1	1	1	1	1	1	1	1	1	1	1	
40	15	11	11	6	6	4	4	3	3	2	2	2	1	1	1	1	1	1	1	1	1	1	1	1	1	
44	16	11	10	9	4	4	4	3	3	2	2	1	1	1	1	1	1	1	1	1	1	
10	7	6	5	5	4	3	3	3	3	3	3	3	3	2	2	2	2	2	2	2	2	2	1	1	1	1	1	1	1	1	1	1	1	1	1	1	1	1	1	1	1	1	1	1	1	1	1	1	1	1	1	1	1	1	1	1	1	1	1	1	1	1	1	1	1	
11	5	4	4	4	3	3	3	3	3	3	3	2	2	2	2	2	2	2	2	2	2	2	2	2	1	1	1	1	1	1	1	1	1	1	1	1	1	1	1	1	1	1	1	1	1	1	1	1	1	1	1	1	1	1	1	1	1	1	1	1	1	1	1	1	1	1	1	1	
25	8	8	6	5	5	5	4	3	3	3	2	2	2	2	2	1	1	1	1	1	1	1	1	1	1	1	1	1	1	1	1	1	1	1	1	1	1	1	1	1	1	1	1	1	1	1	1	1	1	
16	7	6	5	5	4	3	3	3	3	2	2	2	2	2	2	2	2	1	1	1	1	1	1	1	1	1	1	1	1	1	1	1	1	1	1	1	1	1	1	1	1	1	1	1	1	1	1	1	1	1	1	1	1	1	1	1	1	1	1	1	1	1	1	
15	10	5	4	4	4	3	3	3	3	3	2	2	2	2	2	2	2	2	2	2	2	1	1	1	1	1	1	1	1	1	1	1	1	1	1	1	1	1	1	1	1	1	1	1	1	1	1	1	1	1	1	1	1	1	1	1	1	1	1	
7	7	6	6	5	5	5	5	5	5	4	4	4	3	3	3	3	3	2	2	2	2	2	2	2	2	2	2	2	1	1	1	1	1	1	1	1	1	1	1	1	
39	29	10	4	4	3	2	2	2	2	2	1	1	1	1	1	1	1	1	1	1	1	1	1	1	1	1	1	1	
20	17	10	9	8	6	5	3	3	3	2	2	2	1	1	1	1	1	1	1	1	1	1	1	1	1	1	
18	12	9	5	4	4	3	3	3	3	3	3	2	2	2	2	2	2	2	1	1	1	1	1	1	1	1	1	1	1	1	1	1	1	1	1	1	1	
19	5	5	5	5	3	2	2	2	2	2	2	1	1	1	1	1	1	1	1	1	1	1	1	1	1	1	1	1	1	1	1	1	1	1	1	1	1	1	1	1	1	1	1	1	1	1	1	1	1	1	1	1	1	1	1	1	1	1	1	
61	4	4	3	2	2	1	1	1	1	1	1	1	1	1	1	1	1	1	1	1	1	1	1	1	
12	7	7	5	5	4	3	3	2	2	2	1	1	1	1	1	1	1	1	1	1	1	1	1	1	1	1	1	1	1	1	1	1	1	1	1	1	1	1	1	1	1	1	1	1	1	1	1	1	1	1	
8	5	5	5	4	4	4	4	3	3	3	3	3	3	2	2	2	2	2	2	2	2	1	1	1	1	1	1	1	1	1	1	1	1	1	1	1	1	1	
46	8	6	5	3	3	3	3	2	1	1	1	1	1	1	1	1	1	1	1	
20	14	8	5	4	3	3	2	2	2	1	1	1	1	1	1	1	1	1	1	1	1	1	1	1	1	1	1	1	1	1	1	1	1	1	1	1	
20	5	5	4	4	3	3	2	2	2	2	1	1	1	1	1	1	1	1	1	1	1	1	1	1	1	1	1	1	1	1	1	1	1	1	1	1	1	1	1	1	1	1	1	1	1	1	1	
8	4	3	3	2	2	2	2	2	2	2	2	2	2	2	2	1	1	1	1	1	1	1	1	1	1	1	1	1	1	1	1	1	1	1	1	1	1	1	1	1	1	1	1	1	1	1	1	1	1	1	1	1	1	1	1	1	1	1	1	1	1	
19	7	6	3	3	3	2	2	2	2	2	2	2	1	1	1	1	1	1	1	1	1	1	1	1	1	1	1	1	1	1	1	1	1	1	1	1	1	1	1	1	1	1	1	1	
11	9	8	6	6	5	3	3	2	2	2	2	1	1	1	1	1	1	1	1	1	1	1	1	1	1	1	1	1	1	1	1	1	1	1	1	1	1	
47	11	6	6	6	2	2	1	1	1	1	1	
40	7	5	4	4	3	3	2	2	2	2	1	1	1	1	1	1	1	1	1	1	1	
15	10	7	5	5	4	4	3	2	2	2	2	2	1	1	1	1	1	1	1	1	1	1	1	1	1	1	1	1	1	1	1	1	
58	8	3	2	2	2	1	1	1	1	
18	11	9	8	5	5	5	4	3	2	1	1	1	1	1	1	1	1	
18	12	7	6	3	3	3	3	2	2	1	1	1	1	1	1	1	1	1	1	1	1	1	1	1	1	1	
30	12	4	4	3	3	2	2	2	2	2	1	1	1	1	1	1	1	1	1	
35	6	5	4	2	2	2	2	2	1	1	1	1	1	1	1	1	1	1	1	1	1	1	1	
23	7	4	4	4	3	3	3	3	2	2	2	2	1	1	1	1	1	1	1	1	1	1	1	1	
7	3	3	2	2	2	2	1	1	1	1	1	1	1	1	1	1	1	1	1	1	1	1	1	1	1	1	1	1	1	1	1	1	1	1	1	1	1	1	1	1	1	1	1	1	1	1	1	1	1	1	1	1	1	1	1	1	1	1	
17	15	7	7	3	2	2	2	2	1	1	1	1	1	1	1	1	1	1	1	1	1	1	1	
25	4	3	3	2	2	2	2	1	1	1	1	1	1	1	1	1	1	1	1	1	1	1	1	1	1	1	1	1	1	1	1	1	1	1	1	1	
5	4	4	4	3	3	3	2	2	2	2	2	2	2	2	2	2	2	1	1	1	1	1	1	1	1	1	1	1	1	1	1	1	1	1	1	1	1	1	1	1	
31	10	7	3	2	2	2	2	1	1	1	1	1	1	1	1	1	
11	4	4	3	3	2	2	2	2	2	2	1	1	1	1	1	1	1	1	1	1	1	1	1	1	1	1	1	1	1	1	1	1	1	1	1	1	1	1	1	1	1	
9	8	5	4	3	3	3	2	2	2	2	2	2	1	1	1	1	1	1	1	1	1	1	1	1	1	1	1	1	1	1	1	1	1	
63	2	1	1	
42	5	2	2	2	2	1	1	1	1	1	1	1	1	1	1	
12	11	10	7	3	3	3	3	2	2	1	1	1	1	1	1	1	1	
7	7	6	6	4	4	4	4	2	2	2	1	1	1	1	1	1	1	1	1	1	1	1	1	1	1	
29	2	2	2	2	2	1	1	1	1	1	1	1	1	1	1	1	1	1	1	1	1	1	1	1	1	1	1	1	
42	2	2	1	1	1	1	1	1	1	1	1	1	1	1	1	1	1	
7	5	4	4	3	3	3	3	2	2	2	2	2	2	2	2	1	1	1	1	1	1	1	1	1	1	1	1	1	
26	4	3	3	3	3	3	2	1	1	1	1	1	1	1	1	1	1	1	1	1	1	
24	9	4	3	2	1	1	1	1	1	1	1	1	1	1	1	1	1	1	1	1	1	1	1	
15	6	5	4	4	3	3	3	3	2	1	1	1	1	1	1	1	1	1	1	1	1	
7	5	2	2	2	2	2	2	2	2	1	1	1	1	1	1	1	1	1	1	1	1	1	1	1	1	1	1	1	1	1	1	1	1	1	1	1	1	1	1	1	1	
10	9	4	2	2	2	2	2	1	1	1	1	1	1	1	1	1	1	1	1	1	1	1	1	1	1	1	1	1	1	1	1	1	
14	9	9	5	2	2	2	2	2	1	1	1	1	1	1	1	1	1	1	
36	19	1	1	
4	4	3	3	2	2	2	2	2	2	2	2	2	2	2	1	1	1	1	1	1	1	1	1	1	1	1	1	1	1	1	1	1	1	1	
5	4	4	4	3	2	2	2	2	2	2	2	1	1	1	1	1	1	1	1	1	1	1	1	1	1	1	1	1	1	1	1	1	1	
5	5	4	4	3	3	3	3	2	2	2	2	1	1	1	1	1	1	1	1	1	1	1	1	1	1	1	1	1	1	
18	10	8	5	2	2	2	2	1	1	1	1	1	1	
6	6	3	3	2	2	2	2	2	1	1	1	1	1	1	1	1	1	1	1	1	1	1	1	1	1	1	1	1	1	1	1	1	1	1	
6	5	3	3	2	2	2	2	2	1	1	1	1	1	1	1	1	1	1	1	1	1	1	1	1	1	1	1	1	1	1	1	1	1	1	1	
13	6	5	3	3	3	2	2	2	2	2	1	1	1	1	1	1	1	1	1	1	
10	7	5	4	3	2	2	2	2	1	1	1	1	1	1	1	1	1	1	1	1	1	1	1	1	
5	5	5	3	3	3	3	3	2	2	1	1	1	1	1	1	1	1	1	1	1	1	1	1	1	1	1	1	
15	11	3	3	2	2	2	2	2	1	1	1	1	1	1	1	1	1	1	
11	3	3	2	2	1	1	1	1	1	1	1	1	1	1	1	1	1	1	1	1	1	1	1	1	1	1	1	1	1	1	1	1	1	1	
2	2	2	2	2	2	2	2	2	1	1	1	1	1	1	1	1	1	1	1	1	1	1	1	1	1	1	1	1	1	1	1	1	1	1	1	1	1	1	1	1	1	
17	6	6	4	3	2	2	1	1	1	1	1	1	1	1	1	1	1	
7	6	4	4	3	3	2	2	2	2	2	1	1	1	1	1	1	1	1	1	1	1	1	1	
8	5	4	4	3	3	2	2	2	2	1	1	1	1	1	1	1	1	1	1	1	1	1	1	1	
6	5	3	3	2	2	2	2	2	2	2	2	2	2	2	2	1	1	1	1	1	1	1	1	1	
5	2	2	2	2	2	2	2	2	1	1	1	1	1	1	1	1	1	1	1	1	1	1	1	1	1	1	1	1	1	1	1	1	1	1	1	1	
20	9	6	3	3	2	1	1	1	1	1	1	
32	2	2	2	2	2	2	1	1	1	1	1	
41	5	1	1	
5	3	3	2	2	2	2	2	2	1	1	1	1	1	1	1	1	1	1	1	1	1	1	1	1	1	1	1	1	1	1	1	1	1	
11	9	7	4	3	2	2	2	1	1	1	1	1	1	1	1	
12	12	9	4	2	1	1	1	1	1	1	1	
10	9	9	4	4	3	2	2	1	1	1	
13	9	3	1	1	1	1	1	1	1	1	1	1	1	1	1	1	1	1	1	1	1	1	1	
4	4	3	3	3	2	2	2	2	1	1	1	1	1	1	1	1	1	1	1	1	1	1	1	1	1	1	1	1	1	
9	9	4	4	2	2	2	2	1	1	1	1	1	1	1	1	1	1	1	
20	3	2	2	2	2	1	1	1	1	1	1	1	1	1	1	1	1	1	1	
8	5	4	3	2	2	2	1	1	1	1	1	1	1	1	1	1	1	1	1	1	1	1	1	1	
9	9	3	3	2	2	2	1	1	1	1	1	1	1	1	1	1	1	1	1	1	
30	7	2	1	1	1	1	1	
9	7	5	2	2	2	1	1	1	1	1	1	1	1	1	1	1	1	1	1	1	1	
32	5	1	1	1	1	1	1	
15	3	2	2	2	2	2	1	1	1	1	1	1	1	1	1	1	1	1	1	1	
14	4	3	2	2	1	1	1	1	1	1	1	1	1	1	1	1	1	1	1	1	
4	3	3	3	3	2	2	2	2	1	1	1	1	1	1	1	1	1	1	1	1	1	1	1	1	1	
13	3	2	2	2	1	1	1	1	1	1	1	1	1	1	1	1	1	1	1	1	1	1	
4	4	4	3	3	2	1	1	1	1	1	1	1	1	1	1	1	1	1	1	1	1	1	1	1	1	
6	4	4	4	3	3	3	2	1	1	1	1	1	1	1	1	1	1	1	
8	7	3	3	2	2	2	2	2	1	1	1	1	1	1	1	1	1	
7	5	5	4	3	3	1	1	1	1	1	1	1	1	1	1	1	1	
14	5	5	3	2	2	1	1	1	1	1	1	1	1	
8	7	5	2	1	1	1	1	1	1	1	1	1	1	1	1	1	1	1	1	
10	5	2	2	2	2	2	1	1	1	1	1	1	1	1	1	1	1	1	
5	4	4	2	2	2	2	2	2	2	2	2	1	1	1	1	1	1	
10	3	3	2	2	2	2	2	1	1	1	1	1	1	1	1	1	1	
4	3	2	2	1	1	1	1	1	1	1	1	1	1	1	1	1	1	1	1	1	1	1	1	1	1	1	1	
15	2	2	2	2	2	1	1	1	1	1	1	1	1	1	1	
5	5	3	3	3	2	2	2	1	1	1	1	1	1	1	1	1	1	
12	8	3	2	2	1	1	1	1	1	1	1	1	
11	5	3	3	2	2	2	1	1	1	1	1	1	
18	3	2	2	2	1	1	1	1	1	1	1	
9	9	2	2	1	1	1	1	1	1	1	1	1	1	1	1	
26	2	1	1	1	1	1	1	
6	6	5	3	2	2	1	1	1	1	1	1	1	1	1	1	
12	4	2	2	2	1	1	1	1	1	1	1	1	1	1	1	1	
5	5	3	2	2	2	2	1	1	1	1	1	1	1	1	1	1	1	1	1	
6	3	3	2	2	2	1	1	1	1	1	1	1	1	1	1	1	1	1	1	1	
10	5	5	4	2	1	1	1	1	1	1	1	
12	7	5	4	3	2	
18	2	2	2	1	1	1	1	1	1	1	1	1	
6	5	4	2	2	1	1	1	1	1	1	1	1	1	1	1	1	1	1	
7	3	2	2	2	2	2	1	1	1	1	1	1	1	1	1	1	1	1	1	
18	6	4	2	2	
13	2	2	2	1	1	1	1	1	1	1	1	1	1	1	1	1	
9	6	4	3	2	1	1	1	1	1	1	1	1	
11	10	4	4	1	1	1	
7	4	4	4	2	2	1	1	1	1	1	1	1	1	1	
8	3	3	2	2	2	1	1	1	1	1	1	1	1	1	1	1	1	
5	3	3	2	2	2	1	1	1	1	1	1	1	1	1	1	1	1	1	1	
7	5	5	3	2	1	1	1	1	1	1	1	1	1	
16	7	2	2	1	1	1	1	
14	4	3	2	2	1	1	1	1	1	1	
5	5	4	4	3	2	2	1	1	1	1	1	1	
13	3	2	2	2	1	1	1	1	1	1	1	1	1	
5	3	2	2	2	1	1	1	1	1	1	1	1	1	1	1	1	1	1	1	1	
16	3	3	2	1	1	1	1	1	1	
15	8	2	2	2	1	
9	5	1	1	1	1	1	1	1	1	1	1	1	1	1	1	1	1	
9	7	3	2	1	1	1	1	1	1	1	1	1	
21	3	2	1	1	1	1	
11	7	4	2	1	1	1	1	1	
4	3	2	2	2	1	1	1	1	1	1	1	1	1	1	1	1	1	1	1	1	
13	3	3	2	2	1	1	1	1	1	1	
22	6	1	
6	4	3	3	3	2	2	1	1	1	1	1	
5	4	4	3	2	2	1	1	1	1	1	1	1	1	
12	6	2	2	2	1	1	1	1	
8	5	4	4	2	1	1	1	1	
10	6	2	1	1	1	1	1	1	1	1	1	
6	3	2	2	2	1	1	1	1	1	1	1	1	1	1	1	1	
12	3	2	1	1	1	1	1	1	1	1	1	1	
2	2	2	2	2	1	1	1	1	1	1	1	1	1	1	1	1	1	1	1	1	
3	3	2	2	1	1	1	1	1	1	1	1	1	1	1	1	1	1	1	1	
5	2	2	2	1	1	1	1	1	1	1	1	1	1	1	1	1	1	1	
3	3	3	3	2	1	1	1	1	1	1	1	1	1	1	1	1	
7	4	3	2	2	2	1	1	1	1	1	1	
5	3	2	2	2	1	1	1	1	1	1	1	1	1	1	1	1	
9	3	3	2	2	1	1	1	1	1	1	
3	2	2	2	2	2	2	2	2	2	1	1	1	1	
8	5	2	1	1	1	1	1	1	1	1	1	1	
11	10	1	1	1	1	
21	3	1	
6	2	2	2	2	1	1	1	1	1	1	1	1	1	1	1	
7	5	2	2	1	1	1	1	1	1	1	1	1	
10	5	3	2	2	1	1	1	
7	5	3	2	1	1	1	1	1	1	1	1	
5	4	3	2	1	1	1	1	1	1	1	1	1	1	1	
8	3	3	3	2	2	1	1	1	1	
7	4	2	2	1	1	1	1	1	1	1	1	1	
4	3	2	2	1	1	1	1	1	1	1	1	1	1	1	1	1	
12	4	1	1	1	1	1	1	1	1	
6	3	3	3	2	1	1	1	1	1	1	1	
6	5	2	1	1	1	1	1	1	1	1	1	1	1	
6	4	2	2	2	2	1	1	1	1	1	1	
4	3	2	2	2	2	1	1	1	1	1	1	1	1	1	
6	2	2	2	2	1	1	1	1	1	1	1	1	1	1	
6	4	3	2	2	1	1	1	1	1	1	1	
7	6	3	2	1	1	1	1	1	
7	6	2	1	1	1	1	1	1	1	1	
4	3	2	2	2	1	1	1	1	1	1	1	1	1	1	
4	4	2	2	1	1	1	1	1	1	1	1	1	1	1	
7	2	2	1	1	1	1	1	1	1	1	1	1	1	1	
15	3	2	2	1	
7	2	2	1	1	1	1	1	1	1	1	1	1	1	1	
5	5	2	2	1	1	1	1	1	1	1	1	1	
3	2	2	2	1	1	1	1	1	1	1	1	1	1	1	1	1	1	
5	5	3	2	2	1	1	1	1	1	1	
10	4	2	2	2	1	1	
5	4	3	2	2	1	1	1	1	1	1	
10	2	2	2	2	1	1	1	1	
3	2	2	2	2	1	1	1	1	1	1	1	1	1	1	1	
15	2	1	1	1	1	1	
13	2	2	1	1	1	1	
5	3	3	2	2	1	1	1	1	1	1	
18	3	
3	3	2	2	1	1	1	1	1	1	1	1	1	1	1	
9	4	2	2	2	1	1	
7	4	2	1	1	1	1	1	1	1	1	
5	3	3	2	2	1	1	1	1	1	1	
14	1	1	1	1	1	1	1	
19	1	1	
7	3	3	1	1	1	1	1	1	1	1	
5	5	3	3	1	1	1	1	1	
5	4	2	2	2	2	1	1	1	1	
7	4	3	2	2	1	1	1	
2	2	2	2	1	1	1	1	1	1	1	1	1	1	1	1	1	
9	6	2	1	1	1	
4	4	2	1	1	1	1	1	1	1	1	1	1	
5	5	2	1	1	1	1	1	1	1	1	
3	2	2	1	1	1	1	1	1	1	1	1	1	1	1	1	
20	
3	2	2	2	1	1	1	1	1	1	1	1	1	1	1	
4	2	1	1	1	1	1	1	1	1	1	1	1	1	1	1	
4	3	2	2	1	1	1	1	1	1	1	1	1	
10	5	2	1	1	1	
4	4	3	2	1	1	1	1	1	1	1	
7	2	2	1	1	1	1	1	1	1	1	1	
10	2	2	2	1	1	1	1	
7	2	2	1	1	1	1	1	1	1	1	1	
3	2	2	1	1	1	1	1	1	1	1	1	1	1	1	1	
7	3	2	2	1	1	1	1	1	1	
5	3	2	2	2	1	1	1	1	1	1	
4	3	2	2	2	2	2	1	1	1	
5	2	1	1	1	1	1	1	1	1	1	1	1	1	1	
3	2	2	2	1	1	1	1	1	1	1	1	1	1	
1	1	1	1	1	1	1	1	1	1	1	1	1	1	1	1	1	1	1	
9	2	1	1	1	1	1	1	1	1	
3	2	2	1	1	1	1	1	1	1	1	1	1	1	1	
9	1	1	1	1	1	1	1	1	1	1	
8	2	1	1	1	1	1	1	1	1	1	
5	3	1	1	1	1	1	1	1	1	1	1	1	
12	3	1	1	1	1	
2	2	2	2	1	1	1	1	1	1	1	1	1	1	1	
9	1	1	1	1	1	1	1	1	1	1	
17	2	
3	3	3	2	2	2	1	1	1	1	
2	1	1	1	1	1	1	1	1	1	1	1	1	1	1	1	1	1	
9	3	2	1	1	1	1	1	
9	4	1	1	1	1	1	1	
16	1	1	1	
6	3	2	2	1	1	1	1	1	
2	1	1	1	1	1	1	1	1	1	1	1	1	1	1	1	1	
3	2	2	1	1	1	1	1	1	1	1	1	1	1	
12	1	1	1	1	1	1	
12	3	2	1	
2	2	2	2	1	1	1	1	1	1	1	1	1	1	
8	2	2	1	1	1	1	1	1	
3	2	2	1	1	1	1	1	1	1	1	1	1	1	
2	2	1	1	1	1	1	1	1	1	1	1	1	1	1	1	
5	4	3	1	1	1	1	1	1	
7	3	2	1	1	1	1	1	
15	2	
2	1	1	1	1	1	1	1	1	1	1	1	1	1	1	1	
4	4	3	1	1	1	1	1	1	
7	2	2	1	1	1	1	1	1	
5	3	3	2	1	1	1	1	
10	3	2	1	1	
6	3	2	2	1	1	1	1	
6	1	1	1	1	1	1	1	1	1	1	1	
4	4	4	2	2	1	
2	1	1	1	1	1	1	1	1	1	1	1	1	1	1	1	
5	5	2	2	2	1	
8	2	1	1	1	1	1	1	1	
7	5	1	1	1	1	1	
2	1	1	1	1	1	1	1	1	1	1	1	1	1	1	1	
2	2	2	1	1	1	1	1	1	1	1	1	1	1	
2	2	1	1	1	1	1	1	1	1	1	1	1	1	1	
8	3	2	1	1	1	1	
10	2	2	1	1	1	
3	3	2	2	2	1	1	1	1	1	
6	4	3	2	1	1	
12	3	1	1	
5	2	2	2	1	1	1	1	1	
2	2	1	1	1	1	1	1	1	1	1	1	1	1	
5	3	2	1	1	1	1	1	1	
3	2	2	2	2	1	1	1	1	1	
4	2	2	2	1	1	1	1	1	1	
10	2	1	1	1	1	
10	2	2	1	1	
3	3	1	1	1	1	1	1	1	1	1	1	
3	2	2	1	1	1	1	1	1	1	1	1	
6	3	1	1	1	1	1	1	1	
4	1	1	1	1	1	1	1	1	1	1	1	1	
4	2	1	1	1	1	1	1	1	1	1	1	
3	2	2	1	1	1	1	1	1	1	1	1	
5	1	1	1	1	1	1	1	1	1	1	1	
2	2	2	1	1	1	1	1	1	1	1	1	1	
5	1	1	1	1	1	1	1	1	1	1	
7	2	1	1	1	1	1	1	
6	4	2	1	1	1	
7	2	2	2	1	1	
3	2	2	1	1	1	1	1	1	1	1	
3	2	2	1	1	1	1	1	1	1	1	
15	
4	3	1	1	1	1	1	1	1	1	
4	2	2	2	1	1	1	1	1	
6	3	3	1	1	1	
4	2	2	2	2	1	1	1	
9	1	1	1	1	1	1	
2	2	2	1	1	1	1	1	1	1	1	1	
4	3	1	1	1	1	1	1	1	1	
7	2	1	1	1	1	1	1	
7	3	2	2	1	
1	1	1	1	1	1	1	1	1	1	1	1	1	1	1	
5	2	2	1	1	1	1	1	1	
7	1	1	1	1	1	1	1	1	
5	3	1	1	1	1	1	1	1	
2	1	1	1	1	1	1	1	1	1	1	1	1	1	
3	3	1	1	1	1	1	1	1	1	1	
9	5	
14	
2	1	1	1	1	1	1	1	1	1	1	1	1	
5	4	3	1	1	
9	1	1	1	1	1	
3	3	1	1	1	1	1	1	1	1	
8	1	1	1	1	1	1	
2	1	1	1	1	1	1	1	1	1	1	1	1	
4	2	1	1	1	1	1	1	1	1	
7	3	1	1	1	1	
5	3	2	1	1	1	1	
5	3	1	1	1	1	1	1	
2	2	2	1	1	1	1	1	1	1	1	
4	2	1	1	1	1	1	1	1	1	
3	3	2	1	1	1	1	1	1	
5	3	1	1	1	1	1	1	
5	4	2	1	1	1	
3	2	2	1	1	1	1	1	1	
3	2	2	1	1	1	1	1	1	
4	3	3	2	1	
4	2	1	1	1	1	1	1	1	
9	1	1	1	1	
2	2	1	1	1	1	1	1	1	1	1	
3	3	2	1	1	1	1	1	
2	1	1	1	1	1	1	1	1	1	1	1	
4	2	1	1	1	1	1	1	1	
6	2	1	1	1	1	1	
4	3	3	2	1	
3	2	2	2	1	1	1	1	
10	2	1	
4	3	1	1	1	1	1	1	
6	1	1	1	1	1	1	1	
3	2	2	1	1	1	1	1	1	
2	1	1	1	1	1	1	1	1	1	1	1	
4	2	2	1	1	1	1	1	
4	3	2	2	1	1	
2	1	1	1	1	1	1	1	1	1	1	1	
4	2	1	1	1	1	1	1	1	
4	3	2	2	1	1	
2	1	1	1	1	1	1	1	1	1	1	1	
1	1	1	1	1	1	1	1	1	1	1	1	1	
4	1	1	1	1	1	1	1	1	1	
4	1	1	1	1	1	1	1	1	1	
1	1	1	1	1	1	1	1	1	1	1	1	1	
2	2	1	1	1	1	1	1	1	1	1	
3	3	2	2	1	1	1	
3	2	2	1	1	1	1	1	1	
1	1	1	1	1	1	1	1	1	1	1	1	
6	1	1	1	1	1	1	
3	2	1	1	1	1	1	1	1	
7	1	1	1	1	1	
3	2	1	1	1	1	1	1	1	
5	2	2	1	1	1	
9	1	1	1	
5	2	2	1	1	1	
1	1	1	1	1	1	1	1	1	1	1	1	
4	2	2	1	1	1	1	
7	2	1	1	1	
2	2	2	1	1	1	1	1	1	
8	1	1	1	1	
3	2	2	1	1	1	1	1	
5	2	2	1	1	1	
1	1	1	1	1	1	1	1	1	1	1	1	
7	1	1	1	1	1	
3	2	1	1	1	1	1	1	1	
3	2	2	1	1	1	1	1	
9	1	1	1	
2	2	2	2	1	1	1	1	
2	1	1	1	1	1	1	1	1	1	1	
4	2	2	1	1	1	1	
5	5	2	
3	3	1	1	1	1	1	1	
4	4	4	
3	2	2	1	1	1	1	1	
2	2	2	2	1	1	1	1	
3	3	2	1	1	1	1	
2	2	1	1	1	1	1	1	1	1	
3	1	1	1	1	1	1	1	1	1	
3	2	2	1	1	1	1	1	
4	2	1	1	1	1	1	1	
7	2	1	1	1	
4	3	2	1	1	1	
7	1	1	1	1	1	
4	1	1	1	1	1	1	1	
10	1	
4	3	1	1	1	1	
2	2	2	1	1	1	1	1	
3	2	1	1	1	1	1	1	
3	2	2	1	1	1	1	
8	1	1	1	
4	1	1	1	1	1	1	1	
2	1	1	1	1	1	1	1	1	1	
3	2	1	1	1	1	1	1	
5	2	1	1	1	1	
2	2	1	1	1	1	1	1	1	
2	2	1	1	1	1	1	1	1	
7	2	2	
3	2	1	1	1	1	1	1	
2	1	1	1	1	1	1	1	1	1	
2	1	1	1	1	1	1	1	1	1	
6	5	
3	2	1	1	1	1	1	1	
4	2	2	1	1	1	
2	2	1	1	1	1	1	1	1	
2	2	1	1	1	1	1	1	1	
1	1	1	1	1	1	1	1	1	1	1	
3	2	1	1	1	1	1	1	
5	1	1	1	1	1	1	
2	2	1	1	1	1	1	1	1	
2	1	1	1	1	1	1	1	1	1	
3	2	1	1	1	1	1	1	
10	1	
2	2	2	1	1	1	1	1	
6	2	1	1	1	
2	2	1	1	1	1	1	1	1	
4	3	1	1	1	1	
5	1	1	1	1	1	1	
3	2	1	1	1	1	1	1	
2	2	1	1	1	1	1	1	
5	1	1	1	1	1	
2	1	1	1	1	1	1	1	1	
3	2	1	1	1	1	1	
4	3	1	1	1	
3	1	1	1	1	1	1	1	
4	3	2	1	
2	2	1	1	1	1	1	1	
6	1	1	1	1	
3	1	1	1	1	1	1	1	
6	2	1	1	
5	2	1	1	1	
9	1	
7	2	1	
3	1	1	1	1	1	1	1	
4	2	2	1	1	
6	1	1	1	1	
1	1	1	1	1	1	1	1	1	1	
2	2	1	1	1	1	1	1	
4	2	1	1	1	1	
2	1	1	1	1	1	1	1	1	
5	3	1	1	
2	2	1	1	1	1	1	1	
2	2	1	1	1	1	1	1	
4	1	1	1	1	1	1	
8	1	1	
5	3	1	1	
4	4	2	
2	1	1	1	1	1	1	1	1	
5	1	1	1	1	1	
1	1	1	1	1	1	1	1	1	1	
3	3	2	1	1	
5	2	1	1	1	
6	1	1	1	1	
3	1	1	1	1	1	1	1	
6	1	1	1	1	
2	2	1	1	1	1	1	1	
6	1	1	1	1	
3	2	2	1	1	1	
6	1	1	1	1	
3	2	1	1	1	1	1	
5	2	1	1	1	
2	2	1	1	1	1	1	1	
2	2	1	1	1	1	1	1	
3	2	1	1	1	1	1	
3	2	1	1	1	1	1	
2	1	1	1	1	1	1	1	1	
2	2	2	2	1	1	
2	2	2	1	1	1	
5	1	1	1	1	
2	1	1	1	1	1	1	1	
3	2	2	1	1	
5	4	
5	2	1	1	
6	1	1	1	
6	2	1	
3	2	1	1	1	1	
5	2	1	1	
3	2	1	1	1	1	
2	1	1	1	1	1	1	1	
4	3	1	1	
2	2	1	1	1	1	1	
2	1	1	1	1	1	1	1	
2	2	1	1	1	1	1	
8	1	
3	3	1	1	1	
4	2	1	1	1	
2	2	1	1	1	1	1	
5	3	1	
2	1	1	1	1	1	1	1	
2	2	1	1	1	1	1	
8	1	
6	2	1	
6	2	1	
3	2	1	1	1	1	
5	1	1	1	1	
4	2	1	1	1	
3	3	1	1	1	
3	3	1	1	1	
6	2	1	
1	1	1	1	1	1	1	1	1	
3	3	1	1	1	
9	
2	2	2	1	1	1	
5	3	1	
3	1	1	1	1	1	1	
4	2	1	1	1	
3	2	1	1	1	1	
5	3	1	
2	2	2	1	1	1	
4	2	1	1	1	
2	1	1	1	1	1	1	1	
3	1	1	1	1	1	1	
2	2	1	1	1	1	1	
2	1	1	1	1	1	1	1	
3	2	1	1	1	1	
2	1	1	1	1	1	1	
5	2	1	
2	1	1	1	1	1	1	
6	1	1	
3	1	1	1	1	1	
4	1	1	1	1	
1	1	1	1	1	1	1	1	
3	2	1	1	1	
4	2	1	1	
2	2	2	1	1	
3	1	1	1	1	1	
1	1	1	1	1	1	1	1	
1	1	1	1	1	1	1	1	
2	1	1	1	1	1	1	
2	1	1	1	1	1	1	
3	1	1	1	1	1	
1	1	1	1	1	1	1	1	
5	2	1	
3	2	2	1	
2	1	1	1	1	1	1	
1	1	1	1	1	1	1	1	
2	1	1	1	1	1	1	
5	1	1	1	
2	1	1	1	1	1	1	
2	1	1	1	1	1	1	
8	
3	2	2	1	
3	1	1	1	1	1	
2	1	1	1	1	1	1	
2	2	1	1	1	1	
5	1	1	1	
2	1	1	1	1	1	1	
6	1	1	
2	1	1	1	1	1	1	
1	1	1	1	1	1	1	1	
4	1	1	1	1	
2	1	1	1	1	1	1	
2	1	1	1	1	1	1	
3	2	1	1	1	
3	2	1	1	1	
7	1	
4	2	1	1	
2	2	1	1	1	1	
1	1	1	1	1	1	1	1	
2	2	1	1	1	1	
2	2	1	1	1	1	
3	2	1	1	1	
1	1	1	1	1	1	1	1	
3	1	1	1	1	1	
3	2	1	1	1	
7	1	
5	3	
4	1	1	1	1	
3	2	1	1	1	
2	2	2	2	
2	2	1	1	1	1	
1	1	1	1	1	1	1	1	
3	1	1	1	1	1	
5	2	1	
3	2	1	1	1	
4	4	
1	1	1	1	1	1	1	1	
2	1	1	1	1	1	1	
3	2	1	1	1	
5	1	1	1	
3	1	1	1	1	1	
4	1	1	1	1	
2	2	1	1	1	1	
4	2	1	1	
3	1	1	1	1	
3	2	2	
3	2	1	1	
6	1	
5	1	1	
3	1	1	1	1	
3	1	1	1	1	
6	1	
1	1	1	1	1	1	1	
3	2	1	1	
3	1	1	1	1	
3	1	1	1	1	
2	2	1	1	1	
3	1	1	1	1	
2	1	1	1	1	1	
3	2	1	1	
3	1	1	1	1	
2	1	1	1	1	1	
1	1	1	1	1	1	1	
5	1	1	
2	1	1	1	1	1	
3	2	1	1	
2	1	1	1	1	1	
6	1	
3	3	1	
2	2	1	1	1	
2	1	1	1	1	1	
2	2	1	1	1	
3	2	1	1	
3	1	1	1	1	
3	2	1	1	
2	1	1	1	1	1	
3	2	1	1	
2	2	1	1	1	
3	1	1	1	1	
7	
4	1	1	1	
3	2	1	1	
4	1	1	1	
3	1	1	1	1	
6	1	
4	1	1	1	
2	1	1	1	1	1	
2	1	1	1	1	1	
3	2	1	1	
6	1	
4	1	1	1	
2	1	1	1	1	1	
1	1	1	1	1	1	1	
4	2	1	
2	1	1	1	1	1	
4	2	1	
2	2	2	1	
5	2	
3	3	1	
1	1	1	1	1	1	1	
7	
5	1	1	
2	1	1	1	1	1	
1	1	1	1	1	1	1	
3	2	1	1	
5	1	1	
2	1	1	1	1	1	
2	1	1	1	1	1	
2	2	1	1	1	
3	1	1	1	1	
3	2	1	1	
2	2	1	1	1	
2	1	1	1	1	1	
5	2	
1	1	1	1	1	1	1	
2	2	1	1	1	
4	1	1	1	
3	2	1	1	
7	
3	2	1	1	
6	1	
4	1	1	
3	1	1	1	
4	1	1	
4	2	
2	1	1	1	1	
2	1	1	1	1	
4	1	1	
4	1	1	
5	1	
2	1	1	1	1	
3	2	1	
3	2	1	
2	1	1	1	1	
2	2	1	1	
3	1	1	1	
3	1	1	1	
1	1	1	1	1	1	
1	1	1	1	1	1	
1	1	1	1	1	1	
1	1	1	1	1	1	
6	
2	1	1	1	1	
2	1	1	1	1	
4	1	1	
3	1	1	1	
2	1	1	1	1	
5	1	
5	1	
1	1	1	1	1	1	
4	1	1	
3	1	1	1	
2	1	1	1	1	
6	
3	1	1	1	
2	2	1	1	
3	1	1	1	
2	1	1	1	1	
4	1	1	
2	1	1	1	1	
4	1	1	
4	2	
4	2	
2	2	1	1	
2	1	1	1	1	
2	1	1	1	1	
2	1	1	1	1	
1	1	1	1	1	1	
1	1	1	1	1	1	
2	2	1	1	
1	1	1	1	1	1	
2	2	1	1	
2	1	1	1	1	
3	1	1	1	
5	1	
3	3	
2	1	1	1	1	
5	1	
4	1	1	
6	
4	2	
6	
3	1	1	1	
1	1	1	1	1	1	
6	
2	1	1	1	1	
2	1	1	1	1	
4	1	1	
6	
2	1	1	1	1	
5	1	
4	2	
1	1	1	1	1	1	
5	1	
5	1	
3	1	1	1	
6	
2	1	1	1	1	
6	
2	1	1	1	1	
1	1	1	1	1	1	
3	2	1	
1	1	1	1	1	1	
3	2	1	
2	1	1	1	1	
3	1	1	1	
3	1	1	1	
4	1	1	
2	1	1	1	1	
2	1	1	1	1	
2	1	1	1	1	
2	1	1	1	1	
2	1	1	1	1	
2	1	1	1	1	
3	2	1	
2	1	1	1	1	
1	1	1	1	1	1	
6	
4	1	1	
1	1	1	1	1	1	
1	1	1	1	1	1	
3	1	1	1	
2	1	1	1	1	
6	
2	1	1	1	1	
3	3	
5	1	
4	1	1	
1	1	1	1	1	1	
3	1	1	1	
3	1	1	1	
1	1	1	1	1	1	
2	1	1	1	
2	1	1	1	
1	1	1	1	1	
2	1	1	1	
2	2	1	
2	1	1	1	
1	1	1	1	1	
1	1	1	1	1	
4	1	
2	1	1	1	
1	1	1	1	1	
1	1	1	1	1	
5	
4	1	
2	1	1	1	
2	2	1	
2	1	1	1	
4	1	
2	1	1	1	
2	1	1	1	
4	1	
4	1	
3	1	1	
1	1	1	1	1	
3	2	
2	2	1	
3	1	1	
1	1	1	1	1	
2	1	1	1	
2	1	1	1	
4	1	
2	1	1	1	
2	2	1	
1	1	1	1	1	
3	1	1	
2	1	1	1	
2	1	1	1	
2	1	1	1	
1	1	1	1	1	
1	1	1	1	1	
2	1	1	1	
2	1	1	1	
4	1	
1	1	1	1	1	
3	1	1	
4	1	
2	1	1	1	
2	2	1	
1	1	1	1	1	
2	2	1	
2	1	1	1	
1	1	1	1	1	
2	1	1	1	
1	1	1	1	1	
1	1	1	1	1	
2	1	1	1	
1	1	1	1	1	
1	1	1	1	1	
1	1	1	1	1	
2	1	1	1	
2	1	1	1	
1	1	1	1	1	
1	1	1	1	1	
4	1	
1	1	1	1	1	
5	
3	1	1	
2	1	1	1	
3	1	1	
3	1	1	
2	1	1	1	
2	1	1	1	
3	1	1	
1	1	1	1	1	
4	1	
2	1	1	1	
3	2	
3	1	1	
2	1	1	1	
3	1	1	
4	1	
4	1	
4	1	
2	1	1	1	
2	1	1	1	
1	1	1	1	1	
2	1	1	1	
2	1	1	1	
1	1	1	1	1	
2	2	1	
4	1	
2	1	1	1	
3	1	1	
2	1	1	1	
1	1	1	1	1	
3	2	
2	2	1	
1	1	1	1	1	
2	2	1	
5	
2	1	1	1	
2	1	1	1	
2	1	1	1	
1	1	1	1	1	
2	1	1	1	
1	1	1	1	1	
1	1	1	1	1	
4	1	
1	1	1	1	1	
3	1	1	
1	1	1	1	1	
1	1	1	1	1	
1	1	1	1	1	
2	1	1	1	
2	1	1	1	
2	1	1	1	
2	1	1	1	
3	2	
1	1	1	1	1	
1	1	1	1	1	
2	1	1	1	
1	1	1	1	1	
3	1	1	
2	1	1	1	
3	1	1	
3	1	1	
1	1	1	1	1	
3	2	
2	1	1	1	
2	2	1	
1	1	1	1	1	
3	1	1	
1	1	1	1	1	
1	1	1	1	1	
1	1	1	1	1	
4	1	
4	1	
4	1	
2	1	1	1	
1	1	1	1	1	
2	1	1	1	
2	2	1	
4	1	
1	1	1	1	1	
2	1	1	1	
1	1	1	1	1	
2	1	1	1	
2	1	1	1	
4	1	
5	
5	
2	1	1	1	
3	1	
1	1	1	1	
2	1	1	
2	1	1	
2	1	1	
4	
1	1	1	1	
2	1	1	
2	1	1	
1	1	1	1	
2	1	1	
1	1	1	1	
2	1	1	
2	1	1	
2	1	1	
4	
2	1	1	
2	2	
1	1	1	1	
2	1	1	
1	1	1	1	
1	1	1	1	
2	1	1	
1	1	1	1	
2	1	1	
2	1	1	
1	1	1	1	
3	1	
2	1	1	
1	1	1	1	
2	1	1	
3	1	
2	1	1	
4	
2	1	1	
2	1	1	
1	1	1	1	
2	1	1	
1	1	1	1	
3	1	
4	
2	2	
2	1	1	
1	1	1	1	
2	1	1	
2	1	1	
1	1	1	1	
1	1	1	1	
1	1	1	1	
2	1	1	
3	1	
3	1	
2	1	1	
3	1	
1	1	1	1	
1	1	1	1	
2	2	
3	1	
4	
1	1	1	1	
2	1	1	
3	1	
2	1	1	
2	1	1	
2	1	1	
2	2	
1	1	1	1	
1	1	1	1	
2	1	1	
3	1	
2	2	
1	1	1	1	
2	1	1	
1	1	1	1	
2	1	1	
4	
2	2	
3	1	
1	1	1	1	
2	2	
4	
2	1	1	
2	1	1	
3	1	
1	1	1	1	
2	1	1	
2	1	1	
2	1	1	
1	1	1	1	
1	1	1	1	
1	1	1	1	
4	
1	1	1	1	
4	
4	
3	1	
2	1	1	
2	1	1	
2	1	1	
1	1	1	1	
2	1	1	
3	1	
3	1	
2	1	1	
1	1	1	1	
1	1	1	1	
2	1	1	
2	1	1	
1	1	1	1	
3	1	
1	1	1	1	
4	
2	1	1	
2	1	1	
1	1	1	1	
3	1	
1	1	1	1	
2	1	1	
3	1	
1	1	1	1	
2	2	
2	1	1	
1	1	1	1	
2	2	
2	1	1	
1	1	1	1	
1	1	1	1	
3	1	
3	1	
2	1	1	
3	1	
2	1	1	
1	1	1	1	
2	1	1	
1	1	1	1	
2	1	1	
3	1	
4	
1	1	1	1	
4	
2	1	1	
2	1	1	
3	1	
2	1	1	
1	1	1	1	
4	
2	1	1	
2	1	1	
1	1	1	1	
2	1	1	
2	1	1	
2	1	1	
2	1	1	
2	1	1	
1	1	1	1	
2	1	1	
2	1	1	
2	1	1	
1	1	1	1	
1	1	1	1	
2	2	
3	1	
1	1	1	1	
3	1	
1	1	1	1	
1	1	1	1	
2	2	
4	
1	1	1	1	
2	2	
2	1	1	
2	1	1	
2	1	1	
2	1	1	
4	
2	1	1	
3	1	
1	1	1	1	
2	1	1	
1	1	1	1	
3	1	
2	1	1	
1	1	1	1	
2	1	1	
1	1	1	1	
2	1	1	
2	1	1	
4	
2	1	1	
4	
1	1	1	1	
2	1	1	
2	1	1	
3	1	
1	1	1	1	
1	1	1	1	
3	1	
1	1	1	1	
1	1	1	1	
1	1	1	1	
3	1	
2	1	1	
2	1	1	
3	1	
1	1	1	1	
1	1	1	1	
1	1	1	1	
2	1	1	
2	1	1	
1	1	1	1	
2	1	1	
4	
1	1	1	1	
2	1	1	
1	1	1	1	
3	1	
2	2	
1	1	1	1	
1	1	1	1	
4	
1	1	1	1	
4	
1	1	1	1	
1	1	1	1	
1	1	1	1	
2	1	1	
1	1	1	1	
2	1	1	
2	1	1	
1	1	1	1	
3	1	
4	
2	1	1	
1	1	1	1	
1	1	1	1	
2	1	1	
3	1	
1	1	1	1	
2	1	1	
1	1	1	1	
2	1	1	
3	1	
1	1	1	1	
2	1	1	
2	1	1	
1	1	1	1	
2	1	1	
2	1	1	
1	1	1	1	
1	1	1	1	
3	1	
1	1	1	1	
1	1	1	1	
2	1	1	
2	1	1	
2	1	1	
2	1	1	
2	1	1	
1	1	1	1	
2	1	1	
2	1	1	
1	1	1	1	
2	1	1	
3	1	
2	1	1	
2	1	1	
1	1	1	1	
1	1	1	
2	1	
2	1	
1	1	1	
1	1	1	
2	1	
1	1	1	
3	
3	
1	1	1	
2	1	
1	1	1	
3	
1	1	1	
1	1	1	
1	1	1	
1	1	1	
1	1	1	
2	1	
1	1	1	
2	1	
1	1	1	
1	1	1	
1	1	1	
2	1	
1	1	1	
2	1	
1	1	1	
1	1	1	
2	1	
1	1	1	
2	1	
1	1	1	
2	1	
1	1	1	
1	1	1	
2	1	
1	1	1	
1	1	1	
2	1	
2	1	
1	1	1	
3	
2	1	
1	1	1	
3	
3	
2	1	
1	1	1	
1	1	1	
2	1	
1	1	1	
2	1	
1	1	1	
1	1	1	
1	1	1	
2	1	
1	1	1	
1	1	1	
2	1	
1	1	1	
2	1	
1	1	1	
3	
1	1	1	
1	1	1	
1	1	1	
1	1	1	
2	1	
2	1	
1	1	1	
2	1	
1	1	1	
1	1	1	
1	1	1	
2	1	
1	1	1	
1	1	1	
2	1	
1	1	1	
3	
3	
3	
1	1	1	
2	1	
1	1	1	
2	1	
3	
2	1	
1	1	1	
1	1	1	
1	1	1	
2	1	
3	
1	1	1	
2	1	
1	1	1	
1	1	1	
2	1	
3	
2	1	
2	1	
1	1	1	
1	1	1	
2	1	
1	1	1	
2	1	
1	1	1	
2	1	
2	1	
2	1	
1	1	1	
1	1	1	
3	
2	1	
1	1	1	
3	
1	1	1	
2	1	
3	
1	1	1	
2	1	
1	1	1	
2	1	
2	1	
2	1	
2	1	
3	
3	
1	1	1	
1	1	1	
1	1	1	
3	
1	1	1	
1	1	1	
1	1	1	
2	1	
1	1	1	
1	1	1	
2	1	
3	
1	1	1	
2	1	
1	1	1	
1	1	1	
3	
3	
1	1	1	
2	1	
3	
1	1	1	
1	1	1	
2	1	
1	1	1	
1	1	1	
3	
2	1	
1	1	1	
1	1	1	
1	1	1	
1	1	1	
3	
1	1	1	
1	1	1	
1	1	1	
1	1	1	
1	1	1	
2	1	
1	1	1	
3	
1	1	1	
1	1	1	
2	1	
1	1	1	
2	1	
1	1	1	
2	1	
3	
1	1	1	
1	1	1	
1	1	1	
2	1	
2	1	
3	
2	1	
2	1	
1	1	1	
1	1	1	
1	1	1	
3	
2	1	
1	1	1	
1	1	1	
3	
1	1	1	
3	
1	1	1	
2	1	
2	1	
3	
1	1	1	
3	
2	1	
2	1	
1	1	1	
2	1	
2	1	
3	
2	1	
1	1	1	
1	1	1	
1	1	1	
1	1	1	
2	1	
1	1	1	
1	1	1	
3	
1	1	1	
3	
1	1	1	
1	1	1	
2	1	
2	1	
1	1	1	
3	
3	
2	1	
1	1	1	
2	1	
3	
1	1	1	
2	1	
1	1	1	
3	
1	1	1	
1	1	1	
1	1	1	
3	
1	1	1	
1	1	1	
1	1	1	
2	1	
1	1	1	
3	
2	1	
1	1	1	
1	1	1	
1	1	1	
3	
3	
1	1	1	
1	1	1	
1	1	1	
1	1	1	
3	
3	
1	1	1	
1	1	1	
3	
1	1	1	
2	1	
3	
1	1	1	
2	1	
2	1	
3	
1	1	1	
1	1	1	
1	1	1	
2	1	
1	1	1	
2	1	
1	1	1	
1	1	1	
1	1	1	
2	1	
1	1	1	
1	1	1	
1	1	1	
1	1	1	
2	1	
1	1	1	
1	1	1	
1	1	1	
1	1	1	
1	1	1	
1	1	1	
1	1	1	
1	1	1	
1	1	1	
1	1	1	
1	1	1	
1	1	1	
1	1	1	
1	1	1	
1	1	1	
1	1	1	
2	1	
1	1	1	
1	1	1	
2	1	
1	1	1	
2	1	
2	1	
1	1	1	
1	1	1	
2	1	
1	1	1	
1	1	1	
1	1	1	
2	1	
2	1	
2	1	
1	1	1	
2	1	
1	1	1	
3	
1	1	1	
1	1	1	
1	1	1	
1	1	1	
1	1	1	
1	1	1	
1	1	1	
1	1	1	
2	1	
1	1	1	
2	1	
1	1	1	
1	1	1	
1	1	1	
1	1	1	
2	1	
3	
3	
3	
1	1	1	
2	1	
3	
1	1	1	
2	1	
1	1	1	
1	1	1	
1	1	1	
2	1	
3	
3	
1	1	1	
1	1	1	
1	1	1	
2	1	
1	1	1	
3	
2	1	
1	1	1	
1	1	1	
1	1	1	
3	
2	1	
2	1	
1	1	1	
1	1	1	
1	1	1	
1	1	1	
2	1	
1	1	1	
1	1	1	
1	1	1	
1	1	1	
2	1	
1	1	1	
1	1	1	
1	1	1	
2	1	
1	1	1	
1	1	1	
2	1	
2	1	
1	1	1	
3	
2	1	
2	1	
2	1	
1	1	1	
2	1	
2	1	
1	1	1	
3	
2	1	
1	1	1	
3	
1	1	1	
1	1	1	
2	1	
1	1	1	
1	1	1	
3	
1	1	1	
1	1	1	
1	1	1	
1	1	1	
1	1	1	
1	1	1	
2	1	
1	1	1	
2	1	
1	1	1	
2	1	
1	1	1	
2	1	
2	1	
1	1	1	
2	1	
2	1	
2	1	
1	1	1	
1	1	1	
3	
1	1	1	
2	1	
1	1	1	
3	
1	1	1	
2	1	
3	
1	1	1	
1	1	1	
2	1	
2	1	
2	1	
3	
2	1	
2	1	
3	
3	
1	1	1	
2	1	
2	1	
3	
1	1	1	
1	1	1	
2	1	
1	1	1	
2	1	
1	1	1	
3	
2	1	
1	1	1	
1	1	1	
2	1	
1	1	1	
2	1	
2	1	
1	1	1	
1	1	1	
1	1	1	
1	1	1	
3	
1	1	1	
1	1	1	
3	
1	1	1	
1	1	1	
2	1	
1	1	1	
2	1	
2	1	
2	1	
1	1	1	
1	1	
1	1	
1	1	
1	1	
1	1	
1	1	
2	
1	1	
2	
1	1	
1	1	
2	
1	1	
1	1	
1	1	
1	1	
1	1	
1	1	
1	1	
2	
1	1	
1	1	
1	1	
1	1	
1	1	
1	1	
2	
2	
2	
1	1	
1	1	
2	
1	1	
1	1	
1	1	
1	1	
1	1	
2	
1	1	
1	1	
2	
2	
1	1	
1	1	
1	1	
1	1	
1	1	
1	1	
1	1	
1	1	
1	1	
1	1	
1	1	
1	1	
1	1	
1	1	
1	1	
1	1	
1	1	
2	
2	
2	
1	1	
1	1	
2	
2	
2	
1	1	
2	
1	1	
2	
1	1	
1	1	
1	1	
1	1	
2	
1	1	
1	1	
1	1	
1	1	
1	1	
1	1	
1	1	
1	1	
1	1	
1	1	
2	
1	1	
1	1	
1	1	
2	
1	1	
1	1	
1	1	
1	1	
2	
1	1	
1	1	
1	1	
1	1	
2	
1	1	
2	
1	1	
1	1	
2	
2	
1	1	
1	1	
1	1	
2	
1	1	
1	1	
1	1	
2	
1	1	
2	
2	
1	1	
2	
1	1	
1	1	
1	1	
1	1	
2	
1	1	
2	
2	
2	
1	1	
1	1	
2	
2	
1	1	
2	
2	
1	1	
1	1	
1	1	
1	1	
1	1	
2	
1	1	
1	1	
1	1	
1	1	
1	1	
2	
1	1	
2	
1	1	
1	1	
1	1	
1	1	
1	1	
2	
2	
2	
1	1	
1	1	
1	1	
1	1	
1	1	
1	1	
1	1	
1	1	
1	1	
2	
2	
1	1	
1	1	
1	1	
1	1	
1	1	
2	
1	1	
2	
1	1	
1	1	
1	1	
1	1	
1	1	
1	1	
1	1	
1	1	
1	1	
1	1	
1	1	
2	
2	
2	
2	
1	1	
1	1	
1	1	
1	1	
2	
1	1	
1	1	
1	1	
2	
1	1	
1	1	
1	1	
1	1	
1	1	
1	1	
2	
1	1	
2	
2	
1	1	
1	1	
2	
1	1	
1	1	
2	
1	1	
2	
1	1	
2	
1	1	
1	1	
2	
1	1	
1	1	
1	1	
1	1	
1	1	
1	1	
1	1	
1	1	
1	1	
1	1	
1	1	
1	1	
1	1	
1	1	
1	1	
1	1	
1	1	
1	1	
2	
1	1	
1	1	
2	
1	1	
1	1	
1	1	
1	1	
1	1	
1	1	
2	
1	1	
1	1	
1	1	
2	
2	
1	1	
1	1	
1	1	
1	1	
2	
2	
1	1	
1	1	
1	1	
1	1	
2	
2	
2	
1	1	
1	1	
1	1	
1	1	
1	1	
2	
1	1	
1	1	
1	1	
1	1	
2	
2	
1	1	
1	1	
2	
2	
1	1	
1	1	
1	1	
1	1	
2	
2	
1	1	
1	1	
1	1	
2	
1	1	
1	1	
1	1	
1	1	
1	1	
2	
1	1	
1	1	
1	1	
2	
1	1	
2	
2	
1	1	
1	1	
2	
2	
2	
1	1	
2	
1	1	
1	1	
2	
1	1	
1	1	
1	1	
1	1	
2	
1	1	
1	1	
1	1	
1	1	
1	1	
2	
1	1	
1	1	
1	1	
1	1	
1	1	
1	1	
1	1	
2	
1	1	
2	
1	1	
1	1	
1	1	
2	
1	1	
2	
1	1	
2	
1	1	
1	1	
1	1	
2	
1	1	
1	1	
2	
1	1	
2	
1	1	
1	1	
1	1	
1	1	
1	1	
1	1	
1	1	
2	
1	1	
1	1	
1	1	
1	1	
1	1	
1	1	
1	1	
2	
1	1	
2	
1	1	
2	
1	1	
1	1	
2	
1	1	
2	
1	1	
1	1	
2	
1	1	
2	
1	1	
1	1	
1	1	
1	1	
1	1	
1	1	
1	1	
1	1	
2	
1	1	
1	1	
1	1	
1	1	
2	
1	1	
1	1	
1	1	
1	1	
1	1	
1	1	
2	
1	1	
1	1	
1	1	
1	1	
1	1	
2	
1	1	
2	
1	1	
1	1	
1	1	
2	
2	
1	1	
1	1	
2	
1	1	
1	1	
2	
1	1	
1	1	
1	1	
1	1	
1	1	
1	1	
2	
2	
1	1	
1	1	
1	1	
1	1	
1	1	
1	1	
1	1	
1	1	
1	1	
2	
1	1	
1	1	
1	1	
1	1	
1	1	
2	
1	1	
1	1	
1	1	
1	1	
1	1	
1	1	
1	1	
1	1	
1	1	
1	1	
1	1	
2	
1	1	
2	
1	1	
1	1	
1	1	
2	
2	
1	1	
2	
1	1	
1	1	
1	1	
1	1	
2	
1	1	
1	1	
2	
1	1	
1	1	
2	
1	1	
2	
1	1	
1	1	
1	1	
1	1	
1	1	
1	1	
2	
2	
1	1	
1	1	
1	1	
2	
1	1	
1	1	
1	1	
2	
1	1	
1	1	
1	1	
1	1	
1	1	
2	
1	1	
1	1	
1	1	
1	1	
1	1	
2	
2	
1	1	
1	1	
2	
1	1	
1	1	
1	1	
1	1	
1	1	
1	1	
1	1	
2	
1	1	
1	1	
1	1	
2	
2	
1	1	
1	1	
1	1	
2	
1	1	
1	1	
1	1	
1	1	
1	1	
1	1	
1	1	
1	1	
1	1	
1	1	
2	
1	1	
1	1	
2	
1	1	
2	
2	
1	1	
1	1	
1	1	
1	1	
1	1	
2	
1	1	
1	1	
2	
2	
2	
1	1	
2	
1	1	
1	1	
2	
1	1	
1	1	
1	1	
1	1	
1	1	
1	1	
1	1	
1	1	
2	
1	1	
1	1	
1	1	
1	1	
2	
1	1	
1	1	
1	1	
1	1	
1	1	
1	1	
1	1	
1	1	
1	1	
1	1	
1	1	
2	
1	1	
1	1	
1	1	
1	1	
1	1	
2	
1	1	
1	1	
1	1	
1	1	
1	1	
1	1	
2	
2	
1	1	
1	1	
1	1	
1	1	
1	1	
1	1	
1	1	
1	1	
2	
1	1	
1	1	
1	1	
1	1	
1	1	
1	1	
2	
2	
1	1	
2	
1	1	
1	1	
1	1	
1	1	
2	
2	
1	1	
1	1	
1	1	
2	
1	1	
1	1	
1	1	
1	1	
1	1	
1	1	
1	1	
2	
1	1	
1	1	
1	1	
1	1	
2	
2	
1	1	
1	1	
1	1	
1	1	
1	1	
2	
1	1	
1	1	
1	1	
1	1	
2	
1	1	
2	
1	1	
1	1	
1	1	
1	1	
2	
2	
1	1	
1	1	
1	1	
1	1	
2	
2	
1	1	
1	1	
1	1	
2	
1	1	
2	
1	1	
1	1	
1	1	
1	1	
1	1	
1	1	
1	1	
1	1	
1	1	
2	
2	
2	
2	
2	
1	1	
2	
2	
1	1	
2	
1	1	
1	1	
1	1	
2	
1	1	
1	1	
1	1	
1	1	
2	
1	1	
1	1	
1	1	
1	1	
1	1	
1	1	
1	1	
1	1	
1	1	
1	1	
1	1	
2	
2	
1	1	
2	
2	
1	1	
1	1	
1	1	
1	1	
1	1	
2	
1	1	
1	1	
1	1	
2	
1	1	
1	1	
1	1	
1	1	
2	
1	1	
1	1	
1	1	
1	1	
2	
1	1	
2	
1	1	
2	
1	1	
2	
1	1	
1	1	
2	
1	1	
1	1	
1	1	
2	
1	1	
2	
1	1	
1	1	
2	
2	
1	1	
2	
1	1	
1	1	
1	1	
1	1	
1	1	
2	
2	
1	1	
1	1	
1	1	
2	
2	
1	1	
2	
1	1	
2	
2	
2	
1	1	
1	1	
2	
1	1	
1	1	
2	
2	
1	1	
1	1	
1	1	
1	1	
2	
2	
1	1	
2	
1	1	
1	1	
1	1	
1	1	
1	1	
1	1	
1	1	
2	
2	
1	1	
2	
1	1	
2	
2	
2	
1	1	
1	1	
2	
1	1	
1	1	
2	
2	
1	1	
1	1	
1	1	
1	1	
1	1	
2	
1	1	
1	1	
1	1	
2	
2	
1	1	
2	
1	1	
1	1	
1	1	
1	1	
1	1	
2	
1	1	
2	
2	
1	1	
2	
1	1	
1	1	
1	1	
1	1	
1	1	
2	
1	1	
2	
1	1	
1	1	
1	1	
1	1	
2	
1	1	
1	1	
2	
2	
1	1	
1	1	
1	1	
2	
2	
1	1	
1	1	
1	1	
1	1	
1	1	
1	1	
1	1	
1	1	
1	1	
2	
1	1	
2	
1	1	
1	1	
1	1	
2	
1	1	
2	
1	1	
1	1	
1	1	
2	
2	
1	1	
1	1	
1	1	
1	1	
2	
1	1	
1	1	
1	1	
1	1	
1	1	
2	
2	
1	1	
1	1	
1	1	
1	1	
2	
1	1	
1	1	
2	
1	1	
1	1	
1	1	
1	1	
1	1	
1	1	
1	1	
1	1	
1	1	
1	1	
1	1	
1	1	
1	1	
2	
1	1	
2	
2	
2	
1	1	
2	
1	1	
1	1	
1	1	
2	
1	1	
1	1	
2	
1	1	
1	1	
1	1	
1	1	
2	
1	1	
1	1	
2	
1	1	
1	1	
1	1	
1	1	
1	1	
1	1	
1	1	
1	1	
1	1	
1	1	
2	
1	1	
2	
1	1	
1	1	
2	
2	
1	1	
2	
2	
2	
1	1	
1	
1	
1	
1	
1	
1	
1	
1	
1	
1	
1	
1	
1	
1	
1	
1	
1	
1	
1	
1	
1	
1	
1	
1	
1	
1	
1	
1	
1	
1	
1	
1	
1	
1	
1	
1	
1	
1	
1	
1	
1	
1	
1	
1	
1	
1	
1	
1	
1	
1	
1	
1	
1	
1	
1	
1	
1	
1	
1	
1	
1	
1	
1	
1	
1	
1	
1	
1	
1	
1	
1	
1	
1	
1	
1	
1	
1	
1	
1	
1	
1	
1	
1	
1	
1	
1	
1	
1	
1	
1	
1	
1	
1	
1	
1	
1	
1	
1	
1	
1	
1	
1	
1	
1	
1	
1	
1	
1	
1	
1	
1	
1	
1	
1	
1	
1	
1	
1	
1	
1	
1	
1	
1	
1	
1	
1	
1	
1	
1	
1	
1	
1	
1	
1	
1	
1	
1	
1	
1	
1	
1	
1	
1	
1	
1	
1	
1	
1	
1	
1	
1	
1	
1	
1	
1	
1	
1	
1	
1	
1	
1	
1	
1	
1	
1	
1	
1	
1	
1	
1	
1	
1	
1	
1	
1	
1	
1	
1	
1	
1	
1	
1	
1	
1	
1	
1	
1	
1	
1	
1	
1	
1	
1	
1	
1	
1	
1	
1	
1	
1	
1	
1	
1	
1	
1	
1	
1	
1	
1	
1	
1	
1	
1	
1	
1	
1	
1	
1	
1	
1	
1	
1	
1	
1	
1	
1	
1	
1	
1	
1	
1	
1	
1	
1	
1	
1	
1	
1	
1	
1	
1	
1	
1	
1	
1	
1	
1	
1	
1	
1	
1	
1	
1	
1	
1	
1	
1	
1	
1	
1	
1	
1	
1	
1	
1	
1	
1	
1	
1	
1	
1	
1	
1	
1	
1	
1	
1	
1	
1	
1	
1	
1	
1	
1	
1	
1	
1	
1	
1	
1	
1	
1	
1	
1	
1	
1	
1	
1	
1	
1	
1	
1	
1	
1	
1	
1	
1	
1	
1	
1	
1	
1	
1	
1	
1	
1	
1	
1	
1	
1	
1	
1	
1	
1	
1	
1	
1	
1	
1	
1	
1	
1	
1	
1	
1	
1	
1	
1	
1	
1	
1	
1	
1	
1	
1	
1	
1	
1	
1	
1	
1	
1	
1	
1	
1	
1	
1	
1	
1	
1	
1	
1	
1	
1	
1	
1	
1	
1	
1	
1	
1	
1	
1	
1	
1	
1	
1	
1	
1	
1	
1	
1	
1	
1	
1	
1	
1	
1	
1	
1	
1	
1	
1	
1	
1	
1	
1	
1	
1	
1	
1	
1	
1	
1	
1	
1	
1	
1	
1	
1	
1	
1	
1	
1	
1	
1	
1	
1	
1	
1	
1	
1	
1	
1	
1	
1	
1	
1	
1	
1	
1	
1	
1	
1	
1	
1	
1	
1	
1	
1	
1	
1	
1	
1	
1	
1	
1	
1	
1	
1	
1	
1	
1	
1	
1	
1	
1	
1	
1	
1	
1	
1	
1	
1	
1	
1	
1	
1	
1	
1	
1	
1	
1	
1	
1	
1	
1	
1	
1	
1	
1	
1	
1	
1	
1	
1	
1	
1	
1	
1	
1	
1	
1	
1	
1	
1	
1	
1	
1	
1	
1	
1	
1	
1	
1	
1	
1	
1	
1	
1	
1	
1	
1	
1	
1	
1	
1	
1	
1	
1	
1	
1	
1	
1	
1	
1	
1	
1	
1	
1	
1	
1	
1	
1	
1	
1	
1	
1	
1	
1	
1	
1	
1	
1	
1	
1	
1	
1	
1	
1	
1	
1	
1	
1	
1	
1	
1	
1	
1	
1	
1	
1	
1	
1	
1	
1	
1	
1	
1	
1	
1	
1	
1	
1	
1	
1	
1	
1	
1	
1	
1	
1	
1	
1	
1	
1	
1	
1	
1	
1	
1	
1	
1	
1	
1	
1	
1	
1	
1	
1	
1	
1	
1	
1	
1	
1	
1	
1	
1	
1	
1	
1	
1	
1	
1	
1	
1	
1	
1	
1	
1	
1	
1	
1	
1	
1	
1	
1	
1	
1	
1	
1	
1	
1	
1	
1	
1	
1	
1	
1	
1	
1	
1	
1	
1	
1	
1	
1	
1	
1	
1	
1	
1	
1	
1	
1	
1	
1	
1	
1	
1	
1	
1	
1	
1	
1	
1	
1	
1	
1	
1	
1	
1	
1	
1	
1	
1	
1	
1	
1	
1	
1	
1	
1	
1	
1	
1	
1	
1	
1	
1	
1	
1	
1	
1	
1	
1	
1	
1	
1	
1	
1	
1	
1	
1	
1	
1	
1	
1	
1	
1	
1	
1	
1	
1	
1	
1	
1	
1	
1	
1	
1	
1	
1	
1	
1	
1	
1	
1	
1	
1	
1	
1	
1	
1	
1	
1	
1	
1	
1	
1	
1	
1	
1	
1	
1	
1	
1	
1	
1	
1	
1	
1	
1	
1	
1	
1	
1	
1	
1	
1	
1	
1	
1	
1	
1	
1	
1	
1	
1	
1	
1	
1	
1	
1	
1	
1	
1	
1	
1	
1	
1	
1	
1	
1	
1	
1	
1	
1	
1	
1	
1	
1	
1	
1	
1	
1	
1	
1	
1	
1	
1	
1	
1	
1	
1	
1	
1	
1	
1	
1	
1	
1	
1	
1	
1	
1	
1	
1	
1	
1	
1	
1	
1	
1	
1	
1	
1	
1	
1	
1	
1	
1	
1	
1	
1	
1	
1	
1	
1	
1	
1	
1	
1	
1	
1	
1	
1	
1	
1	
1	
1	
1	
1	
1	
1	
1	
1	
1	
1	
1	
1	
1	
1	
1	
1	
1	
1	
1	
1	
1	
1	
1	
1	
1	
1	
1	
1	
1	
1	
1	
1	
1	
1	
1	
1	
1	
1	
1	
1	
1	
1	
1	
1	
1	
1	
1	
1	
1	
1	
1	
1	
1	
1	
1	
1	
1	
1	
1	
1	
1	
1	
1	
1	
1	
1	
1	
1	
1	
1	
1	
1	
1	
1	
1	
1	
1	
1	
1	
1	
1	
1	
1	
1	
1	
1	
1	
1	
1	
1	
1	
1	
1	
1	
1	
1	
1	
1	
1	
1	
1	
1	
1	
1	
1	
1	
1	
1	
1	
1	
1	
1	
1	
1	
1	
1	
1	
1	
1	
1	
1	
1	
1	
1	
1	
1	
1	
1	
1	
1	
1	
1	
1	
1	
1	
1	
1	
1	
1	
1	
1	
1	
1	
1	
1	
1	
1	
1	
1	
1	
1	
1	
1	
1	
1	
1	
1	
1	
1	
1	
1	
1	
1	
1	
1	
1	
1	
1	
1	
1	
1	
1	
1	
1	
1	
1	
1	
1	
1	
1	
1	
1	
1	
1	
1	
1	
1	
1	
1	
1	
1	
1	
1	
1	
1	
1	
1	
1	
1	
1	
1	
1	
1	
1	
1	
1	
1	
1	
1	
1	
1	
1	
1	
1	
1	
1	
1	
1	
1	
1	
1	
1	
1	
1	
1	
1	
1	
1	
1	
1	
1	
1	
1	
1	
1	
1	
1	
1	
1	
1	
1	
1	
1	
1	
1	
1	
1	
1	
1	
1	
1	
1	
1	
1	
1	
1	
1	
1	
1	
1	
1	
1	
1	
1	
1	
1	
1	
1	
1	
1	
1	
1	
1	
1	
1	
1	
1	
1	
1	
1	
1	
1	
1	
1	
1	
1	
1	
1	
1	
1	
1	
1	
1	
1	
1	
1	
1	
1	
1	
1	
1	
1	
1	
1	
1	
1	
1	
1	
1	
1	
1	
1	
1	
1	
1	
1	
1	
1	
1	
1	
1	
1	
1	
1	
1	
1	
1	
1	
1	
1	
1	
1	
1	
1	
1	
1	
1	
1	
1	
1	
1	
1	
1	
1	
1	
1	
1	
1	
1	
1	
1	
1	
1	
1	
1	
1	
1	
1	
1	
1	
1	
1	
1	
1	
1	
1	
1	
1	
1	
1	
1	
1	
1	
1	
1	
1	
1	
1	
1	
1	
1	
1	
1	
1	
1	
1	
1	
1	
1	
1	
1	
1	
1	
1	
1	
1	
1	
1	
1	
1	
1	
1	
1	
1	
1	
1	
1	
1	
1	
1	
1	
1	
1	
1	
1	
1	
1	
1	
1	
1	
1	
1	
1	
1	
1	
1	
1	
1	
1	
1	
1	
1	
1	
1	
1	
1	
1	
1	
1	
1	
1	
1	
1	
1	
1	
1	
1	
1	
1	
1	
1	
1	
1	
1	
1	
1	
1	
1	
1	
1	
1	
1	
1	
1	
1	
1	
1	
1	
1	
1	
1	
1	
1	
1	
1	
1	
1	
1	
1	
1	
1	
1	
1	
1	
1	
1	
1	
1	
1	
1	
1	
1	
1	
1	
1	
1	
1	
1	
1	
1	
1	
1	
1	
1	
1	
1	
1	
1	
1	
1	
1	
1	
1	
1	
1	
1	
1	
1	
1	
1	
1	
1	
1	
1	
1	
1	
1	
1	
1	
1	
1	
1	
1	
1	
1	
1	
1	
1	
1	
1	
1	
1	
1	
1	
1	
1	
1	
1	
1	
1	
1	
1	
1	
1	
1	
1	
1	
1	
1	
1	
1	
1	
1	
1	
1	
1	
1	
1	
1	
1	
1	
1	
1	
1	
1	
1	
1	
1	
1	
1	
1	
1	
1	
1	
1	
1	
1	
1	
1	
1	
1	
1	
1	
1	
1	
1	
1	
1	
1	
1	
1	
1	
1	
1	
1	
1	
1	
1	
1	
1	
1	
1	
1	
1	
1	
1	
1	
1	
1	
1	
1	
1	
1	
1	
1	
1	
1	
1	
1	
1	
1	
1	
1	
1	
1	
1	
1	
1	
1	
1	
1	
1	
1	
1	
1	
1	
1	
1	
1	
1	
1	
1	
1	
1	
1	
1	
1	
1	
1	
1	
1	
1	
1	
1	
1	
1	
1	
1	
1	
1	
1	
1	
1	
1	
1	
1	
1	
1	
1	
1	
1	
1	
1	
1	
1	
1	
1	
1	
1	
1	
1	
1	
1	
1	
1	
1	
1	
1	
1	
1	
1	
1	
1	
1	
1	
1	
1	
1	
1	
1	
1	
1	
1	
1	
1	
1	
1	
1	
1	
1	
1	
1	
1	
1	
1	
1	
1	
1	
1	
1	
1	
1	
1	
1	
1	
1	
1	
1	
1	
1	
1	
1	
1	
1	
1	
1	
1	
1	
1	
1	
1	
1	
1	
1	
1	
1	
1	
1	
1	
1	
1	
1	
1	
1	
1	
1	
1	
1	
1	
1	
1	
1	
1	
1	
1	
1	
1	
1	
1	
1	
1	
1	
1	
1	
1	
1	
1	
1	
1	
1	
1	
1	
1	
1	
1	
1	
1	
1	
1	
1	
1	
1	
1	
1	
1	
1	
1	
1	
1	
1	
1	
1	
1	
1	
1	
1	
1	
1	
1	
1	
1	
1	
1	
1	
1	
1	
1	
1	
1	
1	
1	
1	
1	
1	
1	
1	
1	
1	
1	
1	
1	
1	
1	
1	
1	
1	
1	
1	
1	
1	
1	
1	
1	
1	
1	
1	
1	
1	
1	
1	
1	
1	
1	
1	
1	
1	
1	
1	
1	
1	
1	
1	
1	
1	
1	
1	
1	
1	
1	
1	
1	
1	
1	
1	
1	
1	
1	
1	
1	
1	
1	
1	
1	
1	
1	
1	
1	
1	
1	
1	
1	
1	
1	
1	
1	
1	
1	
1	
1	
1	
1	
1	
1	
1	
1	
1	
1	
1	
1	
1	
1	
1	
1	
1	
1	
1	
1	
1	
1	
1	
1	
1	
1	
1	
1	
1	
1	
1	
1	
1	
1	
1	
1	
1	
1	
1	
1	
1	
1	
1	
1	
1	
1	
1	
1	
1	
1	
1	
1	
1	
1	
1	
1	
1	
1	
1	
1	
1	
1	
1	
1	
1	
1	
1	
1	
1	
1	
1	
1	
1	
1	
1	
1	
1	
1	
1	
1	
1	
1	
1	
1	
1	
1	
1	
1	
1	
1	
1	
1	
1	
1	
1	
1	
1	
1	
1	
1	
1	
1	
1	
1	
1	
1	
1	
1	
1	
1	
1	
1	
1	
1	
1	
1	
1	
1	
1	
1	
1	
1	
1	
1	
1	
1	
1	
1	
1	
1	
1	
1	
1	
1	
1	
1	
1	
1	
1	
1	
1	
1	
1	
1	
1	
1	
1	
1	
1	
1	
1	
1	
1	
1	
1	
1	
1	
1	
1	
1	
1	
1	
1	
1	
1	
1	
1	
1	
1	
1	
1	
1	
1	
1	
1	
1	
1	
1	
1	
1	
1	
1	
1	
1	
1	
1	
1	
1	
1	
1	
1	
1	
1	
1	
1	
1	
1	
1	
1	
1	
1	
1	
1	
1	
1	
1	
1	
1	
1	
1	
1	
1	
1	
1	
1	
1	
1	
1	
1	
1	
1	
1	
1	
1	
1	
1	
1	
1	
1	
1	
1	
1	
1	
1	
1	
1	
1	
1	
1	
1	
1	
1	
1	
1	
1	
1	
1	
1	
1	
1	
1	
1	
1	
1	
1	
1	
1	
1	
1	
1	
1	
1	
1	
1	
1	
1	
1	
1	
1	
1	
1	
1	
1	
1	
1	
1	
1	
1	
1	
1	
1	
1	
1	
1	
1	
1	
1	
1	
1	
1	
1	
1	
1	
1	
1	
1	
1	
1	
1	
1	
1	
1	
1	
1	
1	
1	
1	
1	
1	
1	
1	
1	
1	
1	
1	
1	
1	
1	
1	
1	
1	
1	
1	
1	
1	
1	
1	
1	
1	
1	
1	
1	
1	
1	
1	
1	
1	
1	
1	
1	
1	
1	
1	
1	
1	
1	
1	
1	
1	
1	
1	
1	
1	
1	
1	
1	
1	
1	
1	
1	
1	
1	
1	
1	
1	
1	
1	
1	
1	
1	
1	
1	
1	
1	
1	
1	
1	
1	
1	
1	
1	
1	
1	
1	
1	
1	
1	
1	
1	
1	
1	
1	
1	
1	
1	
1	
1	
1	
1	
1	
1	
1	
1	
1	
1	
1	
1	
1	
1	
1	
1	
1	
1	
1	
1	
1	
1	
1	
1	
1	
1	
1	
1	
1	
1	
1	
1	
1	
1	
1	
1	
1	
1	
1	
1	
1	
1	
1	
1	
1	
1	
1	
1	
1	
1	
1	
1	
1	
1	
1	
1	
1	
1	
1	
1	
1	
1	
1	
1	
1	
1	
1	
1	
1	
1	
1	
1	
1	
1	
1	
1	
1	
1	
1	
1	
1	
1	
1	
1	
1	
1	
1	
1	
1	
1	
1	
1	
1	
1	
1	
1	
1	
1	
1	
1	
1	
1	
1	
1	
1	
1	
1	
1	
1	
1	
1	
1	
1	
1	
1	
1	
1	
1	
1	
1	
1	
1	
1	
1	
1	
1	
1	
1	
1	
1	
1	
1	
1	
1	
1	
1	
1	
1	
1	
1	
1	
1	
1	
1	
1	
1	
1	
1	
1	
1	
1	
1	
1	
1	
1	
1	
1	
1	
1	
1	
1	
1	
1	
1	
1	
1	
1	
1	
1	
1	
1	
1	
1	
1	
1	
1	
1	
1	
1	
1	
1	
1	
1	
1	
1	
1	
1	
1	
1	
1	
1	
1	
1	
1	
1	
1	
1	
1	
1	
1	
1	
1	
1	
1	
1	
1	
1	
1	
1	
1	
1	
1	
1	
1	
1	
1	
1	
1	
1	
1	
1	
1	
1	
1	
1	
1	
1	
1	
1	
1	
1	
1	
1	
1	
1	
1	
1	
1	
1	
1	
1	
1	
1	
1	
1	
1	
1	
1	
1	
1	
1	
1	
1	
1	
1	
1	
1	
1	
1	
1	
1	
1	
1	
1	
1	
1	
1	
1	
1	
1	
1	
1	
1	
1	
1	
1	
1	
1	
1	
1	
1	
1	
1	
1	
1	
1	
1	
1	
1	
1	
1	
1	
1	
1	
1	
1	
1	
1	
1	
1	
1	
1	
1	
1	
1	
1	
1	
1	
1	
1	
1	
1	
1	
1	
1	
1	
1	
1	
1	
1	
1	
1	
1	
1	
1	
1	
1	
1	
1	
1	
1	
1	
1	
1	
1	
1	
1	
1	
1	
1	
1	
1	
1	
1	
1	
1	
1	
1	
1	
1	
1	
1	
1	
1	
1	
1	
1	
1	
1	
1	
1	
1	
1	
1	
1	
1	
1	
1	
1	
1	
1	
1	
1	
1	
1	
1	
1	
1	
1	
1	
1	
1	
1	
1	
1	
1	
1	
1	
1	
1	
1	
1	
1	
1	
1	
1	
1	
1	
1	
1	
1	
1	
1	
1	
1	
1	
1	
1	
1	
1	
1	
1	
1	
1	
1	
1	
1	
1	
1	
1	
1	
1	
1	
1	
1	
1	
1	
1	
1	
1	
1	
1	
1	
1	
1	
1	
1	
1	
1	
1	
1	
1	
1	
1	
1	
1	
1	
1	
1	
1	
1	
1	
1	
1	
1	
1	
1	
1	
1	
1	
1	
1	
1	
1	
1	
1	
1	
1	
1	
1	
1	
1	
1	
1	
1	
1	
1	
1	
1	
1	
1	
1	
1	
1	
1	
1	
1	
1	
1	
1	
1	
1	
1	
1	
1	
1	
1	
1	
1	
1	
1	
1	
1	
1	
1	
1	
1	
1	
1	
1	
1	
1	
1	
1	
1	
1	
1	
1	
1	
1	
1	
1	
1	
1	
1	
1	
1	
1	
1	
1	
1	
1	
1	
1	
1	
1	
1	
1	
1	
1	
1	
1	
1	
1	
1	
1	
1	
1	
1	
1	
1	
1	
1	
1	
1	
1	
1	
1	
1	
1	
1	
1	
1	
1	
1	
1	
1	
1	
1	
1	
1	
1	
1	
1	
1	
1	
1	
1	
1	
1	
1	
1	
1	
1	
1	
1	
1	
1	
1	
1	
1	
1	
1	
1	
1	
1	
1	
1	
1	
1	
1	
1	
1	
1	
1	
1	
1	
1	
1	
1	
1	
1	
1	
1	
1	
1	
1	
1	
1	
1	
1	
1	
1	
1	
1	
1	
1	
1	
1	
1	
1	
1	
1	
1	
1	
1	
1	
1	
1	
1	
1	
1	
1	
1	
1	
1	
1	
1	
1	
1	
1	
1	
1	
1	
1	
1	
1	
1	
1	
1	
1	
1	
1	
1	
1	
1	
1	
1	
1	
1	
1	
1	
1	
1	
1	
1	
1	
1	
1	
1	
1	
1	
1	
1	
1	
1	
1	
1	
1	
1	
1	
1	
1	
1	
1	
1	
1	
1	
1	
1	
1	
1	
1	
1	
1	
1	
1	
1	
1	
1	
1	
1	
1	
1	
1	
1	
1	
1	
1	
1	
1	
1	
1	
1	
1	
1	
1	
1	
1	
1	
1	
1	
1	
1	
1	
1	
1	
1	
1	
1	
1	
1	
1	
1	
1	
1	
1	
1	
1	
1	
1	
1	
1	
1	
1	
1	
1	
1	
1	
1	
1	
1	
1	
1	
1	
1	
1	
1	
1	
1	
1	
1	
1	
1	
1	
1	
1	
1	
1	
1	
1	
1	
1	
1	
1	
1	
1	
1	
1	
1	
1	
1	
1	
1	
1	
1	
1	
1	
1	
1	
1	
1	
1	
1	
1	
1	
1	
1	
1	
1	
1	
1	
1	
1	
1	
1	
1	
1	
1	
1	
1	
1	
1	
1	
1	
1	
1	
1	
1	
1	
1	
1	
1	
1	
1	
1	
1	
1	
1	
1	
1	
1	
1	
1	
1	
1	
1	
1	
1	
1	
1	
1	
1	
1	
1	
1	
1	
1	
1	
1	
1	
1	
1	
1	
1	
1	
1	
1	
1	
1	
1	
1	
1	
1	
1	
1	
1	
1	
1	
1	
1	
1	
1	
1	
1	
1	
1	
1	
1	
1	
1	
1	
1	
1	
1	
1	
1	
1	
1	
1	
1	
1	
1	
1	
1	
1	
1	
1	
1	
1	
1	
1	
1	
1	
1	
1	
1	
1	
1	
1	
1	
1	
1	
1	
1	
1	
1	
1	
1	
1	
1	
1	
1	
1	
1	
1	
1	
1	
1	
1	
1	
1	
1	
1	
1	
1	
1	
1	
1	
1	
1	
1	
1	
1	
1	
1	
1	
1	
1	
1	
1	
1	
1	
1	
1	
1	
1	
1	
1	
1	
1	
1	
1	
1	
1	
1	
1	
1	
1	
1	
1	
1	
1	
1	
1	
1	
1	
1	
1	
1	
1	
1	
1	
1	
1	
1	
1	
1	
1	
1	
1	
1	
1	
1	
1	
1	
1	
1	
1	
1	
1	
1	
1	
1	
1	
1	
1	
1	
1	
1	
1	
1	
1	
1	
1	
1	
1	
1	
1	
1	
1	
1	
1	
1	
1	
1	
1	
1	
1	
1	
1	
1	
1	
1	
1	
1	
1	
1	
1	
1	
1	
1	
1	
1	
1	
1	
1	
1	
1	
1	
1	
1	
1	
1	
1	
1	
1	
1	
1	
1	
1	
1	
1	
1	
1	
1	
1	
1	
1	
1	
1	
1	
1	
1	
1	
1	
1	
1	
1	
1	
1	
1	
1	
1	
1	
1	
1	
1	
1	
1	
1	
1	
1	
1	
1	
1	
1	
1	
1	
1	
1	
1	
1	
1	
1	
1	
1	
1	
1	
1	
1	
1	
1	
1	
1	
1	
1	
1	
1	
1	
1	
1	
1	
1	
1	
1	
1	
1	
1	
1	
1	
1	
1	
1	
1	
1	
1	
1	
1	
1	
1	
1	
1	
1	
1	
1	
1	
1	
1	
1	
1	
1	
1	
1	
1	
1	
1	
1	
1	
1	
1	
1	
1	
1	
1	
1	
1	
1	
1	
1	
1	
1	
1	
1	
1	
1	
1	
1	
1	
1	
1	
1	
1	
1	
1	
1	
1	
1	
1	
1	
1	
1	
1	
1	
1	
1	
1	
1	
1	
1	
1	
1	
1	
1	
1	
1	
1	
1	
1	
1	
1	
1	
1	
1	
1	
1	
1	
1	
1	
1	
1	
1	
1	
1	
1	
1	
1	
1	
1	
1	
1	
1	
1	
1	
1	
1	
1	
1	
1	
1	
1	
1	
1	
1	
1	
1	
1	
1	
1	
1	
1	
1	
1	
1	
1	
1	
1	
1	
1	
1	
1	
1	
1	
1	
1	
1	
1	
1	
1	
1	
1	
1	
1	
1	
1	
1	
1	
1	
1	
1	
1	
1	
1	
1	
1	
1	
1	
1	
1	
1	
1	
1	
1	
1	
1	
1	
1	
1	
1	
1	
1	
1	
1	
1	
1	
1	
1	
1	
1	
1	
1	
1	
1	
1	
1	
1	
1	
1	
1	
1	
1	
1	
1	
1	
1	
1	
1	
1	
1	
1	
1	
1	
1	
1	
1	
1	
1	
1	
1	
1	
1	
1	
1	
1	
1	
1	
1	
1	
1	
1	
1	
1	
1	
1	
1	
1	
1	
1	
1	
1	
1	
1	
1	
1	
1	
1	
1	
1	
1	
1	
1	
1	
1	
1	
1	
1	
1	
1	
1	
1	
1	
1	
1	
1	
1	
1	
1	
1	
1	
1	
1	
1	
1	
1	
1	
1	
1	
1	
1	
1	
1	
1	
1	
1	
1	
1	
1	
1	
1	
1	
1	
1	
1	
1	
1	
1	
1	
1	
1	
1	
1	
1	
1	
1	
1	
1	
1	
1	
1	
1	
1	
1	
1	
1	
1	
1	
1	
1	
1	
1	
1	
1	
1	
1	
1	
1	
1	
1	
1	
1	
1	
1	
1	
1	
1	
1	
1	
1	
1	
1	
1	
1	
1	
1	
1	
1	
1	
1	
1	
1	
1	
1	
1	
1	
1	
1	
1	
1	
1	
1	
1	
1	
1	
1	
1	
1	
1	
1	
1	
1	
1	
1	
1	
1	
1	
1	
1	
1	
1	
1	
1	
1	
1	
1	
1	
1	
1	
1	
1	
1	
1	
1	
1	
1	
1	
1	
1	
1	
1	
1	
1	
1	
1	
1	
1	
1	
1	
1	
1	
1	
1	
1	
1	
1	
1	
1	
1	
1	
1	
1	
1	
1	
1	
1	
1	
1	
1	
1	
1	
1	
1	
1	
1	
1	
1	
1	
1	
1	
1	
1	
1	
1	
1	
1	
1	
1	
1	
1	
1	
1	
1	
1	
1	
1	
1	
1	
1	
1	
1	
1	
1	
1	
1	
1	
1	
1	
1	
1	
1	
1	
1	
1	
1	
1	
1	
1	
1	
1	
1	
1	
1	
1	
1	
1	
1	
1	
1	
1	
1	
1	
1	
1	
1	
1	
1	
1	
1	
1	
1	
1	
1	
1	
1	
1	
1	
1	
1	
1	
1	
1	
1	
1	
1	
1	
1	
1	
1	
1	
1	
1	
1	
1	
1	
1	
1	
1	
1	
1	
1	
1	
1	
1	
1	
1	
