90	14	11	8	7	6	5	4	4	3	3	3	2	2	2	2	2	2	2	2	1	1	1	1	1	1	1	1	1	1	1	1	1	1	1	1	1	1	1	1	1	1	1	1	1	
47	9	7	5	3	3	3	3	3	2	2	2	2	2	1	1	1	1	1	1	1	1	1	1	1	1	1	1	1	1	1	1	1	1	1	1	1	1	1	1	
18	6	5	5	3	3	3	2	2	2	2	2	2	2	2	2	2	1	1	1	1	1	1	1	1	1	1	1	1	1	1	1	1	1	
26	10	7	6	2	1	1	1	1	1	1	1	1	1	1	1	1	1	1	1	
52	1	1	
25	25	1	1	1	
4	3	3	3	2	2	2	1	1	1	1	1	1	1	1	1	1	1	1	1	1	1	1	1	1	1	1	1	
17	3	2	2	1	1	1	1	1	1	
17	3	2	1	1	1	1	1	1	1	1	
10	2	2	2	1	1	1	1	1	1	1	1	1	1	
10	2	2	1	1	1	1	1	1	1	1	1	1	1	
5	3	2	1	1	1	1	1	1	1	1	1	1	1	1	
2	2	2	2	2	1	1	1	1	1	1	1	1	1	1	1	
11	3	1	1	1	1	1	1	1	
12	2	2	1	1	1	1	1	
6	2	2	1	1	1	1	1	1	1	1	1	1	
7	6	2	1	1	1	1	1	
2	2	2	2	2	1	1	1	1	1	1	1	1	1	
2	2	1	1	1	1	1	1	1	1	1	1	1	1	1	1	1	
4	1	1	1	1	1	1	1	1	1	1	1	1	1	
4	3	1	1	1	1	1	1	1	1	1	1	
8	4	1	1	1	1	1	
1	1	1	1	1	1	1	1	1	1	1	1	1	1	1	1	
4	3	3	2	1	1	1	1	
9	3	2	1	1	
4	4	2	1	1	1	1	1	
11	3	1	
1	1	1	1	1	1	1	1	1	1	1	1	1	1	
4	4	1	1	1	1	1	
2	2	2	1	1	1	1	1	1	1	
5	2	1	1	1	1	1	1	
4	4	1	1	1	1	1	
6	2	1	1	1	1	1	
6	2	1	1	1	1	
5	1	1	1	1	1	1	1	
4	1	1	1	1	1	1	1	
2	2	1	1	1	1	1	1	1	
10	1	
4	3	2	1	1	
3	2	1	1	1	1	1	1	
7	1	1	1	
5	3	1	1	
2	1	1	1	1	1	1	1	1	
7	1	1	1	
7	1	1	1	
7	2	1	
4	4	2	
2	2	1	1	1	1	1	
7	1	1	
1	1	1	1	1	1	1	1	1	
2	1	1	1	1	1	1	1	
9	
3	2	1	1	1	
4	1	1	1	1	
5	1	1	1	
3	2	2	1	
2	2	2	1	1	
1	1	1	1	1	1	1	1	
4	2	1	
5	1	1	
3	2	1	1	
3	2	1	1	
5	1	
2	1	1	1	1	
2	2	1	1	
3	1	1	1	
5	1	
2	1	1	1	1	
3	2	1	
3	1	1	1	
3	1	1	1	
6	
1	1	1	1	1	1	
3	2	1	
1	1	1	1	1	
1	1	1	1	1	
4	1	
2	1	1	1	
2	1	1	1	
4	1	
1	1	1	1	1	
1	1	1	1	1	
1	1	1	1	1	
3	1	1	
1	1	1	1	1	
1	1	1	1	1	
5	
2	1	1	1	
5	
1	1	1	1	1	
4	1	
3	1	1	
1	1	1	1	1	
3	1	1	
2	2	1	
2	1	1	1	
5	
3	1	1	
1	1	1	1	
3	1	
2	1	1	
3	1	
4	
1	1	1	1	
3	1	
2	1	1	
2	1	1	
4	
1	1	1	1	
1	1	1	1	
4	
2	1	1	
2	1	1	
1	1	1	1	
3	1	
1	1	1	1	
2	2	
1	1	1	1	
2	2	
1	1	1	1	
2	1	1	
2	1	1	
1	1	1	1	
4	
3	1	
1	1	1	1	
3	1	
3	1	
1	1	1	1	
2	1	1	
3	1	
1	1	1	1	
1	1	1	1	
1	1	1	1	
2	1	1	
2	1	1	
3	
3	
3	
1	1	1	
2	1	
2	1	
1	1	1	
2	1	
3	
2	1	
1	1	1	
1	1	1	
1	1	1	
2	1	
1	1	1	
2	1	
3	
2	1	
1	1	1	
2	1	
2	1	
2	1	
3	
2	1	
2	1	
1	1	1	
1	1	1	
2	1	
2	1	
2	1	
2	1	
2	1	
2	1	
3	
3	
1	1	1	
3	
1	1	1	
1	1	1	
1	1	1	
3	
3	
1	1	1	
3	
2	1	
1	1	1	
2	1	
2	1	
2	1	
1	1	1	
2	1	
1	1	1	
1	1	1	
2	1	
3	
3	
1	1	1	
2	1	
1	1	1	
2	1	
1	1	1	
1	1	1	
1	1	1	
1	1	
1	1	
1	1	
1	1	
1	1	
2	
1	1	
1	1	
1	1	
2	
1	1	
1	1	
1	1	
1	1	
1	1	
1	1	
1	1	
1	1	
1	1	
1	1	
1	1	
2	
1	1	
1	1	
1	1	
1	1	
1	1	
1	1	
1	1	
1	1	
2	
1	1	
1	1	
1	1	
1	1	
1	1	
2	
1	1	
2	
1	1	
1	1	
1	1	
1	1	
1	1	
1	1	
2	
2	
1	1	
1	1	
2	
1	1	
1	1	
1	1	
1	1	
1	1	
1	1	
1	1	
2	
2	
1	1	
1	1	
2	
2	
1	1	
1	1	
1	1	
1	1	
1	1	
1	1	
2	
2	
1	1	
1	1	
1	1	
1	1	
1	1	
1	1	
2	
1	1	
1	1	
1	1	
1	1	
1	1	
1	1	
2	
1	1	
2	
1	1	
1	1	
1	1	
1	1	
1	1	
2	
1	1	
1	1	
1	1	
1	1	
2	
1	1	
1	1	
2	
1	1	
1	1	
1	1	
1	1	
1	1	
1	1	
1	1	
1	1	
1	1	
2	
2	
1	1	
1	1	
1	1	
1	1	
1	1	
1	1	
1	1	
2	
1	1	
1	1	
2	
1	1	
2	
1	
1	
1	
1	
1	
1	
1	
1	
1	
1	
1	
1	
1	
1	
1	
1	
1	
1	
1	
1	
1	
1	
1	
1	
1	
1	
1	
1	
1	
1	
1	
1	
1	
1	
1	
1	
1	
1	
1	
1	
1	
1	
1	
1	
1	
1	
1	
1	
1	
1	
1	
1	
1	
1	
1	
1	
1	
1	
1	
1	
1	
1	
1	
1	
1	
1	
1	
1	
1	
1	
1	
1	
1	
1	
1	
1	
1	
1	
1	
1	
1	
1	
1	
1	
1	
1	
1	
1	
1	
1	
1	
1	
1	
1	
1	
1	
1	
1	
1	
1	
1	
1	
1	
1	
1	
1	
1	
1	
1	
1	
1	
1	
1	
1	
1	
1	
1	
1	
1	
1	
1	
1	
1	
1	
1	
1	
1	
1	
1	
1	
1	
1	
1	
1	
1	
1	
1	
1	
1	
1	
1	
1	
1	
1	
1	
1	
1	
1	
1	
1	
1	
1	
1	
1	
1	
1	
1	
1	
1	
1	
1	
1	
1	
1	
1	
1	
1	
1	
1	
1	
1	
1	
1	
1	
1	
1	
1	
1	
1	
1	
1	
1	
1	
1	
1	
1	
1	
1	
1	
1	
1	
1	
1	
1	
1	
1	
1	
1	
1	
1	
1	
1	
1	
1	
1	
1	
1	
1	
1	
1	
1	
1	
1	
1	
1	
1	
1	
1	
1	
1	
1	
1	
1	
1	
1	
1	
1	
1	
1	
1	
1	
1	
1	
1	
1	
1	
1	
1	
1	
1	
1	
1	
1	
1	
1	
1	
1	
1	
1	
1	
1	
1	
1	
1	
1	
1	
1	
1	
1	
1	
1	
1	
1	
1	
1	
1	
1	
1	
1	
1	
1	
1	
1	
1	
1	
1	
1	
1	
1	
1	
1	
1	
1	
1	
1	
1	
1	
1	
1	
1	
1	
1	
1	
1	
1	
1	
1	
1	
1	
1	
1	
1	
1	
1	
1	
1	
1	
1	
1	
1	
1	
1	
1	
1	
1	
1	
1	
1	
1	
1	
1	
1	
1	
1	
1	
1	
1	
1	
1	
1	
1	
1	
1	
1	
1	
1	
1	
1	
1	
1	
1	
1	
1	
1	
1	
1	
1	
1	
1	
1	
1	
1	
1	
1	
1	
1	
1	
1	
1	
1	
1	
1	
1	
1	
1	
1	
1	
1	
1	
1	
1	
1	
1	
1	
1	
1	
1	
1	
1	
1	
1	
1	
1	
1	
1	
1	
1	
1	
1	
1	
1	
1	
1	
1	
1	
1	
1	
1	
1	
1	
1	
1	
1	
1	
1	
1	
1	
1	
1	
1	
1	
1	
1	
1	
1	
1	
1	
1	
1	
1	
1	
1	
1	
1	
1	
1	
1	
1	
1	
1	
1	
1	
1	
1	
1	
1	
1	
1	
1	
1	
1	
1	
1	
1	
1	
1	
1	
1	
1	
1	
1	
1	
1	
1	
1	
1	
1	
1	
1	
1	
1	
1	
1	
1	
1	
1	
1	
1	
1	
1	
1	
1	
1	
1	
1	
1	
1	
1	
1	
1	
1	
1	
1	
1	
1	
1	
1	
1	
1	
1	
1	
1	
1	
1	
1	
1	
1	
1	
1	
1	
1	
1	
1	
1	
1	
1	
1	
1	
1	
1	
1	
1	
1	
1	
1	
1	
1	
1	
1	
1	
1	
1	
1	
1	
1	
1	
1	
1	
1	
1	
1	
1	
1	
1	
1	
1	
1	
1	
1	
1	
1	
1	
1	
1	
1	
1	
1	
1	
1	
1	
1	
1	
1	
