72	39	38	18	15	10	9	9	8	7	7	5	5	4	3	3	3	3	3	3	2	2	2	2	2	2	2	1	1	1	1	1	1	1	1	1	1	1	1	1	1	1	1	1	1	1	1	1	1	1	1	1	1	1	1	1	1	1	1	1	1	1	1	1	1	1	1	1	1	
90	20	10	9	8	8	8	8	4	4	4	3	3	3	3	3	2	2	2	2	2	2	2	2	2	2	2	2	2	2	1	1	1	1	1	1	1	1	1	1	1	1	1	1	1	1	1	1	1	1	1	1	1	1	1	1	
27	25	18	12	9	7	5	5	5	4	4	4	4	4	3	3	3	2	2	2	2	2	2	2	2	2	2	2	2	2	2	2	2	1	1	1	1	1	1	1	1	1	1	1	1	1	1	1	1	1	1	1	1	1	1	1	1	1	1	1	1	1	1	1	1	1	1	1	1	1	1	1	1	1	1	1	1	1	1	1	1	1	1	1	1	1	1	
61	17	10	10	8	8	7	7	6	6	5	5	5	4	4	4	2	2	2	2	2	2	1	1	1	1	1	1	1	1	1	1	1	1	1	1	1	1	1	1	1	1	1	1	1	1	1	1	1	1	1	1	1	1	1	1	1	1	1	1	1	
13	10	8	8	7	7	7	7	7	7	6	6	6	5	5	5	5	5	5	4	4	4	4	4	4	3	3	3	3	2	2	2	2	2	2	2	2	2	2	1	1	1	1	1	1	1	1	1	1	1	1	1	1	1	1	1	1	1	
106	9	7	6	5	4	4	4	2	2	2	2	2	1	1	1	1	1	1	1	1	1	1	1	1	1	1	1	1	1	1	1	1	1	1	1	1	1	1	1	
26	18	7	5	5	4	4	4	4	3	3	3	3	3	2	2	2	2	2	2	2	2	2	2	2	2	2	2	2	2	2	2	2	2	1	1	1	1	1	1	1	1	1	1	1	1	1	1	1	1	1	1	1	1	1	1	1	1	1	1	1	1	1	1	1	1	1	1	1	1	1	1	1	1	1	1	
68	6	6	5	5	4	4	4	4	4	4	4	3	3	3	3	2	2	2	2	2	2	2	1	1	1	1	1	1	1	1	1	1	1	1	1	1	1	1	1	1	1	
72	7	6	4	4	4	4	4	3	3	3	2	2	2	2	2	2	1	1	1	1	1	1	1	1	1	1	1	1	1	1	1	1	1	1	1	1	1	1	1	1	1	1	1	1	1	
33	14	10	8	6	5	4	4	4	4	3	3	2	2	2	2	2	2	1	1	1	1	1	1	1	1	1	1	1	1	1	1	1	1	1	1	1	1	1	1	1	1	1	1	1	1	
28	9	8	7	7	6	4	3	3	2	2	2	2	1	1	1	1	1	1	1	1	1	1	1	1	1	1	1	1	1	1	1	1	1	1	1	1	1	1	1	1	1	1	1	1	1	1	
37	11	9	4	4	3	3	3	3	3	2	2	2	2	1	1	1	1	1	1	1	1	1	1	1	1	1	1	1	1	1	1	1	1	1	1	1	1	1	1	
9	9	7	5	5	4	3	3	3	3	3	3	2	2	2	2	2	2	2	2	2	1	1	1	1	1	1	1	1	1	1	1	1	1	1	1	1	1	1	1	1	1	1	1	1	1	1	1	1	1	1	1	1	1	1	1	
17	15	9	8	8	5	4	4	3	3	2	2	2	2	1	1	1	1	1	1	1	1	1	1	1	1	1	1	1	1	
71	6	5	3	2	1	1	1	1	1	1	1	1	
5	5	5	4	4	4	4	4	3	3	3	3	3	3	3	3	3	2	2	2	2	2	2	2	1	1	1	1	1	1	1	1	1	1	1	1	1	1	1	1	1	
81	3	2	1	1	1	1	1	1	
28	27	4	4	4	3	2	2	2	2	2	1	1	1	1	1	1	1	1	1	1	1	
5	4	3	3	3	3	3	2	2	2	2	2	2	2	2	1	1	1	1	1	1	1	1	1	1	1	1	1	1	1	1	1	1	1	1	1	1	1	1	1	1	1	1	1	1	1	1	1	1	1	1	1	1	1	1	1	1	1	1	1	1	1	1	1	
9	6	5	4	4	4	3	3	2	2	2	2	2	2	2	2	2	2	2	1	1	1	1	1	1	1	1	1	1	1	1	1	1	1	1	1	1	1	1	1	1	1	1	1	1	1	
32	4	4	3	3	3	3	2	2	2	2	2	2	2	1	1	1	1	1	1	1	1	1	1	1	1	1	1	1	1	1	1	1	1	
18	16	9	9	4	4	3	2	2	2	2	2	1	1	1	1	1	1	1	1	1	1	1	
5	4	4	4	3	3	2	2	2	2	2	2	2	1	1	1	1	1	1	1	1	1	1	1	1	1	1	1	1	1	1	1	1	1	1	1	1	1	1	1	1	1	1	1	1	1	1	1	1	1	1	1	1	1	1	1	1	1	
13	7	5	4	4	2	2	2	2	2	2	2	2	1	1	1	1	1	1	1	1	1	1	1	1	1	1	1	1	1	1	1	1	1	1	1	1	1	1	1	1	1	1	
33	21	21	1	1	1	1	
19	12	5	4	3	2	2	1	1	1	1	1	1	1	1	1	1	1	1	1	1	1	1	1	1	1	1	1	1	1	1	1	1	1	1	1	
6	4	4	3	3	3	2	2	2	2	2	2	2	2	2	1	1	1	1	1	1	1	1	1	1	1	1	1	1	1	1	1	1	1	1	1	1	1	1	1	1	1	1	1	1	1	
20	5	5	3	3	2	2	2	2	1	1	1	1	1	1	1	1	1	1	1	1	1	1	1	1	1	1	1	1	1	1	1	1	1	1	1	1	
4	4	4	3	3	3	2	2	2	2	2	2	2	2	2	2	2	2	2	1	1	1	1	1	1	1	1	1	1	1	1	1	1	1	1	1	1	1	1	1	1	1	
23	4	3	3	2	2	2	2	2	2	2	2	2	1	1	1	1	1	1	1	1	1	1	1	1	1	1	1	1	1	
13	6	5	4	3	2	2	2	2	1	1	1	1	1	1	1	1	1	1	1	1	1	1	1	1	1	1	1	1	1	1	1	1	1	
13	8	6	4	4	3	2	2	2	2	2	2	2	1	1	1	1	1	1	1	1	1	1	1	1	
12	3	2	2	2	2	2	2	1	1	1	1	1	1	1	1	1	1	1	1	1	1	1	1	1	1	1	1	1	1	1	1	1	1	1	1	1	1	1	1	1	1	1	1	
16	10	5	5	5	5	3	3	2	2	2	1	1	1	1	
31	10	8	2	2	1	1	1	1	1	1	1	1	1	
30	3	3	3	2	2	1	1	1	1	1	1	1	1	1	1	1	1	1	1	1	
20	12	8	4	2	2	1	1	1	1	1	1	1	1	
14	7	5	4	4	3	3	2	1	1	1	1	1	1	1	1	1	1	1	1	1	1	
10	5	3	3	2	2	2	2	2	2	2	2	1	1	1	1	1	1	1	1	1	1	1	1	1	1	1	1	1	1	
10	6	3	3	2	2	2	2	2	2	2	1	1	1	1	1	1	1	1	1	1	1	1	1	1	1	1	1	1	
38	11	2	1	1	1	
5	5	3	3	3	3	2	2	2	2	2	1	1	1	1	1	1	1	1	1	1	1	1	1	1	1	1	1	1	1	1	1	
25	4	3	3	1	1	1	1	1	1	1	1	1	1	1	1	1	1	1	1	1	
8	8	7	5	4	3	2	2	2	2	2	1	1	1	1	1	1	1	
6	4	4	3	3	3	3	3	2	2	2	2	1	1	1	1	1	1	1	1	1	1	1	1	1	1	1	
19	5	3	3	2	2	2	2	1	1	1	1	1	1	1	1	1	1	1	1	1	
20	3	3	2	2	2	2	2	1	1	1	1	1	1	1	1	1	1	1	1	1	1	1	
15	4	3	2	2	2	2	2	2	1	1	1	1	1	1	1	1	1	1	1	1	1	1	1	1	1	
8	8	6	5	2	2	1	1	1	1	1	1	1	1	1	1	1	1	1	1	1	1	1	1	1	
18	14	4	2	2	1	1	1	1	1	1	1	
4	3	2	2	2	2	1	1	1	1	1	1	1	1	1	1	1	1	1	1	1	1	1	1	1	1	1	1	1	1	1	1	1	1	1	1	1	1	
30	4	3	1	1	1	1	1	1	1	1	1	
10	7	5	3	2	2	1	1	1	1	1	1	1	1	1	1	1	1	1	1	1	1	
4	2	2	2	2	2	2	2	2	2	2	2	1	1	1	1	1	1	1	1	1	1	1	1	1	1	1	1	1	1	1	
4	4	3	2	2	2	2	2	2	2	1	1	1	1	1	1	1	1	1	1	1	1	1	1	1	1	1	
10	7	5	2	2	2	2	2	1	1	1	1	1	1	1	1	1	
4	4	2	2	2	2	2	1	1	1	1	1	1	1	1	1	1	1	1	1	1	1	1	1	1	1	1	1	1	1	
8	6	4	2	2	2	1	1	1	1	1	1	1	1	1	1	1	1	1	1	1	1	1	
19	4	3	2	2	2	2	1	1	1	1	1	1	1	
11	4	3	2	1	1	1	1	1	1	1	1	1	1	1	1	1	1	1	1	1	1	1	1	1	
27	2	2	2	1	1	1	1	1	1	1	1	
8	5	3	3	2	2	2	1	1	1	1	1	1	1	1	1	1	1	1	1	1	1	
12	5	5	4	2	2	2	1	1	1	1	1	1	1	1	
3	3	3	3	3	2	2	2	1	1	1	1	1	1	1	1	1	1	1	1	1	1	1	1	1	1	
10	9	4	3	3	2	2	1	1	1	1	1	1	
25	3	1	1	1	1	1	1	1	1	1	1	1	
16	6	2	2	2	2	1	1	1	1	1	1	1	1	1	
17	6	5	2	1	1	1	1	1	1	1	1	
11	7	6	5	3	2	1	1	1	1	
3	2	2	1	1	1	1	1	1	1	1	1	1	1	1	1	1	1	1	1	1	1	1	1	1	1	1	1	1	1	1	1	1	1	
15	7	6	3	1	1	1	1	1	1	
19	6	3	2	2	1	1	1	1	1	
8	7	5	3	3	3	2	1	1	1	1	1	1	
7	3	3	3	2	1	1	1	1	1	1	1	1	1	1	1	1	1	1	1	1	1	1	
6	3	3	2	2	2	2	1	1	1	1	1	1	1	1	1	1	1	1	1	1	1	1	
4	2	2	2	2	2	1	1	1	1	1	1	1	1	1	1	1	1	1	1	1	1	1	1	1	1	1	1	
6	5	5	3	2	2	2	1	1	1	1	1	1	1	1	1	1	1	
10	9	4	3	3	2	1	1	1	1	
27	3	3	2	
6	4	4	3	2	2	1	1	1	1	1	1	1	1	1	1	1	1	1	1	
16	2	1	1	1	1	1	1	1	1	1	1	1	1	1	1	1	1	
23	11	
17	9	1	1	1	1	1	1	1	1	
3	3	2	2	2	2	2	2	1	1	1	1	1	1	1	1	1	1	1	1	1	1	1	1	
11	4	3	3	2	2	2	1	1	1	1	1	1	1	
8	5	5	3	2	2	2	2	1	1	1	1	
10	4	3	3	3	2	2	2	2	1	1	
11	6	4	2	2	1	1	1	1	1	1	1	1	
8	8	7	5	1	1	1	1	
17	4	2	2	1	1	1	1	1	1	1	
13	5	4	3	2	1	1	1	1	
13	6	3	2	1	1	1	1	1	1	1	
6	5	2	1	1	1	1	1	1	1	1	1	1	1	1	1	1	1	1	1	1	
6	5	4	4	3	2	2	2	1	1	1	
3	3	3	2	2	2	1	1	1	1	1	1	1	1	1	1	1	1	1	1	1	1	
10	4	4	4	2	1	1	1	1	1	1	
3	2	2	2	2	1	1	1	1	1	1	1	1	1	1	1	1	1	1	1	1	1	1	1	
13	5	3	2	2	2	1	1	1	
7	3	3	2	2	2	2	1	1	1	1	1	1	1	1	
11	2	2	1	1	1	1	1	1	1	1	1	1	1	1	1	1	
6	2	2	2	1	1	1	1	1	1	1	1	1	1	1	1	1	1	1	1	1	
21	2	2	1	1	1	1	
7	5	5	4	2	2	1	1	1	1	
6	3	3	2	2	1	1	1	1	1	1	1	1	1	1	1	1	1	
3	3	2	2	2	2	2	1	1	1	1	1	1	1	1	1	1	1	1	1	
19	2	2	1	1	1	1	1	
14	3	1	1	1	1	1	1	1	1	1	1	1	
11	3	2	1	1	1	1	1	1	1	1	1	1	1	1	
6	5	2	2	2	1	1	1	1	1	1	1	1	1	1	
10	5	4	2	2	1	1	1	1	
8	4	3	2	2	1	1	1	1	1	1	1	
6	4	3	3	2	1	1	1	1	1	1	1	1	
6	3	2	1	1	1	1	1	1	1	1	1	1	1	1	1	1	1	
5	3	3	3	3	2	2	1	1	1	1	1	
8	3	2	2	2	2	2	1	1	1	1	1	
23	2	1	
15	2	1	1	1	1	1	1	1	1	
13	7	2	2	1	
2	2	2	1	1	1	1	1	1	1	1	1	1	1	1	1	1	1	1	1	1	1	
7	3	2	2	2	1	1	1	1	1	1	1	1	1	
4	3	2	2	1	1	1	1	1	1	1	1	1	1	1	1	1	1	
16	2	1	1	1	1	1	1	1	
6	4	3	2	2	1	1	1	1	1	1	1	
8	2	2	1	1	1	1	1	1	1	1	1	1	1	1	
6	6	2	1	1	1	1	1	1	1	1	1	1	
3	2	2	2	2	2	1	1	1	1	1	1	1	1	1	1	1	
23	1	
7	6	5	2	1	1	1	1	
12	3	3	2	1	1	1	1	
14	3	3	2	1	
4	4	3	3	2	1	1	1	1	1	1	1	
12	3	2	1	1	1	1	1	1	
12	4	3	1	1	1	1	
8	2	1	1	1	1	1	1	1	1	1	1	1	1	1	
3	2	2	2	2	2	1	1	1	1	1	1	1	1	1	1	
10	2	1	1	1	1	1	1	1	1	1	1	
2	1	1	1	1	1	1	1	1	1	1	1	1	1	1	1	1	1	1	1	1	
5	4	3	3	3	1	1	1	1	
21	1	
11	2	1	1	1	1	1	1	1	1	1	
6	2	2	2	1	1	1	1	1	1	1	1	1	1	
4	2	2	1	1	1	1	1	1	1	1	1	1	1	1	1	1	
9	4	2	2	2	1	1	1	
8	2	2	2	2	1	1	1	1	1	1	
8	6	2	2	1	1	1	1	
4	4	2	2	2	2	1	1	1	1	1	1	
17	3	1	
4	2	2	2	2	2	1	1	1	1	1	1	1	
4	3	3	2	2	2	1	1	1	1	1	
8	4	3	3	1	1	1	
3	3	2	2	1	1	1	1	1	1	1	1	1	1	1	
7	3	2	2	2	1	1	1	1	1	
5	5	2	1	1	1	1	1	1	1	1	1	
6	2	2	2	1	1	1	1	1	1	1	1	1	
4	2	2	1	1	1	1	1	1	1	1	1	1	1	1	1	
10	2	1	1	1	1	1	1	1	1	
4	2	2	2	2	1	1	1	1	1	1	1	1	
4	2	2	1	1	1	1	1	1	1	1	1	1	1	1	
9	2	1	1	1	1	1	1	1	1	1	
4	2	1	1	1	1	1	1	1	1	1	1	1	1	1	1	
13	4	2	1	
3	3	2	2	1	1	1	1	1	1	1	1	1	1	
11	4	2	2	1	
3	2	2	2	1	1	1	1	1	1	1	1	1	1	1	
11	4	1	1	1	1	1	
11	2	2	1	1	1	1	1	
3	2	2	2	1	1	1	1	1	1	1	1	1	1	1	
6	5	2	1	1	1	1	1	1	1	
8	3	2	2	1	1	1	1	1	
15	2	2	1	
12	3	1	1	1	1	
6	3	2	1	1	1	1	1	1	1	1	
2	2	1	1	1	1	1	1	1	1	1	1	1	1	1	1	1	
11	2	2	1	1	1	1	
9	4	2	2	1	1	
8	3	2	1	1	1	1	1	1	
5	3	2	2	1	1	1	1	1	1	1	
5	4	3	2	1	1	1	1	1	
3	2	2	2	1	1	1	1	1	1	1	1	1	
6	5	4	1	1	1	
3	2	2	2	2	1	1	1	1	1	1	1	
5	4	3	2	1	1	1	1	
5	3	1	1	1	1	1	1	1	1	1	1	
5	3	3	1	1	1	1	1	1	1	
11	2	1	1	1	1	1	
8	2	1	1	1	1	1	1	1	1	
2	2	1	1	1	1	1	1	1	1	1	1	1	1	1	1	
3	3	1	1	1	1	1	1	1	1	1	1	1	1	
15	2	1	
7	1	1	1	1	1	1	1	1	1	1	1	
6	5	1	1	1	1	1	1	1	
5	2	2	1	1	1	1	1	1	1	1	
5	1	1	1	1	1	1	1	1	1	1	1	1	
2	2	1	1	1	1	1	1	1	1	1	1	1	1	1	
8	2	2	1	1	1	1	1	
4	2	2	1	1	1	1	1	1	1	1	1	
7	2	1	1	1	1	1	1	1	1	
17	
6	2	1	1	1	1	1	1	1	1	1	
4	1	1	1	1	1	1	1	1	1	1	1	1	1	
4	3	2	2	2	1	1	1	1	
5	3	3	2	2	1	1	
2	2	1	1	1	1	1	1	1	1	1	1	1	1	1	
7	1	1	1	1	1	1	1	1	1	
4	3	3	2	1	1	1	1	
2	2	2	2	1	1	1	1	1	1	1	1	
8	2	1	1	1	1	1	1	
13	2	1	
2	2	1	1	1	1	1	1	1	1	1	1	1	
4	1	1	1	1	1	1	1	1	1	1	1	
2	2	1	1	1	1	1	1	1	1	1	1	1	
8	1	1	1	1	1	1	1	
3	1	1	1	1	1	1	1	1	1	1	1	1	
4	3	2	2	2	1	1	
3	2	1	1	1	1	1	1	1	1	1	1	
6	5	2	1	1	
9	3	1	1	1	
4	2	1	1	1	1	1	1	1	1	1	
4	2	2	1	1	1	1	1	1	1	
3	1	1	1	1	1	1	1	1	1	1	1	1	
9	3	2	1	
10	1	1	1	1	1	
5	3	1	1	1	1	1	1	
3	2	1	1	1	1	1	1	1	1	1	
8	2	1	1	1	1	
2	1	1	1	1	1	1	1	1	1	1	1	1	
4	4	2	1	1	1	1	
5	4	2	1	1	1	
5	3	2	2	1	1	
3	3	1	1	1	1	1	1	1	1	
10	1	1	1	1	
5	5	1	1	1	1	
3	1	1	1	1	1	1	1	1	1	1	1	
6	3	2	1	1	1	
6	5	2	1	
3	3	1	1	1	1	1	1	1	
3	3	2	1	1	1	1	1	
4	3	2	1	1	1	1	
5	3	2	2	1	
6	2	1	1	1	1	1	
8	1	1	1	1	1	
3	2	1	1	1	1	1	1	1	1	
4	2	2	1	1	1	1	1	
3	2	2	2	2	1	1	
8	3	1	1	
4	3	2	1	1	1	1	
5	2	1	1	1	1	1	1	
3	2	1	1	1	1	1	1	1	1	
1	1	1	1	1	1	1	1	1	1	1	1	1	
2	1	1	1	1	1	1	1	1	1	1	1	
4	3	2	2	1	1	
11	1	1	
2	2	2	1	1	1	1	1	1	1	
2	2	2	1	1	1	1	1	1	1	
10	2	1	
9	1	1	1	1	
2	2	1	1	1	1	1	1	1	1	1	
10	1	1	1	
2	2	1	1	1	1	1	1	1	1	
3	2	1	1	1	1	1	1	1	
3	2	1	1	1	1	1	1	1	
3	2	2	1	1	1	1	1	
2	2	1	1	1	1	1	1	1	1	
3	3	2	1	1	1	1	
3	2	1	1	1	1	1	1	1	
3	2	1	1	1	1	1	1	1	
9	1	1	1	
4	2	1	1	1	1	1	1	
6	2	2	1	1	
2	1	1	1	1	1	1	1	1	1	1	
3	2	2	1	1	1	1	1	
9	3	
5	2	1	1	1	1	1	
5	3	2	1	1	
6	1	1	1	1	1	1	
2	1	1	1	1	1	1	1	1	1	1	
6	3	1	1	1	
8	2	1	1	
3	2	2	1	1	1	1	1	
4	3	1	1	1	1	1	
5	2	2	1	1	1	
10	2	
8	1	1	1	
2	1	1	1	1	1	1	1	1	1	
4	2	1	1	1	1	1	
3	1	1	1	1	1	1	1	1	
2	1	1	1	1	1	1	1	1	1	
7	2	1	1	
2	1	1	1	1	1	1	1	1	1	
6	1	1	1	1	1	
1	1	1	1	1	1	1	1	1	1	1	
3	3	2	1	1	1	
5	3	2	1	
5	1	1	1	1	1	1	
4	2	1	1	1	1	1	
2	2	1	1	1	1	1	1	1	
4	3	2	1	1	
7	1	1	1	1	
7	1	1	1	
3	1	1	1	1	1	1	1	
4	1	1	1	1	1	1	
4	2	1	1	1	1	
8	1	1	
3	3	1	1	1	1	
4	1	1	1	1	1	1	
7	2	1	
7	1	1	1	
2	2	1	1	1	1	1	1	
2	2	1	1	1	1	1	1	
4	2	1	1	1	1	
5	1	1	1	1	1	
3	2	1	1	1	1	1	
6	2	1	1	
2	2	2	1	1	1	1	
7	2	1	
4	3	2	1	
4	3	1	1	1	
4	3	1	1	1	
3	2	2	1	1	1	
4	2	2	1	1	
6	1	1	1	1	
7	2	1	
3	2	1	1	1	1	1	
2	2	1	1	1	1	1	1	
1	1	1	1	1	1	1	1	1	1	
9	1	
3	3	1	1	1	1	
4	2	1	1	1	1	
2	1	1	1	1	1	1	1	1	
6	2	1	1	
9	1	
2	2	2	1	1	1	
5	2	1	1	
3	2	1	1	1	1	
5	2	1	1	
2	2	2	1	1	1	
2	2	1	1	1	1	1	
4	1	1	1	1	1	
4	2	1	1	1	
4	2	1	1	1	
2	2	1	1	1	1	1	
4	1	1	1	1	1	
3	1	1	1	1	1	1	
7	1	1	
4	2	1	1	1	
7	2	
5	1	1	1	1	
2	1	1	1	1	1	1	1	
4	3	1	1	
1	1	1	1	1	1	1	1	1	
4	3	1	1	
3	1	1	1	1	1	1	
2	2	1	1	1	1	1	
5	2	1	1	
3	1	1	1	1	1	1	
5	2	1	1	
2	1	1	1	1	1	1	1	
4	1	1	1	1	1	
4	2	1	1	1	
2	1	1	1	1	1	1	1	
6	1	1	1	
5	3	1	
7	1	1	
3	3	1	1	1	
4	2	1	1	1	
2	2	2	1	1	1	
2	1	1	1	1	1	1	
3	3	1	1	
4	2	1	1	
5	2	1	
3	1	1	1	1	1	
3	2	1	1	1	
3	2	1	1	1	
4	1	1	1	1	
7	1	
6	1	1	
4	1	1	1	1	
7	1	
4	2	1	1	
8	
1	1	1	1	1	1	1	1	
4	1	1	1	1	
6	2	
5	2	1	
5	2	1	
2	2	1	1	1	1	
1	1	1	1	1	1	1	1	
7	1	
6	1	1	
4	2	1	1	
7	1	
2	2	1	1	1	1	
5	2	1	
1	1	1	1	1	1	1	1	
4	1	1	1	1	
3	2	1	1	1	
3	1	1	1	1	1	
2	1	1	1	1	1	1	
3	2	2	1	
8	
4	1	1	1	1	
1	1	1	1	1	1	1	1	
2	2	1	1	1	1	
5	1	1	1	
2	1	1	1	1	1	1	
4	2	1	1	
3	2	1	1	1	
2	2	1	1	1	1	
1	1	1	1	1	1	1	1	
5	1	1	1	
3	3	1	1	
5	2	1	
3	2	1	1	1	
5	1	1	1	
8	
2	1	1	1	1	1	
2	2	1	1	1	
5	2	
2	1	1	1	1	1	
5	1	1	
5	1	1	
1	1	1	1	1	1	1	
7	
4	1	1	1	
3	1	1	1	1	
4	1	1	1	
6	1	
3	1	1	1	1	
3	2	2	
2	1	1	1	1	1	
5	1	1	
2	1	1	1	1	1	
4	1	1	1	
4	1	1	1	
2	1	1	1	1	1	
5	2	
2	1	1	1	1	1	
5	1	1	
7	
4	1	1	1	
4	1	1	1	
4	2	1	
2	1	1	1	1	1	
1	1	1	1	1	1	1	
2	1	1	1	1	1	
2	1	1	1	1	1	
2	2	1	1	1	
4	2	1	
2	2	1	1	1	
2	2	1	1	1	
2	2	1	1	1	
4	1	1	1	
1	1	1	1	1	1	1	
2	1	1	1	1	1	
2	2	1	1	1	
2	1	1	1	1	1	
2	1	1	1	1	1	
3	3	1	
6	1	
3	2	1	1	
3	2	1	1	
1	1	1	1	1	1	1	
3	1	1	1	1	
1	1	1	1	1	1	1	
3	2	1	1	
1	1	1	1	1	1	1	
5	1	1	
3	2	1	1	
2	1	1	1	1	1	
6	1	
1	1	1	1	1	1	1	
2	1	1	1	1	1	
2	2	1	1	1	
3	2	2	
3	2	1	
2	1	1	1	1	
3	1	1	1	
1	1	1	1	1	1	
1	1	1	1	1	1	
1	1	1	1	1	1	
3	1	1	1	
2	2	1	1	
5	1	
1	1	1	1	1	1	
3	1	1	1	
2	2	1	1	
3	1	1	1	
2	1	1	1	1	
3	1	1	1	
3	1	1	1	
6	
1	1	1	1	1	1	
2	1	1	1	1	
1	1	1	1	1	1	
2	2	1	1	
1	1	1	1	1	1	
2	1	1	1	1	
3	1	1	1	
6	
3	1	1	1	
5	1	
2	1	1	1	1	
1	1	1	1	1	1	
4	1	1	
2	1	1	1	1	
3	2	1	
4	1	1	
3	1	1	1	
3	1	1	1	
2	1	1	1	1	
2	1	1	1	1	
2	1	1	1	1	
1	1	1	1	1	1	
2	2	1	1	
5	1	
1	1	1	1	1	1	
1	1	1	1	1	1	
6	
4	1	1	
2	1	1	1	1	
1	1	1	1	1	1	
2	1	1	1	1	
1	1	1	1	1	1	
2	1	1	1	1	
2	1	1	1	1	
3	1	1	1	
2	1	1	1	1	
3	2	1	
4	1	1	
3	2	1	
3	2	1	
1	1	1	1	1	1	
3	1	1	1	
2	2	1	1	
2	1	1	1	1	
1	1	1	1	1	1	
5	1	
2	2	1	1	
3	2	1	
2	1	1	1	1	
2	2	1	1	
4	1	1	
5	1	
2	2	1	1	
3	2	1	
3	1	1	1	
1	1	1	1	1	1	
2	2	1	1	
3	2	1	
1	1	1	1	1	
3	1	1	
1	1	1	1	1	
3	2	
5	
2	1	1	1	
1	1	1	1	1	
3	1	1	
1	1	1	1	1	
3	2	
2	2	1	
2	1	1	1	
1	1	1	1	1	
1	1	1	1	1	
2	2	1	
2	2	1	
2	1	1	1	
1	1	1	1	1	
4	1	
2	1	1	1	
2	1	1	1	
3	1	1	
2	1	1	1	
2	2	1	
1	1	1	1	1	
2	1	1	1	
1	1	1	1	1	
2	1	1	1	
5	
2	1	1	1	
3	1	1	
3	1	1	
2	1	1	1	
5	
2	1	1	1	
4	1	
2	2	1	
5	
3	1	1	
2	1	1	1	
2	1	1	1	
4	1	
1	1	1	1	1	
5	
3	1	1	
1	1	1	1	1	
2	1	1	1	
3	1	1	
2	1	1	1	
3	2	
5	
2	1	1	1	
3	1	1	
4	1	
1	1	1	1	1	
2	1	1	1	
3	1	1	
3	1	1	
3	1	1	
3	1	1	
3	1	1	
2	1	1	1	
2	1	1	1	
4	1	
2	1	1	1	
3	1	1	
2	1	1	1	
1	1	1	1	1	
1	1	1	1	1	
1	1	1	1	1	
2	1	1	1	
1	1	1	1	1	
3	1	1	
2	1	1	1	
2	1	1	1	
3	1	1	
5	
3	1	1	
3	1	1	
2	1	1	1	
3	1	1	
3	1	1	
1	1	1	1	1	
1	1	1	1	1	
2	1	1	1	
1	1	1	1	1	
3	1	1	
2	1	1	1	
3	1	1	
1	1	1	1	1	
2	1	1	1	
2	1	1	1	
2	1	1	1	
2	1	1	1	
2	1	1	1	
1	1	1	1	1	
3	1	1	
5	
1	1	1	1	1	
2	1	1	1	
5	
3	1	1	
3	1	1	
2	1	1	1	
3	1	1	
1	1	1	1	1	
5	
2	2	1	
1	1	1	1	1	
1	1	1	1	1	
1	1	1	1	1	
2	2	1	
1	1	1	1	1	
5	
2	2	1	
3	1	1	
2	1	1	1	
2	1	1	1	
2	1	1	1	
4	1	
2	1	1	1	
1	1	1	1	1	
2	1	1	1	
3	1	1	
2	1	1	
3	1	
1	1	1	1	
3	1	
2	1	1	
4	
2	1	1	
1	1	1	1	
1	1	1	1	
1	1	1	1	
1	1	1	1	
4	
3	1	
3	1	
2	1	1	
2	1	1	
3	1	
4	
2	2	
2	1	1	
2	1	1	
4	
2	1	1	
3	1	
4	
1	1	1	1	
2	1	1	
3	1	
4	
1	1	1	1	
1	1	1	1	
4	
1	1	1	1	
2	1	1	
2	1	1	
1	1	1	1	
1	1	1	1	
1	1	1	1	
1	1	1	1	
2	1	1	
1	1	1	1	
2	1	1	
1	1	1	1	
3	1	
2	1	1	
2	1	1	
2	1	1	
1	1	1	1	
3	1	
2	1	1	
2	1	1	
1	1	1	1	
2	1	1	
2	1	1	
1	1	1	1	
2	1	1	
1	1	1	1	
1	1	1	1	
3	1	
1	1	1	1	
2	1	1	
1	1	1	1	
4	
2	1	1	
1	1	1	1	
1	1	1	1	
1	1	1	1	
2	1	1	
2	1	1	
1	1	1	1	
2	1	1	
1	1	1	1	
2	1	1	
2	1	1	
1	1	1	1	
2	1	1	
1	1	1	1	
2	1	1	
1	1	1	1	
1	1	1	1	
2	1	1	
2	2	
1	1	1	1	
4	
1	1	1	1	
2	1	1	
1	1	1	1	
3	1	
4	
3	1	
2	1	1	
3	1	
2	1	1	
4	
1	1	1	1	
4	
2	1	1	
2	1	1	
1	1	1	1	
4	
1	1	1	1	
2	1	1	
2	1	1	
2	1	1	
1	1	1	1	
2	1	1	
1	1	1	1	
3	1	
4	
1	1	1	1	
2	1	1	
2	2	
2	1	1	
2	1	1	
3	1	
2	1	1	
2	1	1	
4	
2	1	1	
1	1	1	1	
1	1	1	1	
2	1	1	
3	1	
1	1	1	1	
2	1	1	
3	1	
1	1	1	1	
3	1	
1	1	1	1	
1	1	1	1	
1	1	1	1	
2	1	1	
1	1	1	1	
2	1	1	
3	1	
3	1	
1	1	1	1	
1	1	1	1	
1	1	1	1	
1	1	1	1	
2	1	1	
2	1	1	
2	1	1	
1	1	1	1	
2	1	1	
2	1	1	
4	
2	1	1	
2	1	1	
3	1	
2	1	1	
1	1	1	1	
1	1	1	1	
3	1	
3	1	
3	1	
2	1	1	
1	1	1	1	
2	1	1	
1	1	1	1	
3	1	
2	1	1	
2	1	1	
1	1	1	1	
2	2	
4	
1	1	1	1	
2	1	1	
1	1	1	1	
1	1	1	1	
2	1	1	
1	1	1	1	
3	1	
2	1	1	
1	1	1	1	
2	1	1	
3	1	
2	1	1	
2	1	1	
1	1	1	1	
2	1	1	
1	1	1	1	
2	1	1	
4	
2	1	1	
2	1	1	
3	1	
3	1	
2	2	
3	1	
4	
1	1	1	
1	1	1	
1	1	1	
1	1	1	
1	1	1	
2	1	
1	1	1	
1	1	1	
1	1	1	
2	1	
1	1	1	
3	
1	1	1	
1	1	1	
1	1	1	
1	1	1	
1	1	1	
1	1	1	
1	1	1	
1	1	1	
2	1	
2	1	
1	1	1	
1	1	1	
2	1	
1	1	1	
1	1	1	
1	1	1	
2	1	
3	
1	1	1	
3	
1	1	1	
2	1	
2	1	
2	1	
1	1	1	
1	1	1	
1	1	1	
1	1	1	
1	1	1	
2	1	
1	1	1	
2	1	
1	1	1	
1	1	1	
3	
1	1	1	
1	1	1	
2	1	
2	1	
1	1	1	
2	1	
2	1	
1	1	1	
2	1	
2	1	
1	1	1	
2	1	
2	1	
1	1	1	
1	1	1	
2	1	
2	1	
1	1	1	
2	1	
1	1	1	
2	1	
1	1	1	
1	1	1	
3	
1	1	1	
1	1	1	
2	1	
1	1	1	
3	
3	
2	1	
1	1	1	
2	1	
1	1	1	
1	1	1	
1	1	1	
2	1	
1	1	1	
3	
1	1	1	
2	1	
2	1	
1	1	1	
1	1	1	
2	1	
2	1	
1	1	1	
1	1	1	
2	1	
2	1	
1	1	1	
3	
1	1	1	
2	1	
1	1	1	
2	1	
1	1	1	
3	
3	
2	1	
2	1	
3	
2	1	
2	1	
2	1	
1	1	1	
2	1	
1	1	1	
2	1	
3	
2	1	
1	1	1	
2	1	
3	
1	1	1	
1	1	1	
2	1	
2	1	
3	
1	1	1	
2	1	
1	1	1	
1	1	1	
1	1	1	
2	1	
1	1	1	
1	1	1	
1	1	1	
3	
1	1	1	
1	1	1	
2	1	
3	
2	1	
1	1	1	
1	1	1	
2	1	
2	1	
3	
1	1	1	
1	1	1	
3	
2	1	
2	1	
1	1	1	
3	
1	1	1	
3	
1	1	1	
1	1	1	
1	1	1	
2	1	
2	1	
2	1	
2	1	
1	1	1	
1	1	1	
1	1	1	
3	
1	1	1	
2	1	
3	
2	1	
1	1	1	
2	1	
1	1	1	
2	1	
1	1	1	
3	
1	1	1	
1	1	1	
1	1	1	
2	1	
1	1	1	
2	1	
1	1	1	
3	
1	1	1	
3	
1	1	1	
1	1	1	
1	1	1	
1	1	1	
1	1	1	
2	1	
2	1	
3	
1	1	1	
2	1	
2	1	
2	1	
1	1	1	
2	1	
1	1	1	
2	1	
3	
1	1	1	
2	1	
1	1	1	
2	1	
2	1	
3	
1	1	1	
2	1	
2	1	
3	
1	1	1	
3	
2	1	
2	1	
1	1	1	
1	1	1	
2	1	
1	1	1	
1	1	1	
2	1	
1	1	1	
3	
2	1	
1	1	1	
1	1	1	
2	1	
2	1	
2	1	
2	1	
1	1	1	
2	1	
2	1	
1	1	1	
3	
1	1	1	
1	1	1	
1	1	1	
3	
1	1	1	
1	1	1	
2	1	
3	
1	1	1	
1	1	1	
2	1	
1	1	1	
1	1	1	
2	1	
1	1	1	
1	1	1	
2	1	
2	1	
3	
3	
2	1	
1	1	1	
2	1	
1	1	1	
1	1	1	
2	1	
1	1	1	
1	1	1	
2	1	
2	1	
1	1	1	
3	
1	1	1	
1	1	1	
2	1	
2	1	
1	1	1	
2	1	
1	1	1	
1	1	1	
2	1	
1	1	1	
1	1	1	
2	1	
2	1	
2	1	
1	1	1	
3	
2	1	
1	1	1	
3	
3	
3	
1	1	1	
2	1	
3	
2	1	
3	
2	1	
1	1	1	
1	1	1	
3	
3	
1	1	1	
2	1	
1	1	1	
1	1	1	
1	1	1	
2	1	
1	1	1	
3	
2	1	
1	1	1	
2	1	
2	1	
1	1	1	
1	1	1	
2	1	
1	1	1	
2	1	
3	
2	1	
2	1	
1	1	1	
1	1	1	
1	1	1	
2	1	
3	
1	1	1	
1	1	1	
1	1	1	
1	1	1	
2	1	
1	1	1	
1	1	1	
2	1	
3	
2	1	
2	1	
1	1	1	
3	
2	1	
3	
1	1	1	
1	1	1	
1	1	1	
2	1	
2	1	
1	1	1	
2	1	
1	1	1	
1	1	1	
1	1	1	
1	1	1	
1	1	1	
3	
1	1	1	
1	1	1	
1	1	1	
1	1	1	
1	1	1	
1	1	1	
1	1	1	
1	1	1	
1	1	1	
2	1	
2	
1	1	
1	1	
1	1	
1	1	
1	1	
1	1	
1	1	
1	1	
2	
2	
2	
1	1	
1	1	
1	1	
1	1	
1	1	
2	
2	
2	
2	
1	1	
1	1	
1	1	
1	1	
1	1	
1	1	
1	1	
1	1	
1	1	
1	1	
1	1	
1	1	
1	1	
1	1	
1	1	
1	1	
1	1	
2	
1	1	
2	
1	1	
2	
1	1	
1	1	
1	1	
1	1	
1	1	
1	1	
1	1	
1	1	
1	1	
1	1	
1	1	
2	
1	1	
2	
2	
1	1	
1	1	
2	
1	1	
2	
2	
1	1	
1	1	
1	1	
1	1	
1	1	
1	1	
2	
1	1	
1	1	
1	1	
1	1	
1	1	
2	
1	1	
1	1	
1	1	
1	1	
2	
2	
1	1	
1	1	
1	1	
1	1	
1	1	
2	
1	1	
2	
1	1	
2	
1	1	
1	1	
2	
2	
2	
1	1	
2	
1	1	
2	
2	
1	1	
2	
2	
1	1	
1	1	
1	1	
1	1	
1	1	
1	1	
2	
1	1	
2	
2	
1	1	
1	1	
1	1	
1	1	
1	1	
1	1	
2	
1	1	
1	1	
2	
2	
1	1	
1	1	
2	
1	1	
1	1	
2	
2	
1	1	
1	1	
1	1	
2	
1	1	
2	
1	1	
1	1	
2	
2	
2	
1	1	
1	1	
2	
1	1	
1	1	
1	1	
1	1	
2	
1	1	
1	1	
2	
1	1	
1	1	
2	
2	
1	1	
1	1	
1	1	
2	
2	
1	1	
1	1	
1	1	
2	
1	1	
1	1	
2	
1	1	
1	1	
2	
1	1	
1	1	
2	
1	1	
1	1	
1	1	
1	1	
1	1	
2	
2	
1	1	
1	1	
1	1	
1	1	
1	1	
2	
1	1	
2	
1	1	
1	1	
1	1	
1	1	
1	1	
1	1	
2	
2	
1	1	
2	
2	
1	1	
1	1	
1	1	
1	1	
1	1	
1	1	
2	
2	
2	
1	1	
1	1	
1	1	
1	1	
1	1	
1	1	
1	1	
1	1	
1	1	
1	1	
1	1	
1	1	
1	1	
1	1	
2	
1	1	
1	1	
2	
1	1	
1	1	
1	1	
1	1	
2	
1	1	
1	1	
2	
1	1	
2	
1	1	
1	1	
2	
1	1	
1	1	
2	
1	1	
1	1	
2	
2	
1	1	
2	
1	1	
2	
1	1	
1	1	
1	1	
2	
2	
1	1	
1	1	
2	
1	1	
1	1	
2	
2	
2	
2	
2	
1	1	
1	1	
2	
2	
1	1	
1	1	
1	1	
2	
1	1	
1	1	
1	1	
1	1	
1	1	
2	
1	1	
1	1	
1	1	
2	
1	1	
1	1	
1	1	
1	1	
2	
2	
2	
1	1	
1	1	
1	1	
1	1	
1	1	
1	1	
2	
2	
2	
1	1	
1	1	
2	
1	1	
2	
1	1	
1	1	
1	1	
1	1	
1	1	
1	1	
1	1	
1	1	
1	1	
2	
2	
2	
1	1	
1	1	
2	
1	1	
1	1	
2	
1	1	
1	1	
2	
1	1	
1	1	
1	1	
1	1	
1	1	
2	
1	1	
1	1	
1	1	
1	1	
1	1	
1	1	
1	1	
1	1	
1	1	
1	1	
2	
1	1	
1	1	
2	
2	
1	1	
1	1	
1	1	
1	1	
1	1	
1	1	
2	
2	
1	1	
2	
2	
1	1	
2	
2	
1	1	
2	
1	1	
1	1	
1	1	
2	
1	1	
2	
1	1	
1	1	
1	1	
1	1	
2	
1	1	
2	
1	1	
1	1	
2	
1	1	
1	1	
2	
1	1	
2	
2	
1	1	
2	
1	1	
2	
1	1	
1	1	
1	1	
1	1	
1	1	
1	1	
1	1	
1	1	
1	1	
1	1	
1	1	
1	1	
2	
1	1	
1	1	
1	1	
1	1	
1	1	
1	1	
2	
1	1	
2	
1	1	
1	1	
1	1	
1	1	
2	
1	1	
2	
1	1	
1	1	
1	1	
1	1	
1	1	
1	1	
1	1	
2	
2	
1	1	
2	
1	1	
1	1	
1	1	
1	1	
1	1	
1	1	
2	
1	1	
2	
1	1	
1	1	
1	1	
1	1	
1	1	
2	
1	1	
1	1	
1	1	
1	1	
1	1	
1	1	
1	1	
1	1	
1	1	
1	1	
2	
1	1	
1	1	
2	
1	1	
2	
2	
1	1	
1	1	
2	
1	1	
1	1	
1	1	
1	1	
2	
2	
1	1	
2	
2	
1	1	
2	
1	1	
1	1	
1	1	
2	
2	
2	
1	1	
1	1	
1	1	
1	1	
1	1	
2	
2	
1	1	
1	1	
1	1	
1	1	
1	1	
2	
2	
2	
2	
2	
1	1	
2	
1	1	
2	
1	1	
1	1	
2	
1	1	
2	
1	1	
1	1	
2	
1	1	
1	1	
1	1	
1	1	
1	1	
1	1	
1	1	
2	
1	1	
1	1	
2	
1	1	
1	1	
1	1	
1	1	
2	
2	
2	
1	1	
2	
1	1	
1	1	
2	
1	1	
1	1	
1	1	
1	1	
2	
1	1	
1	1	
1	1	
2	
1	1	
1	1	
1	1	
1	1	
1	1	
1	1	
1	1	
1	1	
2	
2	
2	
1	1	
1	1	
1	1	
2	
1	1	
1	1	
1	1	
1	1	
1	1	
2	
1	1	
1	1	
1	1	
1	1	
1	1	
1	1	
1	1	
1	1	
1	1	
1	1	
1	1	
1	1	
1	1	
2	
1	1	
1	1	
1	1	
1	1	
1	1	
2	
1	1	
1	1	
1	1	
1	1	
2	
1	1	
1	1	
1	1	
2	
1	1	
1	1	
1	1	
1	1	
1	1	
1	1	
1	1	
1	1	
1	1	
1	1	
1	1	
1	1	
2	
2	
1	1	
1	1	
1	1	
1	1	
1	1	
2	
2	
1	1	
1	1	
1	1	
1	1	
1	1	
2	
1	1	
2	
2	
1	1	
1	1	
1	1	
1	1	
1	1	
1	1	
1	1	
1	1	
1	1	
1	1	
1	1	
1	1	
1	1	
2	
2	
1	1	
1	1	
1	1	
1	1	
1	1	
1	1	
1	1	
2	
1	1	
1	1	
1	1	
2	
2	
1	1	
2	
2	
2	
1	1	
1	1	
2	
2	
1	1	
2	
2	
2	
1	1	
2	
1	1	
1	1	
1	1	
1	1	
2	
1	1	
1	1	
2	
1	1	
2	
1	1	
1	1	
2	
1	1	
2	
2	
1	1	
2	
2	
1	1	
1	1	
1	1	
1	1	
1	1	
1	1	
1	1	
2	
1	1	
2	
2	
1	1	
1	1	
1	1	
1	1	
1	1	
2	
1	1	
2	
1	1	
1	1	
1	1	
2	
2	
1	1	
1	1	
1	1	
1	1	
1	1	
1	1	
2	
1	1	
1	1	
2	
2	
1	1	
1	1	
1	1	
1	1	
2	
1	1	
1	1	
1	1	
1	1	
1	1	
1	1	
1	1	
2	
1	1	
1	1	
2	
2	
1	1	
1	1	
1	
1	
1	
1	
1	
1	
1	
1	
1	
1	
1	
1	
1	
1	
1	
1	
1	
1	
1	
1	
1	
1	
1	
1	
1	
1	
1	
1	
1	
1	
1	
1	
1	
1	
1	
1	
1	
1	
1	
1	
1	
1	
1	
1	
1	
1	
1	
1	
1	
1	
1	
1	
1	
1	
1	
1	
1	
1	
1	
1	
1	
1	
1	
1	
1	
1	
1	
1	
1	
1	
1	
1	
1	
1	
1	
1	
1	
1	
1	
1	
1	
1	
1	
1	
1	
1	
1	
1	
1	
1	
1	
1	
1	
1	
1	
1	
1	
1	
1	
1	
1	
1	
1	
1	
1	
1	
1	
1	
1	
1	
1	
1	
1	
1	
1	
1	
1	
1	
1	
1	
1	
1	
1	
1	
1	
1	
1	
1	
1	
1	
1	
1	
1	
1	
1	
1	
1	
1	
1	
1	
1	
1	
1	
1	
1	
1	
1	
1	
1	
1	
1	
1	
1	
1	
1	
1	
1	
1	
1	
1	
1	
1	
1	
1	
1	
1	
1	
1	
1	
1	
1	
1	
1	
1	
1	
1	
1	
1	
1	
1	
1	
1	
1	
1	
1	
1	
1	
1	
1	
1	
1	
1	
1	
1	
1	
1	
1	
1	
1	
1	
1	
1	
1	
1	
1	
1	
1	
1	
1	
1	
1	
1	
1	
1	
1	
1	
1	
1	
1	
1	
1	
1	
1	
1	
1	
1	
1	
1	
1	
1	
1	
1	
1	
1	
1	
1	
1	
1	
1	
1	
1	
1	
1	
1	
1	
1	
1	
1	
1	
1	
1	
1	
1	
1	
1	
1	
1	
1	
1	
1	
1	
1	
1	
1	
1	
1	
1	
1	
1	
1	
1	
1	
1	
1	
1	
1	
1	
1	
1	
1	
1	
1	
1	
1	
1	
1	
1	
1	
1	
1	
1	
1	
1	
1	
1	
1	
1	
1	
1	
1	
1	
1	
1	
1	
1	
1	
1	
1	
1	
1	
1	
1	
1	
1	
1	
1	
1	
1	
1	
1	
1	
1	
1	
1	
1	
1	
1	
1	
1	
1	
1	
1	
1	
1	
1	
1	
1	
1	
1	
1	
1	
1	
1	
1	
1	
1	
1	
1	
1	
1	
1	
1	
1	
1	
1	
1	
1	
1	
1	
1	
1	
1	
1	
1	
1	
1	
1	
1	
1	
1	
1	
1	
1	
1	
1	
1	
1	
1	
1	
1	
1	
1	
1	
1	
1	
1	
1	
1	
1	
1	
1	
1	
1	
1	
1	
1	
1	
1	
1	
1	
1	
1	
1	
1	
1	
1	
1	
1	
1	
1	
1	
1	
1	
1	
1	
1	
1	
1	
1	
1	
1	
1	
1	
1	
1	
1	
1	
1	
1	
1	
1	
1	
1	
1	
1	
1	
1	
1	
1	
1	
1	
1	
1	
1	
1	
1	
1	
1	
1	
1	
1	
1	
1	
1	
1	
1	
1	
1	
1	
1	
1	
1	
1	
1	
1	
1	
1	
1	
1	
1	
1	
1	
1	
1	
1	
1	
1	
1	
1	
1	
1	
1	
1	
1	
1	
1	
1	
1	
1	
1	
1	
1	
1	
1	
1	
1	
1	
1	
1	
1	
1	
1	
1	
1	
1	
1	
1	
1	
1	
1	
1	
1	
1	
1	
1	
1	
1	
1	
1	
1	
1	
1	
1	
1	
1	
1	
1	
1	
1	
1	
1	
1	
1	
1	
1	
1	
1	
1	
1	
1	
1	
1	
1	
1	
1	
1	
1	
1	
1	
1	
1	
1	
1	
1	
1	
1	
1	
1	
1	
1	
1	
1	
1	
1	
1	
1	
1	
1	
1	
1	
1	
1	
1	
1	
1	
1	
1	
1	
1	
1	
1	
1	
1	
1	
1	
1	
1	
1	
1	
1	
1	
1	
1	
1	
1	
1	
1	
1	
1	
1	
1	
1	
1	
1	
1	
1	
1	
1	
1	
1	
1	
1	
1	
1	
1	
1	
1	
1	
1	
1	
1	
1	
1	
1	
1	
1	
1	
1	
1	
1	
1	
1	
1	
1	
1	
1	
1	
1	
1	
1	
1	
1	
1	
1	
1	
1	
1	
1	
1	
1	
1	
1	
1	
1	
1	
1	
1	
1	
1	
1	
1	
1	
1	
1	
1	
1	
1	
1	
1	
1	
1	
1	
1	
1	
1	
1	
1	
1	
1	
1	
1	
1	
1	
1	
1	
1	
1	
1	
1	
1	
1	
1	
1	
1	
1	
1	
1	
1	
1	
1	
1	
1	
1	
1	
1	
1	
1	
1	
1	
1	
1	
1	
1	
1	
1	
1	
1	
1	
1	
1	
1	
1	
1	
1	
1	
1	
1	
1	
1	
1	
1	
1	
1	
1	
1	
1	
1	
1	
1	
1	
1	
1	
1	
1	
1	
1	
1	
1	
1	
1	
1	
1	
1	
1	
1	
1	
1	
1	
1	
1	
1	
1	
1	
1	
1	
1	
1	
1	
1	
1	
1	
1	
1	
1	
1	
1	
1	
1	
1	
1	
1	
1	
1	
1	
1	
1	
1	
1	
1	
1	
1	
1	
1	
1	
1	
1	
1	
1	
1	
1	
1	
1	
1	
1	
1	
1	
1	
1	
1	
1	
1	
1	
1	
1	
1	
1	
1	
1	
1	
1	
1	
1	
1	
1	
1	
1	
1	
1	
1	
1	
1	
1	
1	
1	
1	
1	
1	
1	
1	
1	
1	
1	
1	
1	
1	
1	
1	
1	
1	
1	
1	
1	
1	
1	
1	
1	
1	
1	
1	
1	
1	
1	
1	
1	
1	
1	
1	
1	
1	
1	
1	
1	
1	
1	
1	
1	
1	
1	
1	
1	
1	
1	
1	
1	
1	
1	
1	
1	
1	
1	
1	
1	
1	
1	
1	
1	
1	
1	
1	
1	
1	
1	
1	
1	
1	
1	
1	
1	
1	
1	
1	
1	
1	
1	
1	
1	
1	
1	
1	
1	
1	
1	
1	
1	
1	
1	
1	
1	
1	
1	
1	
1	
1	
1	
1	
1	
1	
1	
1	
1	
1	
1	
1	
1	
1	
1	
1	
1	
1	
1	
1	
1	
1	
1	
1	
1	
1	
1	
1	
1	
1	
1	
1	
1	
1	
1	
1	
1	
1	
1	
1	
1	
1	
1	
1	
1	
1	
1	
1	
1	
1	
1	
1	
1	
1	
1	
1	
1	
1	
1	
1	
1	
1	
1	
1	
1	
1	
1	
1	
1	
1	
1	
1	
1	
1	
1	
1	
1	
1	
1	
1	
1	
1	
1	
1	
1	
1	
1	
1	
1	
1	
1	
1	
1	
1	
1	
1	
1	
1	
1	
1	
1	
1	
1	
1	
1	
1	
1	
1	
1	
1	
1	
1	
1	
1	
1	
1	
1	
1	
1	
1	
1	
1	
1	
1	
1	
1	
1	
1	
1	
1	
1	
1	
1	
1	
1	
1	
1	
1	
1	
1	
1	
1	
1	
1	
1	
1	
1	
1	
1	
1	
1	
1	
1	
1	
1	
1	
1	
1	
1	
1	
1	
1	
1	
1	
1	
1	
1	
1	
1	
1	
1	
1	
1	
1	
1	
1	
1	
1	
1	
1	
1	
1	
1	
1	
1	
1	
1	
1	
1	
1	
1	
1	
1	
1	
1	
1	
1	
1	
1	
1	
1	
1	
1	
1	
1	
1	
1	
1	
1	
1	
1	
1	
1	
1	
1	
1	
1	
1	
1	
1	
1	
1	
1	
1	
1	
1	
1	
1	
1	
1	
1	
1	
1	
1	
1	
1	
1	
1	
1	
1	
1	
1	
1	
1	
1	
1	
1	
1	
1	
1	
1	
1	
1	
1	
1	
1	
1	
1	
1	
1	
1	
1	
1	
1	
1	
1	
1	
1	
1	
1	
1	
1	
1	
1	
1	
1	
1	
1	
1	
1	
1	
1	
1	
1	
1	
1	
1	
1	
1	
1	
1	
1	
1	
1	
1	
1	
1	
1	
1	
1	
1	
1	
1	
1	
1	
1	
1	
1	
1	
1	
1	
1	
1	
1	
1	
1	
1	
1	
1	
1	
1	
1	
1	
1	
1	
1	
1	
1	
1	
1	
1	
1	
1	
1	
1	
1	
1	
1	
1	
1	
1	
1	
1	
1	
1	
1	
1	
1	
1	
1	
1	
1	
1	
1	
1	
1	
1	
1	
1	
1	
1	
1	
1	
1	
1	
1	
1	
1	
1	
1	
1	
1	
1	
1	
1	
1	
1	
1	
1	
1	
1	
1	
1	
1	
1	
1	
1	
1	
1	
1	
1	
1	
1	
1	
1	
1	
1	
1	
1	
1	
1	
1	
1	
1	
1	
1	
1	
1	
1	
1	
1	
1	
1	
1	
1	
1	
1	
1	
1	
1	
1	
1	
1	
1	
1	
1	
1	
1	
1	
1	
1	
1	
1	
1	
1	
1	
1	
1	
1	
1	
1	
1	
1	
1	
1	
1	
1	
1	
1	
1	
1	
1	
1	
1	
1	
1	
1	
1	
1	
1	
1	
1	
1	
1	
1	
1	
1	
1	
1	
1	
1	
1	
1	
1	
1	
1	
1	
1	
1	
1	
1	
1	
1	
1	
1	
1	
1	
1	
1	
1	
1	
1	
1	
1	
1	
1	
1	
1	
1	
1	
1	
1	
1	
1	
1	
1	
1	
1	
1	
1	
1	
1	
1	
1	
1	
1	
1	
1	
1	
1	
1	
1	
1	
1	
1	
1	
1	
1	
1	
1	
1	
1	
1	
1	
1	
1	
1	
1	
1	
1	
1	
1	
1	
1	
1	
1	
1	
1	
1	
1	
1	
1	
1	
1	
1	
1	
1	
1	
1	
1	
1	
1	
1	
1	
1	
1	
1	
1	
1	
1	
1	
1	
1	
1	
1	
1	
1	
1	
1	
1	
1	
1	
1	
1	
1	
1	
1	
1	
1	
1	
1	
1	
1	
1	
1	
1	
1	
1	
1	
1	
1	
1	
1	
1	
1	
1	
1	
1	
1	
1	
1	
1	
1	
1	
1	
1	
1	
1	
1	
1	
1	
1	
1	
1	
1	
1	
1	
1	
1	
1	
1	
1	
1	
1	
1	
1	
1	
1	
1	
1	
1	
1	
1	
1	
1	
1	
1	
1	
1	
1	
1	
1	
1	
1	
1	
1	
1	
1	
1	
1	
1	
1	
1	
1	
1	
1	
1	
1	
1	
1	
1	
1	
1	
1	
1	
1	
1	
1	
1	
1	
1	
1	
1	
1	
1	
1	
1	
1	
1	
1	
1	
1	
1	
1	
1	
1	
1	
1	
1	
1	
1	
1	
1	
1	
1	
1	
1	
1	
1	
1	
1	
1	
1	
1	
1	
1	
1	
1	
1	
1	
1	
1	
1	
1	
1	
1	
1	
1	
1	
1	
1	
1	
1	
1	
1	
1	
1	
1	
1	
1	
1	
1	
1	
1	
1	
1	
1	
1	
1	
1	
1	
1	
1	
1	
1	
1	
1	
1	
1	
1	
1	
1	
1	
1	
1	
1	
1	
1	
1	
1	
1	
1	
1	
1	
1	
1	
1	
1	
1	
1	
1	
1	
1	
1	
1	
1	
1	
1	
1	
1	
1	
1	
1	
1	
1	
1	
1	
1	
1	
1	
1	
1	
1	
1	
1	
1	
1	
1	
1	
1	
1	
1	
1	
1	
1	
1	
1	
1	
1	
1	
1	
1	
1	
1	
1	
1	
1	
1	
1	
1	
1	
1	
1	
1	
1	
1	
1	
1	
1	
1	
1	
1	
1	
1	
1	
1	
1	
1	
1	
1	
1	
1	
1	
1	
1	
1	
1	
1	
1	
1	
1	
1	
1	
1	
1	
1	
1	
1	
1	
1	
1	
1	
1	
1	
1	
1	
1	
1	
1	
1	
1	
1	
1	
1	
1	
1	
1	
1	
1	
1	
1	
1	
1	
1	
1	
1	
1	
1	
1	
1	
1	
1	
1	
1	
1	
1	
1	
1	
1	
1	
1	
1	
1	
1	
1	
1	
1	
1	
1	
1	
1	
1	
1	
1	
1	
1	
1	
1	
1	
1	
1	
1	
1	
1	
1	
1	
1	
1	
1	
1	
1	
1	
1	
1	
1	
1	
1	
1	
1	
1	
1	
1	
1	
1	
1	
1	
1	
1	
1	
1	
1	
1	
1	
1	
1	
1	
1	
1	
1	
1	
1	
1	
1	
1	
1	
1	
1	
1	
1	
1	
1	
1	
1	
1	
1	
1	
1	
1	
1	
1	
1	
1	
1	
1	
1	
1	
1	
1	
1	
1	
1	
1	
1	
1	
1	
1	
1	
1	
1	
1	
1	
1	
1	
1	
1	
1	
1	
1	
1	
1	
1	
1	
1	
1	
1	
1	
1	
1	
1	
1	
1	
1	
1	
1	
1	
1	
1	
1	
1	
1	
1	
1	
1	
1	
1	
1	
1	
1	
1	
1	
1	
1	
1	
1	
1	
1	
1	
1	
1	
1	
1	
1	
1	
1	
1	
1	
1	
1	
1	
1	
1	
1	
1	
1	
1	
1	
1	
1	
1	
1	
1	
1	
1	
1	
1	
1	
1	
1	
1	
1	
1	
1	
1	
1	
1	
1	
1	
1	
1	
1	
1	
1	
1	
1	
1	
1	
1	
1	
1	
1	
1	
1	
1	
1	
1	
1	
1	
1	
1	
1	
1	
1	
1	
1	
1	
1	
1	
1	
1	
1	
1	
1	
1	
1	
1	
1	
1	
1	
1	
1	
1	
1	
1	
1	
1	
1	
1	
1	
1	
1	
1	
1	
1	
1	
1	
1	
1	
1	
1	
1	
1	
1	
1	
1	
1	
1	
1	
1	
1	
1	
1	
1	
1	
1	
1	
1	
1	
1	
1	
1	
1	
1	
1	
1	
1	
1	
1	
1	
1	
1	
1	
1	
1	
1	
1	
1	
1	
1	
1	
1	
1	
1	
1	
1	
1	
1	
1	
1	
1	
1	
1	
1	
1	
1	
1	
1	
1	
1	
1	
1	
1	
1	
1	
1	
1	
1	
1	
1	
1	
1	
1	
1	
1	
1	
1	
1	
1	
1	
1	
1	
1	
1	
1	
1	
1	
1	
1	
1	
1	
1	
1	
1	
1	
1	
1	
1	
1	
1	
1	
1	
1	
1	
1	
1	
1	
1	
1	
1	
1	
1	
1	
1	
1	
1	
1	
1	
1	
1	
1	
1	
1	
1	
1	
1	
1	
1	
1	
1	
1	
1	
1	
1	
1	
1	
1	
1	
1	
1	
1	
1	
1	
1	
1	
1	
1	
1	
1	
1	
1	
1	
1	
1	
1	
1	
1	
1	
1	
1	
1	
1	
1	
1	
1	
1	
1	
1	
1	
1	
1	
1	
1	
1	
1	
1	
1	
1	
1	
1	
1	
1	
1	
1	
1	
1	
1	
1	
1	
1	
1	
1	
1	
1	
1	
1	
1	
1	
1	
1	
1	
1	
1	
1	
1	
1	
1	
1	
1	
1	
1	
1	
1	
1	
1	
1	
1	
1	
1	
1	
1	
1	
1	
1	
1	
1	
1	
1	
1	
1	
1	
1	
1	
1	
1	
1	
1	
1	
1	
1	
1	
1	
1	
1	
1	
1	
1	
1	
1	
1	
1	
1	
1	
1	
1	
1	
1	
1	
1	
1	
1	
1	
1	
1	
1	
1	
1	
1	
1	
1	
1	
1	
1	
1	
1	
1	
1	
1	
1	
1	
1	
1	
1	
1	
1	
1	
1	
1	
1	
1	
1	
1	
1	
1	
1	
1	
1	
1	
1	
1	
1	
1	
1	
1	
1	
1	
1	
1	
1	
1	
1	
1	
1	
1	
1	
1	
1	
1	
1	
1	
1	
1	
1	
1	
1	
1	
1	
1	
1	
1	
1	
1	
1	
1	
1	
1	
1	
1	
1	
1	
1	
1	
1	
1	
1	
1	
1	
1	
1	
1	
1	
1	
1	
1	
1	
1	
1	
1	
1	
1	
1	
1	
1	
1	
1	
1	
1	
1	
1	
1	
1	
1	
1	
1	
1	
1	
1	
1	
1	
1	
1	
1	
1	
1	
1	
1	
1	
1	
1	
1	
1	
1	
1	
1	
1	
1	
1	
1	
1	
1	
1	
1	
1	
1	
1	
1	
1	
1	
1	
1	
1	
1	
1	
1	
1	
1	
1	
1	
1	
1	
1	
1	
1	
1	
1	
1	
1	
1	
1	
1	
1	
1	
1	
1	
1	
1	
1	
1	
1	
1	
1	
1	
1	
1	
1	
1	
1	
1	
1	
1	
1	
1	
1	
1	
1	
1	
1	
1	
1	
1	
1	
1	
1	
1	
1	
1	
1	
1	
1	
1	
1	
1	
1	
1	
1	
1	
1	
1	
1	
1	
1	
1	
1	
1	
1	
1	
1	
1	
1	
1	
1	
1	
1	
1	
1	
1	
1	
1	
1	
1	
1	
1	
1	
1	
1	
1	
1	
1	
1	
1	
1	
1	
1	
1	
1	
1	
1	
1	
1	
1	
1	
1	
1	
1	
1	
1	
1	
1	
1	
1	
1	
1	
1	
1	
1	
1	
1	
1	
1	
1	
1	
1	
1	
1	
1	
1	
1	
1	
1	
1	
1	
1	
1	
1	
1	
1	
1	
1	
1	
1	
1	
1	
1	
1	
1	
1	
1	
1	
1	
1	
1	
1	
1	
1	
1	
1	
1	
1	
1	
1	
1	
1	
1	
1	
1	
1	
1	
1	
1	
1	
1	
1	
1	
1	
1	
1	
1	
1	
1	
1	
1	
1	
1	
1	
1	
1	
1	
1	
1	
1	
1	
1	
1	
1	
1	
1	
1	
1	
1	
1	
1	
1	
1	
1	
1	
1	
1	
1	
1	
1	
1	
1	
1	
1	
1	
1	
1	
1	
1	
1	
1	
1	
1	
1	
1	
1	
1	
1	
1	
1	
1	
1	
1	
1	
1	
1	
1	
1	
1	
1	
1	
1	
1	
1	
1	
1	
1	
1	
1	
1	
1	
1	
1	
1	
1	
1	
1	
1	
1	
1	
1	
1	
1	
1	
1	
1	
1	
1	
1	
1	
1	
1	
1	
1	
1	
1	
1	
1	
1	
1	
1	
1	
1	
1	
1	
1	
1	
1	
1	
1	
1	
1	
1	
1	
1	
1	
1	
1	
1	
1	
1	
1	
1	
1	
1	
1	
1	
1	
1	
1	
1	
1	
1	
1	
1	
1	
1	
1	
1	
1	
1	
1	
1	
1	
1	
1	
1	
1	
1	
1	
1	
1	
1	
1	
1	
1	
1	
1	
1	
1	
1	
1	
1	
1	
1	
1	
1	
1	
1	
1	
1	
1	
1	
1	
1	
1	
1	
1	
1	
1	
1	
1	
1	
1	
1	
1	
1	
1	
1	
1	
1	
1	
1	
1	
1	
1	
1	
1	
1	
1	
1	
1	
1	
1	
1	
1	
1	
1	
1	
1	
1	
1	
1	
1	
1	
1	
1	
1	
1	
1	
1	
1	
1	
1	
1	
1	
1	
1	
1	
1	
1	
1	
1	
1	
1	
1	
1	
1	
1	
1	
1	
1	
1	
1	
1	
1	
1	
1	
1	
1	
1	
1	
1	
1	
1	
1	
1	
1	
1	
1	
1	
1	
1	
1	
1	
1	
1	
1	
1	
1	
1	
1	
1	
1	
1	
1	
1	
1	
1	
1	
1	
1	
1	
1	
1	
1	
1	
1	
1	
1	
1	
1	
1	
1	
1	
1	
1	
1	
1	
1	
1	
1	
1	
1	
1	
1	
1	
1	
1	
1	
1	
1	
1	
1	
1	
1	
1	
1	
1	
1	
1	
1	
1	
1	
1	
1	
1	
1	
1	
1	
1	
1	
1	
1	
1	
1	
1	
1	
1	
1	
1	
1	
1	
1	
1	
1	
1	
1	
1	
1	
1	
1	
1	
1	
1	
1	
1	
1	
1	
1	
1	
1	
1	
1	
1	
1	
1	
1	
1	
1	
1	
1	
1	
1	
1	
1	
1	
1	
1	
1	
1	
1	
1	
1	
1	
1	
1	
1	
1	
1	
1	
1	
1	
1	
1	
1	
1	
1	
1	
1	
1	
1	
1	
1	
1	
1	
1	
1	
1	
1	
1	
1	
1	
1	
1	
1	
1	
1	
1	
1	
1	
1	
1	
1	
1	
1	
1	
1	
1	
1	
1	
1	
1	
1	
1	
1	
1	
1	
1	
1	
1	
1	
1	
1	
1	
1	
1	
1	
1	
1	
1	
1	
1	
1	
1	
1	
1	
1	
1	
1	
1	
1	
1	
1	
1	
1	
1	
1	
1	
1	
1	
1	
1	
1	
1	
1	
1	
1	
1	
1	
1	
1	
1	
1	
1	
1	
1	
1	
1	
1	
1	
1	
1	
1	
1	
1	
1	
1	
1	
1	
1	
1	
1	
1	
1	
1	
1	
1	
1	
1	
1	
1	
1	
1	
1	
1	
1	
1	
1	
1	
1	
1	
1	
1	
1	
1	
1	
1	
1	
1	
1	
1	
1	
1	
1	
1	
1	
1	
1	
1	
1	
1	
1	
1	
1	
1	
