322	256	165	159	159	157	117	108	98	89	89	76	74	66	66	56	48	47	44	43	41	40	37	35	35	35	33	31	31	30	29	28	28	27	25	25	25	24	24	24	23	22	21	20	20	19	19	18	18	18	18	17	16	16	16	16	16	15	15	15	15	14	14	14	14	14	13	13	13	13	13	13	13	13	12	12	12	12	12	12	11	11	11	11	10	10	10	10	10	9	9	9	9	9	9	9	9	9	9	8	8	8	8	8	8	8	8	8	8	8	8	8	8	8	8	7	7	7	7	7	7	7	7	7	7	7	7	7	7	7	6	6	6	6	6	6	6	6	6	6	6	6	6	6	6	6	6	5	5	5	5	5	5	5	5	5	5	5	5	5	5	5	5	5	5	5	5	5	5	5	5	5	5	5	5	5	5	4	4	4	4	4	4	4	4	4	4	4	4	4	4	4	4	4	4	4	4	4	4	4	4	4	4	4	4	4	4	4	4	4	4	4	4	4	4	4	3	3	3	3	3	3	3	3	3	3	3	3	3	3	3	3	3	3	3	3	3	3	3	3	3	3	3	3	3	3	3	3	3	3	3	3	3	3	3	3	3	3	3	3	3	3	3	3	3	3	3	3	3	3	3	2	2	2	2	2	2	2	2	2	2	2	2	2	2	2	2	2	2	2	2	2	2	2	2	2	2	2	2	2	2	2	2	2	2	2	2	2	2	2	2	2	2	2	2	2	2	2	2	2	2	2	2	2	2	2	2	2	2	2	2	2	2	2	2	2	2	2	2	2	2	2	2	2	2	2	2	2	2	2	2	2	2	2	2	2	2	2	2	2	2	2	2	2	2	2	2	2	2	2	2	2	2	2	2	2	2	2	2	2	2	1	1	1	1	1	1	1	1	1	1	1	1	1	1	1	1	1	1	1	1	1	1	1	1	1	1	1	1	1	1	1	1	1	1	1	1	1	1	1	1	1	1	1	1	1	1	1	1	1	1	1	1	1	1	1	1	1	1	1	1	1	1	1	1	1	1	1	1	1	1	1	1	1	1	1	1	1	1	1	1	1	1	1	1	1	1	1	1	1	1	1	1	1	1	1	1	1	1	1	1	1	1	1	1	1	1	1	1	1	1	1	1	1	1	1	1	1	1	1	1	1	1	1	1	1	1	1	1	1	1	1	1	1	1	1	1	1	1	1	1	1	1	1	1	1	1	1	1	1	1	1	1	1	1	1	1	1	1	1	1	1	1	1	1	1	1	1	1	1	1	1	1	1	1	1	1	1	1	1	1	1	1	1	1	1	1	1	1	1	1	1	1	1	1	1	1	1	1	1	1	1	1	1	1	1	1	1	1	1	1	1	1	1	1	1	1	1	1	1	1	1	1	1	1	1	1	1	1	1	1	1	1	1	1	1	1	1	1	1	1	1	1	1	1	1	1	1	1	1	1	1	1	1	1	1	1	1	1	1	1	1	1	1	1	1	1	1	1	1	1	1	1	1	1	1	1	1	1	1	1	1	1	1	1	1	1	1	1	1	1	1	1	1	1	1	1	1	1	1	1	1	1	1	1	1	1	
487	254	233	161	109	94	74	69	69	66	60	58	56	55	50	41	40	38	34	33	31	30	30	28	27	27	27	26	24	24	22	22	22	20	18	18	16	16	16	16	15	14	13	13	12	12	11	10	10	10	10	10	9	9	9	9	8	8	7	7	7	7	7	7	6	6	6	6	6	6	6	6	6	6	6	6	6	6	6	6	6	5	5	5	5	5	5	5	5	5	5	5	5	4	4	4	4	4	4	4	4	4	4	4	4	4	4	4	4	4	4	4	3	3	3	3	3	3	3	3	3	3	3	3	3	3	3	3	3	3	3	3	3	3	3	3	3	3	3	3	3	3	3	3	3	3	3	3	3	3	3	3	3	3	3	3	3	2	2	2	2	2	2	2	2	2	2	2	2	2	2	2	2	2	2	2	2	2	2	2	2	2	2	2	2	2	2	2	2	2	2	2	2	2	2	2	2	2	2	2	2	2	2	2	2	2	2	2	2	2	2	2	2	2	2	2	2	2	2	2	2	2	2	2	1	1	1	1	1	1	1	1	1	1	1	1	1	1	1	1	1	1	1	1	1	1	1	1	1	1	1	1	1	1	1	1	1	1	1	1	1	1	1	1	1	1	1	1	1	1	1	1	1	1	1	1	1	1	1	1	1	1	1	1	1	1	1	1	1	1	1	1	1	1	1	1	1	1	1	1	1	1	1	1	1	1	1	1	1	1	1	1	1	1	1	1	1	1	1	1	1	1	1	1	1	1	1	1	1	1	1	1	1	1	1	1	1	1	1	1	1	1	1	1	1	1	1	1	1	1	1	1	1	1	1	1	1	1	1	1	1	1	1	1	1	1	1	1	1	1	1	1	1	1	1	1	1	1	1	1	1	1	1	1	1	1	1	1	1	1	1	1	1	1	1	1	1	1	1	1	1	1	1	1	1	1	1	1	1	1	1	1	1	1	1	1	1	1	1	1	1	1	1	1	1	1	1	1	1	1	1	1	1	1	1	1	1	1	1	1	1	
143	110	101	94	63	55	42	40	38	33	30	29	27	24	22	22	21	21	20	20	20	18	18	17	16	14	14	13	13	12	12	12	12	12	10	10	10	10	10	9	9	9	9	9	9	9	9	8	8	8	8	8	8	7	7	7	7	7	7	6	6	6	6	6	6	6	5	5	5	5	5	5	5	5	5	5	5	5	5	5	5	5	5	5	5	5	4	4	4	4	4	4	4	4	4	4	4	4	4	3	3	3	3	3	3	3	3	3	3	3	3	3	3	3	3	3	3	3	3	3	3	3	3	3	3	3	3	3	3	3	3	3	3	2	2	2	2	2	2	2	2	2	2	2	2	2	2	2	2	2	2	2	2	2	2	2	2	2	2	2	2	2	2	2	2	2	2	2	2	2	2	2	2	2	2	2	2	2	2	2	2	2	2	1	1	1	1	1	1	1	1	1	1	1	1	1	1	1	1	1	1	1	1	1	1	1	1	1	1	1	1	1	1	1	1	1	1	1	1	1	1	1	1	1	1	1	1	1	1	1	1	1	1	1	1	1	1	1	1	1	1	1	1	1	1	1	1	1	1	1	1	1	1	1	1	1	1	1	1	1	1	1	1	1	1	1	1	1	1	1	1	1	1	1	1	1	1	1	1	1	1	1	1	1	1	1	1	1	1	1	1	1	1	1	1	1	1	1	1	1	1	1	1	1	1	1	1	1	1	1	1	1	1	1	1	1	1	1	1	1	1	1	1	
216	128	68	66	45	44	44	40	38	28	25	22	20	20	14	12	12	10	9	8	8	7	7	7	6	5	5	5	5	4	4	4	4	4	4	3	3	3	3	3	2	2	2	2	2	2	2	2	2	2	2	2	2	2	2	1	1	1	1	1	1	1	1	1	1	1	1	1	1	1	1	1	1	1	1	1	1	1	1	1	1	1	1	1	1	1	1	1	1	1	1	1	1	1	1	1	1	1	1	1	1	1	1	1	1	1	1	1	1	1	1	1	1	1	1	1	1	1	1	1	1	
57	54	39	38	38	36	28	26	26	24	21	19	18	16	14	13	13	13	11	11	10	10	10	10	9	9	9	9	9	9	8	7	7	7	7	7	7	6	6	6	5	5	5	4	4	4	4	4	4	4	4	4	4	4	4	3	3	3	3	3	3	3	3	3	3	3	3	3	3	3	2	2	2	2	2	2	2	2	2	2	2	2	2	2	2	2	2	2	2	2	2	2	2	2	2	2	2	2	2	2	2	2	2	2	2	2	2	2	2	2	2	2	2	2	2	2	2	2	2	2	2	2	2	2	2	2	2	2	2	2	2	2	2	2	1	1	1	1	1	1	1	1	1	1	1	1	1	1	1	1	1	1	1	1	1	1	1	1	1	1	1	1	1	1	1	1	1	1	1	1	1	1	1	1	1	1	1	1	1	1	1	1	1	1	1	1	1	1	1	1	1	1	1	1	1	1	1	1	1	1	1	1	1	1	1	1	1	1	1	1	1	1	1	1	1	1	1	1	1	1	1	1	1	1	1	1	1	1	1	1	1	1	1	1	1	1	1	1	1	1	1	1	1	1	1	1	1	1	1	1	1	1	1	1	1	1	1	1	1	1	1	1	1	1	1	1	1	1	1	1	1	1	1	1	1	1	1	1	
123	91	87	47	33	32	27	25	21	19	16	15	15	15	14	14	13	11	10	9	9	9	8	8	7	7	7	6	6	6	5	5	5	5	5	4	4	4	4	4	4	4	4	4	4	4	4	4	3	3	3	3	3	3	3	3	3	3	3	3	3	3	3	3	3	3	2	2	2	2	2	2	2	2	2	2	2	2	2	2	2	2	2	2	2	2	2	2	2	2	2	2	2	2	2	2	2	2	2	2	2	2	2	2	2	2	2	2	2	2	2	2	2	2	1	1	1	1	1	1	1	1	1	1	1	1	1	1	1	1	1	1	1	1	1	1	1	1	1	1	1	1	1	1	1	1	1	1	1	1	1	1	1	1	1	1	1	1	1	1	1	1	1	1	1	1	1	1	1	1	1	1	1	1	1	1	1	1	1	1	1	1	1	1	1	1	1	1	1	1	1	1	1	1	1	1	1	1	1	1	1	1	1	1	1	1	1	1	1	1	1	1	1	1	1	1	
195	45	42	41	38	20	15	15	14	12	11	11	10	9	9	8	8	7	7	7	6	6	6	6	5	5	5	4	4	4	4	4	4	4	4	4	3	3	3	3	3	3	3	3	3	3	3	2	2	2	2	2	2	2	2	2	2	2	2	2	2	2	2	2	2	2	2	2	2	2	2	2	2	2	2	2	2	1	1	1	1	1	1	1	1	1	1	1	1	1	1	1	1	1	1	1	1	1	1	1	1	1	1	1	1	1	1	1	1	1	1	1	1	1	1	1	1	1	1	1	1	1	1	1	1	1	1	1	1	1	1	1	1	1	1	1	1	1	1	1	1	1	1	1	1	1	1	1	1	1	1	1	
73	70	52	42	22	21	17	13	13	12	8	8	8	7	7	6	6	6	6	5	5	5	5	5	4	4	4	4	4	4	4	3	3	3	3	3	3	3	3	3	3	3	3	3	3	3	3	3	3	2	2	2	2	2	2	2	2	2	2	2	2	2	2	2	2	2	2	2	2	2	2	2	2	2	2	2	2	2	2	2	2	2	2	1	1	1	1	1	1	1	1	1	1	1	1	1	1	1	1	1	1	1	1	1	1	1	1	1	1	1	1	1	1	1	1	1	1	1	1	1	1	1	1	1	1	1	1	1	1	1	1	1	1	1	1	1	1	1	1	1	1	1	1	1	1	1	1	1	1	1	1	1	1	1	1	1	1	1	1	1	1	1	1	1	1	1	1	1	1	1	1	1	1	1	1	1	1	1	1	1	1	1	
322	127	52	12	7	7	4	4	3	3	3	3	3	2	2	2	2	2	2	2	2	2	2	2	2	1	1	1	1	1	1	1	1	1	1	1	1	1	1	1	1	1	1	1	1	1	1	1	1	1	1	1	1	1	1	1	1	1	1	1	1	1	1	
231	66	24	15	12	8	7	7	6	6	6	5	5	4	4	4	4	4	4	4	3	3	3	3	3	3	3	2	2	2	2	2	2	2	2	2	2	2	2	2	2	2	2	2	2	2	1	1	1	1	1	1	1	1	1	1	1	1	1	1	1	1	1	1	1	1	1	1	1	1	1	1	1	1	1	1	1	1	1	1	1	1	1	1	1	1	1	1	1	1	1	1	1	1	1	1	1	1	1	1	1	1	1	1	1	1	1	1	1	1	1	1	1	1	1	1	1	1	1	1	1	1	1	1	1	1	1	1	1	1	
453	3	1	1	1	1	1	1	1	
377	12	7	7	4	2	2	2	1	1	1	1	1	1	1	1	1	1	1	1	1	1	1	1	1	1	
168	27	12	12	11	10	9	8	6	5	5	4	4	4	4	3	3	3	3	3	3	3	2	2	2	2	2	2	2	2	2	2	2	2	2	2	2	2	2	2	1	1	1	1	1	1	1	1	1	1	1	1	1	1	1	1	1	1	1	1	1	1	1	1	1	1	1	1	1	1	1	1	1	1	1	1	1	1	1	1	
43	23	21	10	10	8	8	7	7	7	6	6	5	5	4	4	4	4	4	4	4	4	3	3	3	3	3	3	3	3	2	2	2	2	2	2	2	2	2	2	2	2	2	2	2	2	2	2	2	2	2	2	2	2	1	1	1	1	1	1	1	1	1	1	1	1	1	1	1	1	1	1	1	1	1	1	1	1	1	1	1	1	1	1	1	1	1	1	1	1	1	1	1	1	1	1	1	1	1	1	1	1	1	1	1	1	1	1	1	1	1	1	1	1	1	1	1	1	1	1	1	1	1	1	1	1	1	1	1	1	1	1	1	1	1	1	1	1	1	1	1	1	1	1	
63	32	26	15	13	12	12	11	9	8	7	6	5	4	4	3	3	3	3	3	3	3	3	3	3	3	3	2	2	2	2	2	2	2	2	2	2	2	2	2	2	1	1	1	1	1	1	1	1	1	1	1	1	1	1	1	1	1	1	1	1	1	1	1	1	1	1	1	1	1	1	1	1	1	1	1	1	1	1	1	1	1	1	1	1	1	1	1	1	1	1	1	1	1	1	1	1	1	1	1	1	1	1	1	1	1	1	1	1	
20	19	18	15	14	14	13	13	12	11	11	9	9	9	9	8	8	8	7	7	6	6	6	6	5	5	4	4	4	4	3	3	3	3	3	3	2	2	2	2	2	2	2	2	2	2	1	1	1	1	1	1	1	1	1	1	1	1	1	1	1	1	1	
14	12	11	9	9	7	7	6	5	5	5	5	4	4	4	4	4	4	4	3	3	3	3	3	3	3	3	3	3	3	2	2	2	2	2	2	2	2	2	2	2	2	2	2	2	2	2	2	2	2	2	2	2	2	2	2	2	2	2	2	2	1	1	1	1	1	1	1	1	1	1	1	1	1	1	1	1	1	1	1	1	1	1	1	1	1	1	1	1	1	1	1	1	1	1	1	1	1	1	1	1	1	1	1	1	1	1	1	1	1	1	1	1	1	1	1	1	1	1	1	1	1	1	1	1	1	1	1	1	1	1	1	1	1	1	1	1	1	1	1	1	1	1	1	1	1	1	1	1	1	1	
17	16	14	12	12	10	10	10	9	9	8	7	7	5	5	5	5	3	3	3	3	2	2	2	2	2	2	2	2	2	2	2	2	2	2	2	2	2	2	2	2	2	2	2	2	2	2	2	2	1	1	1	1	1	1	1	1	1	1	1	1	1	1	1	1	1	1	1	1	1	1	1	1	1	1	1	1	1	1	1	1	1	1	1	1	1	1	1	1	1	1	1	1	1	1	1	1	1	1	1	1	1	1	1	1	1	1	1	1	1	1	1	1	1	1	1	1	1	1	1	1	1	1	1	1	1	1	
92	23	21	19	15	15	14	13	7	5	5	5	5	4	3	3	3	3	3	2	2	2	2	2	2	2	1	1	1	1	1	1	1	1	1	1	1	1	1	1	1	1	1	1	1	1	1	1	1	1	1	1	1	1	
16	14	14	12	12	11	11	11	10	10	9	9	9	9	9	7	7	6	6	6	6	6	5	5	5	5	5	4	4	4	3	3	3	3	3	2	2	2	2	2	2	2	2	1	1	1	1	1	1	1	1	1	1	1	1	1	1	1	1	1	1	1	1	1	
166	40	17	16	8	4	3	3	3	3	2	2	2	2	1	1	1	1	1	1	1	1	1	1	1	
37	13	10	10	7	6	6	6	5	5	5	5	5	4	4	4	4	3	3	3	3	3	3	2	2	2	2	2	2	2	2	2	2	2	2	2	2	2	2	2	2	2	2	1	1	1	1	1	1	1	1	1	1	1	1	1	1	1	1	1	1	1	1	1	1	1	1	1	1	1	1	1	1	1	1	1	1	1	1	1	1	1	1	1	1	1	1	1	1	1	1	1	1	1	1	1	1	1	1	1	1	1	1	1	
28	19	13	10	8	7	6	6	6	6	5	5	4	4	4	3	3	3	3	3	3	3	3	3	3	2	2	2	2	2	2	2	2	2	2	2	2	2	2	2	2	2	1	1	1	1	1	1	1	1	1	1	1	1	1	1	1	1	1	1	1	1	1	1	1	1	1	1	1	1	1	1	1	1	1	1	1	1	1	1	1	1	1	1	1	1	1	1	1	
58	15	11	5	5	4	4	3	3	3	3	3	3	3	2	2	2	2	2	2	2	2	2	2	2	2	2	2	2	2	2	2	2	2	1	1	1	1	1	1	1	1	1	1	1	1	1	1	1	1	1	1	1	1	1	1	1	1	1	1	1	1	1	1	1	1	1	1	1	1	1	1	1	1	1	1	1	1	1	1	1	1	
149	25	13	4	3	3	3	2	2	2	1	1	1	1	1	
162	35	2	2	2	1	1	1	1	1	1	
11	11	9	8	7	6	5	5	5	4	3	3	3	3	3	3	3	2	2	2	2	2	2	2	2	2	2	2	2	2	2	2	2	2	2	2	2	1	1	1	1	1	1	1	1	1	1	1	1	1	1	1	1	1	1	1	1	1	1	1	1	1	1	1	1	1	1	1	1	1	1	1	1	1	1	1	1	1	1	1	1	1	1	1	1	1	1	1	1	1	1	1	1	1	1	1	1	1	1	1	1	1	1	1	1	1	1	1	1	1	1	1	
112	12	10	9	6	6	5	5	5	4	4	4	3	2	2	2	2	1	1	1	1	1	1	1	1	1	1	1	1	1	
10	9	9	6	5	4	4	4	3	3	3	3	3	3	2	2	2	2	2	2	2	2	2	2	2	2	2	2	2	2	2	2	2	2	2	2	2	2	2	2	2	1	1	1	1	1	1	1	1	1	1	1	1	1	1	1	1	1	1	1	1	1	1	1	1	1	1	1	1	1	1	1	1	1	1	1	1	1	1	1	1	1	1	1	1	1	1	1	1	1	1	1	1	1	1	1	1	1	1	1	1	1	1	1	1	1	1	1	1	1	1	1	1	1	1	1	
42	20	14	8	5	5	4	4	4	3	3	3	3	3	3	2	2	2	2	2	2	2	2	2	2	2	1	1	1	1	1	1	1	1	1	1	1	1	1	1	1	1	1	1	1	1	1	1	1	1	1	1	1	1	1	1	1	1	1	1	1	1	1	1	1	1	1	1	1	1	1	1	1	
29	16	9	9	7	6	6	6	4	3	3	3	3	3	3	3	2	2	2	2	2	2	2	2	2	2	1	1	1	1	1	1	1	1	1	1	1	1	1	1	1	1	1	1	1	1	1	1	1	1	1	1	1	1	1	1	1	1	1	1	1	1	1	1	1	1	1	
54	45	5	4	4	3	3	3	2	2	2	2	2	2	2	2	1	1	1	1	1	1	1	1	1	1	1	1	1	1	1	1	1	1	1	1	1	1	1	1	1	1	1	1	1	1	1	1	1	1	
45	14	8	5	5	5	4	4	3	3	3	2	2	2	2	2	2	2	2	2	2	2	2	2	2	1	1	1	1	1	1	1	1	1	1	1	1	1	1	1	1	1	1	1	1	1	1	1	1	1	1	1	1	1	1	1	1	1	1	1	1	1	1	1	1	
54	39	22	12	4	3	2	2	2	2	2	2	2	1	1	1	1	1	1	1	1	1	1	1	1	1	1	1	
10	9	8	8	6	5	5	4	4	3	3	3	3	3	2	2	2	2	2	2	2	2	2	2	2	2	2	2	2	1	1	1	1	1	1	1	1	1	1	1	1	1	1	1	1	1	1	1	1	1	1	1	1	1	1	1	1	1	1	1	1	1	1	1	1	1	1	1	1	1	1	1	1	1	1	1	1	1	1	1	1	1	1	1	1	1	1	
33	13	10	9	9	6	5	3	3	3	3	3	3	3	2	2	2	2	2	2	2	2	1	1	1	1	1	1	1	1	1	1	1	1	1	1	1	1	1	1	1	1	1	1	1	1	1	1	1	1	1	1	1	1	1	1	
21	12	12	11	11	7	6	5	5	5	4	3	2	2	2	2	1	1	1	1	1	1	1	1	1	1	1	1	1	1	1	1	1	1	1	1	1	1	1	1	1	1	1	1	1	1	1	1	1	
43	10	8	6	5	4	4	4	3	3	2	2	2	2	2	1	1	1	1	1	1	1	1	1	1	1	1	1	1	1	1	1	1	1	1	1	1	1	1	1	1	1	1	1	1	1	1	1	1	1	1	1	1	1	1	1	1	1	
47	21	11	8	7	6	5	4	4	3	2	2	2	2	2	2	2	1	1	1	1	1	1	1	1	1	1	1	1	
12	10	5	4	3	3	3	3	3	3	3	3	3	3	3	2	2	2	2	2	2	2	2	2	2	2	1	1	1	1	1	1	1	1	1	1	1	1	1	1	1	1	1	1	1	1	1	1	1	1	1	1	1	1	1	1	1	1	1	1	1	1	1	1	1	1	1	1	1	1	1	1	1	1	1	1	1	1	1	1	1	
9	7	7	6	5	5	4	3	3	3	3	3	3	3	2	2	2	2	2	2	2	2	2	2	2	2	1	1	1	1	1	1	1	1	1	1	1	1	1	1	1	1	1	1	1	1	1	1	1	1	1	1	1	1	1	1	1	1	1	1	1	1	1	1	1	1	1	1	1	1	1	1	1	1	1	1	1	1	1	
48	8	8	5	4	3	3	3	2	2	2	2	2	2	2	2	1	1	1	1	1	1	1	1	1	1	1	1	1	1	1	1	1	1	1	1	1	1	1	1	1	1	1	1	1	1	1	1	1	1	1	1	
40	12	6	5	4	4	3	3	2	2	2	2	2	2	2	2	2	1	1	1	1	1	1	1	1	1	1	1	1	1	1	1	1	1	1	1	1	1	1	1	1	1	1	1	1	1	1	1	1	1	1	1	1	1	1	
21	8	6	5	3	3	3	3	3	3	3	3	3	3	2	2	2	2	2	2	2	1	1	1	1	1	1	1	1	1	1	1	1	1	1	1	1	1	1	1	1	1	1	1	1	1	1	1	1	1	1	1	1	1	1	1	1	1	1	1	1	1	1	1	1	
67	39	7	2	2	2	1	1	1	1	1	1	1	1	
24	18	16	11	11	6	4	4	4	3	2	2	2	2	2	2	2	2	1	1	1	1	1	1	1	
48	22	8	7	4	3	3	2	2	2	2	2	1	1	1	1	1	1	1	1	1	1	1	1	1	1	1	1	1	
35	8	8	7	6	4	4	3	3	2	2	2	2	2	1	1	1	1	1	1	1	1	1	1	1	1	1	1	1	1	1	1	1	1	1	1	1	1	1	1	1	1	1	1	
81	7	7	3	2	1	1	1	1	1	1	1	1	1	1	1	1	1	1	1	1	
21	20	10	7	5	4	3	3	3	3	2	2	2	2	2	2	2	1	1	1	1	1	1	1	1	1	1	1	1	1	1	1	1	1	1	1	1	1	
16	8	8	8	6	4	3	3	3	3	3	3	3	2	2	2	2	1	1	1	1	1	1	1	1	1	1	1	1	1	1	1	1	1	1	1	1	1	1	1	1	1	1	1	1	1	1	1	1	1	1	
58	12	10	5	3	3	2	2	1	1	1	1	1	1	1	1	1	1	1	1	1	1	1	1	1	1	
30	28	15	12	12	3	3	1	1	1	1	1	1	1	1	1	
13	8	8	7	6	6	5	5	3	3	3	3	3	2	2	2	2	2	2	1	1	1	1	1	1	1	1	1	1	1	1	1	1	1	1	1	1	1	1	1	1	1	1	1	1	
33	22	13	6	4	4	3	2	2	1	1	1	1	1	1	1	1	1	1	1	1	1	1	
10	10	8	6	5	5	4	3	3	3	3	3	3	2	2	2	1	1	1	1	1	1	1	1	1	1	1	1	1	1	1	1	1	1	1	1	1	1	1	1	1	1	1	1	1	1	1	
27	17	9	9	5	3	3	3	2	2	2	2	2	1	1	1	1	1	1	1	1	1	1	1	1	1	1	1	1	
6	4	4	3	3	3	3	3	2	2	2	2	2	2	2	2	2	2	2	2	1	1	1	1	1	1	1	1	1	1	1	1	1	1	1	1	1	1	1	1	1	1	1	1	1	1	1	1	1	1	1	1	1	1	1	1	1	1	1	1	1	1	1	1	1	1	
27	26	16	7	5	3	2	2	2	2	2	1	1	1	1	1	
50	6	4	3	3	3	2	2	2	2	1	1	1	1	1	1	1	1	1	1	1	1	1	1	1	1	1	1	1	1	1	
14	10	8	8	5	5	5	3	3	3	2	2	2	2	2	2	1	1	1	1	1	1	1	1	1	1	1	1	1	1	1	1	1	1	1	1	
27	18	13	7	7	3	3	2	2	2	1	1	1	1	1	1	1	1	1	1	1	1	
69	5	4	2	1	1	1	1	1	1	1	1	1	1	1	1	1	1	1	1	
22	7	7	5	5	5	4	3	3	3	3	2	2	2	2	1	1	1	1	1	1	1	1	1	1	1	1	1	1	1	1	1	1	1	1	1	
18	13	9	3	3	3	2	2	2	2	2	2	2	2	2	1	1	1	1	1	1	1	1	1	1	1	1	1	1	1	1	1	1	1	1	1	1	1	1	1	1	1	
9	7	6	4	4	4	3	3	3	2	2	2	2	2	2	2	1	1	1	1	1	1	1	1	1	1	1	1	1	1	1	1	1	1	1	1	1	1	1	1	1	1	1	1	1	1	1	1	1	1	1	1	
11	10	9	8	5	5	3	3	2	2	2	2	1	1	1	1	1	1	1	1	1	1	1	1	1	1	1	1	1	1	1	1	1	1	1	1	1	1	1	1	1	
13	9	7	6	3	3	3	2	2	2	2	2	1	1	1	1	1	1	1	1	1	1	1	1	1	1	1	1	1	1	1	1	1	1	1	1	1	1	1	1	1	1	1	1	1	1	
20	17	5	5	4	4	2	2	2	2	2	2	2	2	1	1	1	1	1	1	1	1	1	1	1	1	1	1	1	
20	18	10	5	4	4	2	2	2	2	2	2	2	1	1	1	1	1	1	1	1	1	1	1	
51	19	5	1	1	1	1	1	1	1	1	
12	12	8	7	6	4	3	3	3	2	2	2	2	1	1	1	1	1	1	1	1	1	1	1	1	1	1	1	1	
28	21	8	4	2	2	2	1	1	1	1	1	1	1	1	1	1	1	1	1	1	
21	11	3	3	2	2	2	2	2	2	2	2	1	1	1	1	1	1	1	1	1	1	1	1	1	1	1	1	1	1	1	1	1	1	1	1	1	1	
24	12	12	8	5	4	4	3	2	2	2	1	1	
31	10	4	4	3	3	3	2	2	2	2	1	1	1	1	1	1	1	1	1	1	1	1	
40	15	9	3	2	2	1	1	1	1	1	1	1	
13	12	11	9	8	6	5	3	2	2	1	1	1	1	
20	10	8	6	3	2	2	2	2	2	1	1	1	1	1	1	1	1	1	1	1	1	1	1	1	1	1	1	
23	13	8	6	3	3	2	1	1	1	1	1	1	1	1	1	1	1	1	1	1	1	1	1	
19	15	5	5	5	4	2	2	2	2	2	1	1	1	1	1	1	1	1	1	1	1	
60	4	2	1	1	1	1	1	
10	4	3	2	2	2	2	2	2	2	1	1	1	1	1	1	1	1	1	1	1	1	1	1	1	1	1	1	1	1	1	1	1	1	1	1	1	1	1	1	1	1	1	1	1	1	1	1	1	1	
35	15	4	2	2	2	2	1	1	1	1	1	1	1	1	1	
27	10	7	6	4	1	1	1	1	1	1	1	1	1	1	1	1	1	1	1	
13	10	9	3	3	2	2	2	2	1	1	1	1	1	1	1	1	1	1	1	1	1	1	1	1	1	1	1	1	1	1	
7	6	5	5	4	4	3	2	2	2	2	2	1	1	1	1	1	1	1	1	1	1	1	1	1	1	1	1	1	1	1	1	1	1	1	1	
26	6	5	3	2	2	2	2	1	1	1	1	1	1	1	1	1	1	1	1	1	1	1	1	1	1	1	1	
10	6	5	5	4	3	3	2	2	2	2	1	1	1	1	1	1	1	1	1	1	1	1	1	1	1	1	1	1	1	1	
6	6	6	6	4	3	2	2	2	2	2	2	2	1	1	1	1	1	1	1	1	1	1	1	1	1	1	1	1	1	
51	2	1	1	1	1	1	1	1	1	
13	8	4	4	3	3	1	1	1	1	1	1	1	1	1	1	1	1	1	1	1	1	1	1	1	1	1	1	1	1	1	1	
40	6	2	1	1	1	1	1	1	1	1	1	1	1	1	
25	13	5	3	2	2	2	1	1	1	1	1	1	1	1	
3	3	3	2	2	2	2	2	2	2	1	1	1	1	1	1	1	1	1	1	1	1	1	1	1	1	1	1	1	1	1	1	1	1	1	1	1	1	1	1	1	1	1	1	1	1	
13	7	4	3	3	3	2	2	2	1	1	1	1	1	1	1	1	1	1	1	1	1	1	1	1	1	1	1	
19	4	3	3	2	2	2	2	2	2	1	1	1	1	1	1	1	1	1	1	1	1	1	1	1	1	1	
26	10	9	3	2	1	1	1	1	1	1	1	1	
30	2	2	2	2	2	1	1	1	1	1	1	1	1	1	1	1	1	1	1	1	1	1	
6	5	5	4	4	4	4	4	2	2	2	2	2	1	1	1	1	1	1	1	1	1	1	1	
8	6	5	5	5	4	3	2	2	2	2	1	1	1	1	1	1	1	1	1	1	1	1	1	
6	5	5	3	2	2	2	2	2	1	1	1	1	1	1	1	1	1	1	1	1	1	1	1	1	1	1	1	1	1	1	1	1	1	1	1	1	
24	9	7	4	2	2	2	1	1	1	1	1	1	1	
9	8	6	6	5	4	4	2	1	1	1	1	1	1	1	1	1	1	1	1	
16	11	4	4	3	2	2	1	1	1	1	1	1	1	1	1	1	1	1	1	1	
10	6	6	5	3	3	2	2	1	1	1	1	1	1	1	1	1	1	1	1	1	1	1	1	1	1	
15	13	3	2	2	2	2	2	2	1	1	1	1	1	1	1	1	1	1	1	
14	10	9	3	3	2	2	2	2	1	1	1	1	1	1	1	
19	14	7	5	3	2	2	1	1	
22	8	7	6	5	1	1	1	1	1	
4	4	2	2	2	2	1	1	1	1	1	1	1	1	1	1	1	1	1	1	1	1	1	1	1	1	1	1	1	1	1	1	1	1	1	1	1	1	1	1	1	1	1	
8	6	5	4	4	3	3	2	2	2	2	2	2	1	1	1	1	1	1	1	
34	14	3	1	
4	2	2	2	2	2	2	2	2	2	1	1	1	1	1	1	1	1	1	1	1	1	1	1	1	1	1	1	1	1	1	1	1	1	1	1	1	1	1	
20	9	4	3	2	1	1	1	1	1	1	1	1	1	1	1	1	
7	5	4	3	3	2	2	1	1	1	1	1	1	1	1	1	1	1	1	1	1	1	1	1	1	1	1	1	1	1	1	
5	4	3	3	2	2	2	2	2	1	1	1	1	1	1	1	1	1	1	1	1	1	1	1	1	1	1	1	1	1	1	1	1	1	
17	4	3	3	2	2	2	2	1	1	1	1	1	1	1	1	1	1	1	1	1	1	
10	10	7	6	3	2	2	2	1	1	1	1	1	1	1	
11	5	4	3	2	1	1	1	1	1	1	1	1	1	1	1	1	1	1	1	1	1	1	1	1	1	1	1	1	
9	4	4	3	2	2	2	2	1	1	1	1	1	1	1	1	1	1	1	1	1	1	1	1	1	1	1	
34	9	3	1	
12	7	5	3	2	2	1	1	1	1	1	1	1	1	1	1	1	1	1	1	1	
4	4	4	3	2	2	2	2	2	1	1	1	1	1	1	1	1	1	1	1	1	1	1	1	1	1	1	1	1	1	
13	13	5	4	2	2	1	1	1	1	1	1	
21	9	6	2	1	1	1	1	1	1	
7	3	3	3	2	2	2	2	1	1	1	1	1	1	1	1	1	1	1	1	1	1	1	1	1	1	1	1	
18	6	4	2	2	2	1	1	1	1	1	1	1	1	1	1	
34	2	1	1	1	1	1	1	1	1	
8	8	5	4	3	3	2	2	2	1	1	1	1	1	1	
28	2	2	2	1	1	1	1	1	1	1	1	1	
4	3	3	3	3	2	2	2	2	2	1	1	1	1	1	1	1	1	1	1	1	1	1	1	1	1	1	
10	5	5	4	4	2	2	1	1	1	1	1	1	1	1	1	1	
12	7	4	4	4	2	2	1	1	1	1	1	1	1	
12	10	7	5	4	1	1	1	1	
13	4	4	2	2	1	1	1	1	1	1	1	1	1	1	1	1	1	1	1	1	
3	3	3	2	2	2	2	1	1	1	1	1	1	1	1	1	1	1	1	1	1	1	1	1	1	1	1	1	1	1	
11	8	6	3	2	1	1	1	1	1	1	1	1	1	1	
6	6	5	4	4	4	2	1	1	1	1	1	1	1	1	1	
3	3	3	2	1	1	1	1	1	1	1	1	1	1	1	1	1	1	1	1	1	1	1	1	1	1	1	1	1	1	1	1	1	
10	6	5	5	4	2	2	2	1	1	1	1	
9	7	3	2	2	2	2	1	1	1	1	1	1	1	1	1	1	1	1	
7	7	6	3	2	2	2	1	1	1	1	1	1	1	1	1	1	
6	6	4	3	3	2	2	2	2	1	1	1	1	1	1	1	1	1	
30	2	2	2	2	1	
9	7	6	6	3	2	2	1	1	1	
4	4	3	3	3	2	2	1	1	1	1	1	1	1	1	1	1	1	1	1	1	1	1	1	
23	9	2	1	1	1	1	
6	5	5	4	3	2	2	2	1	1	1	1	1	1	1	1	
8	8	3	3	2	2	1	1	1	1	1	1	1	1	1	1	1	
5	4	2	1	1	1	1	1	1	1	1	1	1	1	1	1	1	1	1	1	1	1	1	1	1	1	1	1	
13	7	5	2	2	1	1	1	1	1	1	1	
5	2	2	2	2	2	2	1	1	1	1	1	1	1	1	1	1	1	1	1	1	1	1	1	1	1	
7	5	4	3	2	2	2	2	1	1	1	1	1	1	1	1	1	
6	4	4	3	2	2	2	1	1	1	1	1	1	1	1	1	1	1	1	1	
24	2	2	2	1	1	1	1	1	
10	5	5	5	2	1	1	1	1	1	1	1	1	
5	5	4	3	3	2	2	2	1	1	1	1	1	1	1	1	1	
8	3	3	3	2	2	2	2	1	1	1	1	1	1	1	1	1	1	
12	9	4	2	2	1	1	1	1	1	1	
18	4	4	1	1	1	1	1	1	1	1	1	
3	3	2	2	2	2	1	1	1	1	1	1	1	1	1	1	1	1	1	1	1	1	1	1	1	1	
6	4	2	2	2	2	1	1	1	1	1	1	1	1	1	1	1	1	1	1	1	1	
5	4	3	2	2	2	2	1	1	1	1	1	1	1	1	1	1	1	1	1	1	
21	11	2	
4	3	2	2	2	1	1	1	1	1	1	1	1	1	1	1	1	1	1	1	1	1	1	1	1	
4	3	3	3	2	2	2	2	2	1	1	1	1	1	1	1	1	1	1	
6	3	3	2	2	2	2	2	1	1	1	1	1	1	1	1	1	1	1	
17	2	1	1	1	1	1	1	1	1	1	1	1	1	1	1	
7	6	2	2	2	1	1	1	1	1	1	1	1	1	1	1	1	1	1	
9	8	3	3	3	2	2	1	1	1	
8	5	3	2	1	1	1	1	1	1	1	1	1	1	1	1	1	
9	5	4	4	2	2	1	1	1	1	1	
8	7	3	3	2	1	1	1	1	1	1	1	1	
24	3	1	1	1	1	
4	4	3	3	2	2	2	2	1	1	1	1	1	1	1	1	1	
16	4	3	2	2	2	1	1	
7	3	3	2	2	2	2	1	1	1	1	1	1	1	1	1	
6	4	3	2	1	1	1	1	1	1	1	1	1	1	1	1	1	1	1	
6	6	3	2	2	2	1	1	1	1	1	1	1	1	1	
4	3	2	2	2	2	2	1	1	1	1	1	1	1	1	1	1	1	1	1	
7	7	4	2	1	1	1	1	1	1	1	1	1	1	
14	2	2	2	1	1	1	1	1	1	1	1	1	1	
13	4	3	3	1	1	1	1	1	1	1	
7	5	1	1	1	1	1	1	1	1	1	1	1	1	1	1	1	1	1	
14	3	2	2	2	1	1	1	1	1	1	
14	3	2	2	2	1	1	1	1	1	1	
13	3	2	1	1	1	1	1	1	1	1	1	1	1	
24	2	1	1	1	
14	9	6	
10	3	2	2	1	1	1	1	1	1	1	1	1	1	1	
11	7	5	2	1	1	1	
9	6	5	4	2	1	1	
7	6	4	2	2	1	1	1	1	1	1	
6	4	4	2	1	1	1	1	1	1	1	1	1	1	1	
12	4	3	2	1	1	1	1	1	1	
7	5	4	2	1	1	1	1	1	1	1	1	1	
13	4	3	2	1	1	1	1	1	
5	5	3	2	1	1	1	1	1	1	1	1	1	1	1	
16	2	1	1	1	1	1	1	1	1	
9	3	3	2	2	2	1	1	1	1	1	
20	3	2	1	
14	3	2	2	1	1	1	1	1	
5	5	3	2	1	1	1	1	1	1	1	1	1	1	
11	3	3	1	1	1	1	1	1	1	1	
14	2	2	2	1	1	1	1	1	
16	4	1	1	1	1	1	
12	5	2	1	1	1	1	1	1	
16	4	1	1	1	1	1	
12	2	2	2	1	1	1	1	1	1	1	
10	5	2	1	1	1	1	1	1	1	
4	3	3	1	1	1	1	1	1	1	1	1	1	1	1	1	1	
7	5	3	3	1	1	1	1	1	1	
6	4	4	2	1	1	1	1	1	1	1	1	
8	5	3	2	2	1	1	1	1	
4	3	2	2	2	2	2	2	1	1	1	1	1	
4	3	3	2	2	1	1	1	1	1	1	1	1	1	
5	3	3	2	2	2	2	1	1	1	1	
23	
15	2	1	1	1	1	1	1	
4	4	2	1	1	1	1	1	1	1	1	1	1	1	1	1	
8	5	5	1	1	1	1	1	
11	3	2	2	1	1	1	1	1	
17	2	1	1	1	1	
4	3	2	2	1	1	1	1	1	1	1	1	1	1	1	
4	3	2	2	2	2	2	2	1	1	1	
20	1	1	
6	5	4	3	1	1	1	1	
7	6	1	1	1	1	1	1	1	1	1	
6	5	4	2	1	1	1	1	1	
14	2	1	1	1	1	1	1	
8	3	2	2	2	1	1	1	1	
4	4	2	1	1	1	1	1	1	1	1	1	1	1	
9	6	2	2	1	1	
7	3	2	1	1	1	1	1	1	1	1	1	
4	4	3	2	1	1	1	1	1	1	1	1	
5	5	3	3	2	1	1	1	
7	2	1	1	1	1	1	1	1	1	1	1	1	1	
9	5	2	1	1	1	1	1	
10	2	1	1	1	1	1	1	1	1	1	
4	2	1	1	1	1	1	1	1	1	1	1	1	1	1	1	
9	2	2	1	1	1	1	1	1	1	
6	4	3	2	1	1	1	1	1	
6	4	3	2	1	1	1	1	1	
8	5	2	1	1	1	1	1	
6	3	3	2	1	1	1	1	1	1	
4	3	3	3	1	1	1	1	1	1	1	
5	3	2	2	2	1	1	1	1	1	1	
10	6	1	1	1	1	
5	3	2	1	1	1	1	1	1	1	1	1	1	
3	2	2	2	1	1	1	1	1	1	1	1	1	1	1	
6	4	2	2	1	1	1	1	1	
9	2	2	2	1	1	1	1	
4	3	2	2	2	1	1	1	1	1	1	
4	2	2	2	2	2	1	1	1	1	1	
8	5	2	2	1	1	
7	3	2	2	1	1	1	1	1	
4	3	3	3	1	1	1	1	1	1	
2	2	2	2	2	1	1	1	1	1	1	1	1	1	
15	2	1	1	
5	2	2	2	1	1	1	1	1	1	1	1	
5	3	2	2	1	1	1	1	1	1	
7	2	2	1	1	1	1	1	1	1	
5	4	2	1	1	1	1	1	1	1	
3	2	2	1	1	1	1	1	1	1	1	1	1	1	
2	2	2	2	2	1	1	1	1	1	1	1	1	
17	1	
3	2	1	1	1	1	1	1	1	1	1	1	1	1	1	
11	3	1	1	1	1	
3	3	3	2	2	1	1	1	1	1	
12	3	2	1	
7	5	2	1	1	1	1	
6	4	2	1	1	1	1	1	1	
2	2	1	1	1	1	1	1	1	1	1	1	1	1	1	1	
7	2	2	2	1	1	1	1	
5	4	3	1	1	1	1	1	
9	2	2	2	1	1	
8	2	1	1	1	1	1	1	1	
4	3	2	1	1	1	1	1	1	1	1	
6	5	3	1	1	1	
8	5	2	1	1	
3	3	2	1	1	1	1	1	1	1	1	1	
6	3	2	2	1	1	1	1	
7	5	2	1	1	1	
11	1	1	1	1	1	1	
6	2	1	1	1	1	1	1	1	1	1	
2	2	1	1	1	1	1	1	1	1	1	1	1	1	1	
17	
2	2	1	1	1	1	1	1	1	1	1	1	1	1	
4	2	2	1	1	1	1	1	1	1	1	
9	1	1	1	1	1	1	1	
7	5	2	2	
9	3	2	1	1	
15	1	
5	3	2	2	1	1	1	1	
8	8	
3	3	2	2	2	1	1	1	1	
1	1	1	1	1	1	1	1	1	1	1	1	1	1	1	1	
6	5	2	1	1	1	
3	3	2	2	1	1	1	1	1	1	
5	3	2	1	1	1	1	1	
11	1	1	1	1	
2	2	2	2	1	1	1	1	1	1	1	
4	2	1	1	1	1	1	1	1	1	1	
3	3	1	1	1	1	1	1	1	1	1	
15	
10	2	1	1	1	
3	2	1	1	1	1	1	1	1	1	1	1	
4	3	2	1	1	1	1	1	1	
5	2	2	2	1	1	1	1	
4	4	2	1	1	1	1	1	
9	1	1	1	1	1	1	
3	2	2	2	2	1	1	1	1	
3	2	1	1	1	1	1	1	1	1	1	1	
7	2	2	1	1	1	
3	2	1	1	1	1	1	1	1	1	1	
9	2	1	1	1	
9	2	1	1	1	
8	1	1	1	1	1	1	
2	2	2	1	1	1	1	1	1	1	1	
6	4	1	1	1	1	
2	1	1	1	1	1	1	1	1	1	1	1	1	
6	2	2	2	1	1	
5	2	1	1	1	1	1	1	1	
4	2	2	2	1	1	1	1	
3	2	2	1	1	1	1	1	1	1	
4	2	2	1	1	1	1	1	1	
4	2	2	1	1	1	1	1	1	
12	1	1	
4	3	2	2	1	1	1	
5	4	2	1	1	1	
5	5	3	1	
4	3	3	2	1	1	
6	3	2	1	1	
4	2	2	1	1	1	1	1	
6	2	2	1	1	1	
8	2	1	1	1	
1	1	1	1	1	1	1	1	1	1	1	1	1	
2	1	1	1	1	1	1	1	1	1	1	1	
7	2	1	1	1	1	
4	1	1	1	1	1	1	1	1	1	
5	2	2	1	1	1	1	
2	1	1	1	1	1	1	1	1	1	1	1	
6	2	2	2	1	
8	1	1	1	1	1	
7	2	2	1	1	
12	1	
10	2	1	
6	2	2	1	1	1	
2	1	1	1	1	1	1	1	1	1	1	1	
6	1	1	1	1	1	1	1	
4	3	2	1	1	1	1	
3	2	1	1	1	1	1	1	1	
5	2	2	1	1	1	
4	1	1	1	1	1	1	1	1	
5	3	2	1	1	
8	3	1	
3	2	2	1	1	1	1	1	
3	3	2	1	1	1	1	
6	1	1	1	1	1	1	
3	3	2	1	1	1	1	
3	2	1	1	1	1	1	1	1	
4	3	2	1	1	1	
6	1	1	1	1	1	1	
3	3	2	1	1	1	1	
2	2	2	1	1	1	1	1	1	
4	3	3	1	1	
3	2	1	1	1	1	1	1	1	
2	2	1	1	1	1	1	1	1	1	
4	3	2	2	1	
4	2	1	1	1	1	1	1	
8	3	1	
2	2	2	1	1	1	1	1	1	
6	5	1	
2	2	2	1	1	1	1	1	1	
2	2	2	2	1	1	1	1	
7	5	
6	1	1	1	1	1	1	
12	
2	2	1	1	1	1	1	1	1	1	
4	3	1	1	1	1	
2	2	2	1	1	1	1	1	
2	2	1	1	1	1	1	1	1	
2	2	2	2	1	1	1	
3	2	2	1	1	1	1	
2	1	1	1	1	1	1	1	1	1	
4	2	1	1	1	1	1	
4	2	1	1	1	1	1	
2	2	1	1	1	1	1	1	1	
7	3	1	
4	2	2	1	1	1	
8	1	1	1	
4	2	1	1	1	1	1	
3	3	1	1	1	1	1	
5	2	1	1	1	1	
5	3	1	1	1	
7	1	1	1	1	
6	2	2	1	
3	2	1	1	1	1	1	1	
3	2	2	1	1	1	1	
3	2	2	1	1	1	1	
5	3	2	1	
2	1	1	1	1	1	1	1	1	1	
2	2	1	1	1	1	1	1	1	
5	2	2	1	1	
2	1	1	1	1	1	1	1	1	1	
3	1	1	1	1	1	1	1	1	
9	1	1	
3	2	2	1	1	1	1	
3	2	2	1	1	1	1	
5	2	1	1	1	1	
5	3	1	1	1	
3	1	1	1	1	1	1	1	
10	
3	2	1	1	1	1	1	
5	4	1	
4	2	1	1	1	1	
1	1	1	1	1	1	1	1	1	1	
3	1	1	1	1	1	1	1	
3	2	1	1	1	1	1	
1	1	1	1	1	1	1	1	1	1	
2	2	2	1	1	1	1	
2	1	1	1	1	1	1	1	1	
3	3	2	2	
4	2	2	1	1	
8	2	
3	2	1	1	1	1	1	
5	2	2	1	
3	2	2	1	1	1	
5	2	1	1	1	
3	3	2	1	1	
4	2	1	1	1	1	
4	4	2	
1	1	1	1	1	1	1	1	1	1	
2	1	1	1	1	1	1	1	1	
7	2	1	
2	2	1	1	1	1	1	1	
4	2	1	1	1	1	
5	2	1	1	1	
2	1	1	1	1	1	1	1	1	
8	1	1	
3	1	1	1	1	1	1	1	
3	2	1	1	1	1	1	
2	1	1	1	1	1	1	1	1	
1	1	1	1	1	1	1	1	1	
4	3	1	1	
4	4	1	
4	1	1	1	1	1	
3	1	1	1	1	1	1	
2	1	1	1	1	1	1	1	
9	
1	1	1	1	1	1	1	1	1	
5	2	1	1	
3	3	1	1	1	
3	3	1	1	1	
3	3	1	1	1	
4	3	1	1	
4	4	1	
7	1	1	
2	2	1	1	1	1	1	
2	1	1	1	1	1	1	1	
2	1	1	1	1	1	1	1	
7	1	1	
4	2	2	1	
3	1	1	1	1	1	1	
2	2	1	1	1	1	1	
3	2	1	1	1	1	
3	2	1	1	1	1	
5	2	1	1	
2	2	1	1	1	1	1	
2	1	1	1	1	1	1	1	
3	2	1	1	1	1	
3	2	2	1	1	
3	2	1	1	1	1	
5	1	1	1	1	
4	1	1	1	1	1	
2	1	1	1	1	1	1	1	
2	2	1	1	1	1	1	
2	2	1	1	1	1	1	
2	1	1	1	1	1	1	1	
7	2	
2	1	1	1	1	1	1	1	
4	1	1	1	1	1	
3	2	1	1	1	1	
3	2	1	1	1	1	
3	1	1	1	1	1	1	
4	4	1	
5	1	1	1	1	
2	1	1	1	1	1	1	1	
4	2	2	1	
5	2	1	
5	1	1	1	
3	3	1	1	
4	3	1	
2	2	1	1	1	1	
5	1	1	1	
2	2	2	1	1	
4	1	1	1	1	
2	2	2	1	1	
4	1	1	1	1	
4	1	1	1	1	
7	1	
4	2	1	1	
2	1	1	1	1	1	1	
6	1	1	
2	2	1	1	1	1	
3	2	2	1	
2	1	1	1	1	1	1	
3	2	1	1	1	
2	1	1	1	1	1	1	
3	1	1	1	1	1	
3	2	1	1	1	
2	2	1	1	1	1	
2	1	1	1	1	1	1	
2	2	1	1	1	1	
6	1	1	
6	2	
6	1	1	
7	1	
3	1	1	1	1	1	
2	1	1	1	1	1	1	
5	2	1	
2	2	1	1	1	1	
2	1	1	1	1	1	1	
5	3	
3	2	2	1	
2	2	1	1	1	1	
6	1	1	
3	1	1	1	1	1	
1	1	1	1	1	1	1	1	
6	1	1	
3	2	1	1	1	
2	1	1	1	1	1	
4	2	1	
3	1	1	1	1	
1	1	1	1	1	1	1	
3	1	1	1	1	
4	1	1	1	
2	1	1	1	1	1	
2	1	1	1	1	1	
3	3	1	
3	1	1	1	1	
2	2	1	1	1	
4	2	1	
2	1	1	1	1	1	
2	1	1	1	1	1	
4	1	1	1	
3	2	1	1	
4	2	1	
2	1	1	1	1	1	
3	2	1	1	
2	1	1	1	1	1	
3	2	1	1	
1	1	1	1	1	1	1	
3	2	1	1	
3	1	1	1	1	
5	1	1	
5	1	1	
6	1	
2	2	1	1	1	
6	1	
4	2	1	
2	2	1	1	1	
3	1	1	1	1	
3	1	1	1	1	
3	2	1	1	
4	1	1	1	
1	1	1	1	1	1	1	
3	2	1	1	
4	1	1	1	
5	2	
4	1	1	1	
1	1	1	1	1	1	1	
5	1	1	
4	2	1	
1	1	1	1	1	1	1	
3	2	1	1	
3	2	2	
3	2	1	1	
2	1	1	1	1	1	
1	1	1	1	1	1	1	
1	1	1	1	1	1	1	
3	1	1	1	1	
3	1	1	1	1	
4	2	1	
3	2	1	1	
3	1	1	1	1	
2	2	1	1	1	
1	1	1	1	1	1	1	
4	2	1	
1	1	1	1	1	1	1	
3	2	1	1	
2	2	1	1	1	
2	1	1	1	1	1	
3	2	1	1	
4	1	1	1	
3	1	1	1	1	
7	
2	1	1	1	1	1	
2	2	1	1	1	
2	1	1	1	1	1	
3	3	1	
2	2	1	1	1	
2	2	1	1	1	
4	1	1	1	
3	1	1	1	
2	1	1	1	1	
2	1	1	1	1	
1	1	1	1	1	1	
4	2	
3	2	1	
2	2	2	
3	2	1	
5	1	
2	1	1	1	1	
1	1	1	1	1	1	
3	1	1	1	
1	1	1	1	1	1	
1	1	1	1	1	1	
2	1	1	1	1	
1	1	1	1	1	1	
5	1	
1	1	1	1	1	1	
6	
2	1	1	1	1	
3	2	1	
6	
3	1	1	1	
3	2	1	
4	2	
2	1	1	1	1	
2	1	1	1	1	
2	1	1	1	1	
4	1	1	
4	1	1	
2	2	1	1	
2	1	1	1	1	
4	1	1	
3	1	1	1	
2	1	1	1	1	
2	2	1	1	
4	1	1	
1	1	1	1	1	1	
2	1	1	1	1	
3	2	1	
1	1	1	1	1	1	
3	1	1	1	
2	1	1	1	1	
3	2	1	
2	1	1	1	1	
2	1	1	1	1	
2	1	1	1	1	
3	2	1	
2	2	1	1	
3	1	1	1	
2	2	2	
2	2	1	1	
1	1	1	1	1	1	
3	1	1	1	
2	1	1	1	1	
1	1	1	1	1	1	
1	1	1	1	1	1	
1	1	1	1	1	1	
4	1	1	
3	2	1	
2	1	1	1	1	
2	1	1	1	1	
3	1	1	1	
2	2	1	1	
1	1	1	1	1	1	
3	2	1	
1	1	1	1	1	1	
5	1	
2	1	1	1	1	
2	1	1	1	1	
3	2	1	
3	1	1	1	
3	1	1	1	
2	1	1	1	1	
1	1	1	1	1	1	
1	1	1	1	1	1	
2	1	1	1	1	
3	2	1	
2	1	1	1	1	
2	1	1	1	1	
2	1	1	1	1	
1	1	1	1	1	1	
2	1	1	1	1	
4	1	1	
2	2	1	1	
1	1	1	1	1	1	
5	1	
1	1	1	1	1	1	
2	1	1	1	1	
2	1	1	1	1	
1	1	1	1	1	1	
2	1	1	1	1	
3	2	1	
2	1	1	1	1	
2	1	1	1	1	
3	1	1	1	
2	2	1	1	
2	1	1	1	1	
3	2	1	
2	1	1	1	1	
2	1	1	1	1	
6	
2	1	1	1	1	
1	1	1	1	1	
2	1	1	1	
5	
2	1	1	1	
3	1	1	
2	1	1	1	
4	1	
1	1	1	1	1	
2	1	1	1	
1	1	1	1	1	
2	1	1	1	
2	2	1	
4	1	
4	1	
5	
2	1	1	1	
2	1	1	1	
4	1	
1	1	1	1	1	
2	1	1	1	
1	1	1	1	1	
4	1	
4	1	
2	1	1	1	
2	1	1	1	
2	1	1	1	
1	1	1	1	1	
2	1	1	1	
3	2	
2	2	1	
2	1	1	1	
1	1	1	1	1	
5	
2	1	1	1	
2	1	1	1	
3	2	
2	1	1	1	
3	1	1	
1	1	1	1	1	
3	1	1	
3	1	1	
5	
1	1	1	1	1	
1	1	1	1	1	
3	2	
1	1	1	1	1	
1	1	1	1	1	
2	1	1	1	
2	1	1	1	
1	1	1	1	1	
2	1	1	1	
2	1	1	1	
1	1	1	1	1	
5	
1	1	1	1	1	
1	1	1	1	1	
3	2	
2	1	1	1	
1	1	1	1	1	
5	
3	1	1	
2	1	1	1	
3	2	
3	1	1	
2	2	1	
3	1	1	
2	1	1	1	
3	1	1	
2	1	1	1	
1	1	1	1	1	
2	1	1	1	
3	1	1	
4	1	
2	1	1	1	
2	2	1	
2	2	1	
2	1	1	1	
2	1	1	1	
1	1	1	1	1	
2	1	1	1	
2	1	1	1	
1	1	1	1	1	
2	2	1	
3	1	1	
2	1	1	1	
2	1	1	1	
2	1	1	1	
2	2	1	
1	1	1	1	1	
4	1	
2	1	1	1	
4	1	
3	1	1	
2	1	1	1	
4	1	
2	1	1	1	
3	1	1	
3	1	1	
2	1	1	1	
4	1	
1	1	1	1	1	
1	1	1	1	1	
2	1	1	1	
2	1	1	1	
1	1	1	1	1	
2	1	1	1	
1	1	1	1	1	
1	1	1	1	1	
3	1	1	
3	1	1	
3	1	1	
2	1	1	1	
2	1	1	1	
3	1	1	
2	1	1	1	
2	1	1	1	
1	1	1	1	1	
3	1	1	
2	1	1	1	
1	1	1	1	1	
1	1	1	1	1	
4	1	
1	1	1	1	1	
2	1	1	1	
3	1	1	
2	2	1	
3	1	1	
4	1	
3	1	1	
2	1	1	1	
3	1	1	
2	1	1	1	
1	1	1	1	1	
5	
2	2	1	
2	1	1	1	
2	1	1	1	
2	1	1	1	
1	1	1	1	1	
3	1	1	
2	1	1	1	
2	1	1	1	
5	
3	1	1	
3	1	
2	1	1	
2	1	1	
3	1	
2	2	
2	1	1	
1	1	1	1	
2	1	1	
2	1	1	
1	1	1	1	
3	1	
2	1	1	
3	1	
2	1	1	
2	1	1	
2	1	1	
4	
2	1	1	
2	1	1	
2	1	1	
2	1	1	
4	
1	1	1	1	
1	1	1	1	
1	1	1	1	
4	
1	1	1	1	
2	2	
2	1	1	
3	1	
1	1	1	1	
2	1	1	
2	2	
2	2	
2	1	1	
1	1	1	1	
1	1	1	1	
3	1	
2	1	1	
2	1	1	
1	1	1	1	
1	1	1	1	
2	1	1	
2	1	1	
1	1	1	1	
1	1	1	1	
2	1	1	
2	2	
1	1	1	1	
1	1	1	1	
2	1	1	
2	1	1	
1	1	1	1	
2	1	1	
3	1	
1	1	1	1	
4	
3	1	
2	1	1	
1	1	1	1	
1	1	1	1	
2	1	1	
1	1	1	1	
1	1	1	1	
2	2	
1	1	1	1	
1	1	1	1	
1	1	1	1	
2	1	1	
3	1	
2	1	1	
1	1	1	1	
2	1	1	
1	1	1	1	
1	1	1	1	
3	1	
1	1	1	1	
3	1	
3	1	
2	1	1	
2	1	1	
3	1	
2	1	1	
1	1	1	1	
1	1	1	1	
4	
1	1	1	1	
1	1	1	1	
1	1	1	1	
2	1	1	
1	1	1	1	
3	1	
3	1	
1	1	1	1	
2	1	1	
2	1	1	
2	1	1	
1	1	1	1	
3	1	
4	
2	1	1	
2	1	1	
4	
3	1	
2	1	1	
1	1	1	1	
2	1	1	
1	1	1	1	
1	1	1	1	
2	1	1	
1	1	1	1	
4	
4	
2	1	1	
3	1	
2	1	1	
1	1	1	1	
3	1	
2	1	1	
2	1	1	
1	1	1	1	
2	1	1	
2	1	1	
3	1	
2	1	1	
1	1	1	1	
3	1	
2	1	1	
2	1	1	
1	1	1	1	
2	1	1	
2	1	1	
3	1	
1	1	1	1	
1	1	1	1	
1	1	1	1	
1	1	1	1	
2	1	1	
2	1	1	
2	1	1	
2	1	1	
2	1	1	
4	
1	1	1	1	
1	1	1	1	
4	
1	1	1	1	
1	1	1	1	
1	1	1	1	
1	1	1	1	
2	1	1	
4	
2	1	1	
1	1	1	1	
3	1	
3	1	
3	1	
2	1	1	
2	1	1	
2	1	1	
1	1	1	1	
3	1	
1	1	1	1	
2	1	1	
1	1	1	1	
3	1	
1	1	1	1	
1	1	1	1	
3	1	
2	1	1	
1	1	1	1	
3	1	
2	1	1	
4	
1	1	1	
2	1	
2	1	
3	
2	1	
2	1	
1	1	1	
2	1	
1	1	1	
2	1	
1	1	1	
1	1	1	
2	1	
3	
2	1	
2	1	
1	1	1	
3	
1	1	1	
1	1	1	
1	1	1	
1	1	1	
1	1	1	
1	1	1	
2	1	
3	
2	1	
3	
3	
2	1	
1	1	1	
1	1	1	
1	1	1	
1	1	1	
1	1	1	
1	1	1	
2	1	
2	1	
2	1	
1	1	1	
1	1	1	
1	1	1	
1	1	1	
1	1	1	
1	1	1	
2	1	
3	
1	1	1	
1	1	1	
1	1	1	
1	1	1	
1	1	1	
1	1	1	
1	1	1	
1	1	1	
1	1	1	
1	1	1	
1	1	1	
1	1	1	
1	1	1	
1	1	1	
2	1	
2	1	
3	
1	1	1	
1	1	1	
2	1	
2	1	
1	1	1	
2	1	
2	1	
1	1	1	
2	1	
1	1	1	
2	1	
2	1	
1	1	1	
2	1	
1	1	1	
1	1	1	
2	1	
1	1	1	
2	1	
1	1	1	
2	1	
1	1	1	
2	1	
1	1	1	
1	1	1	
1	1	1	
1	1	1	
1	1	1	
2	1	
2	1	
2	1	
2	1	
2	1	
2	1	
2	1	
1	1	1	
1	1	1	
3	
2	1	
2	1	
2	1	
3	
1	1	1	
1	1	1	
1	1	1	
1	1	1	
2	1	
1	1	1	
2	1	
1	1	1	
1	1	1	
1	1	1	
3	
1	1	1	
1	1	1	
2	1	
2	1	
1	1	1	
2	1	
1	1	1	
2	1	
3	
3	
2	1	
1	1	1	
1	1	1	
1	1	1	
2	1	
1	1	1	
1	1	1	
2	1	
2	1	
1	1	1	
1	1	1	
3	
1	1	1	
1	1	1	
1	1	1	
1	1	1	
2	1	
1	1	1	
1	1	1	
2	1	
1	1	1	
2	1	
3	
1	1	1	
1	1	1	
2	1	
1	1	1	
2	1	
3	
1	1	1	
2	1	
1	1	1	
1	1	1	
3	
1	1	1	
2	1	
1	1	1	
1	1	1	
1	1	1	
3	
1	1	1	
2	1	
3	
2	1	
2	1	
1	1	1	
1	1	1	
1	1	1	
2	1	
2	1	
2	1	
3	
1	1	1	
2	1	
1	1	1	
3	
3	
1	1	1	
1	1	1	
1	1	1	
1	1	1	
3	
2	1	
2	1	
2	1	
1	1	1	
2	1	
1	1	1	
1	1	1	
2	1	
1	1	1	
1	1	1	
2	1	
1	1	1	
2	1	
1	1	1	
1	1	1	
2	1	
1	1	1	
2	1	
1	1	1	
1	1	1	
2	1	
1	1	1	
3	
2	1	
1	1	1	
2	1	
1	1	1	
3	
2	1	
1	1	1	
2	1	
2	1	
1	1	1	
1	1	1	
3	
1	1	1	
1	1	1	
2	1	
1	1	1	
1	1	1	
2	1	
1	1	1	
3	
2	1	
1	1	1	
2	1	
1	1	1	
2	1	
1	1	1	
1	1	1	
2	1	
3	
3	
1	1	1	
2	1	
2	1	
1	1	1	
2	1	
3	
2	1	
2	1	
2	1	
2	1	
3	
2	1	
1	1	1	
2	1	
2	1	
3	
1	1	1	
1	1	1	
1	1	1	
2	1	
2	1	
2	1	
3	
2	1	
2	1	
1	1	1	
2	1	
1	1	1	
1	1	1	
1	1	1	
1	1	1	
1	1	1	
1	1	1	
1	1	1	
2	1	
3	
2	1	
1	1	1	
1	1	1	
2	1	
3	
2	1	
2	1	
1	1	1	
1	1	1	
2	1	
2	1	
1	1	1	
1	1	1	
1	1	1	
3	
1	1	1	
1	1	1	
2	1	
1	1	1	
1	1	
2	
1	1	
1	1	
1	1	
1	1	
1	1	
1	1	
1	1	
1	1	
1	1	
1	1	
2	
2	
1	1	
1	1	
1	1	
2	
2	
2	
1	1	
2	
1	1	
1	1	
1	1	
1	1	
2	
1	1	
1	1	
1	1	
1	1	
1	1	
1	1	
1	1	
1	1	
1	1	
1	1	
1	1	
1	1	
2	
2	
1	1	
1	1	
1	1	
1	1	
1	1	
1	1	
2	
1	1	
2	
1	1	
1	1	
1	1	
1	1	
1	1	
1	1	
2	
1	1	
1	1	
1	1	
1	1	
2	
1	1	
1	1	
1	1	
1	1	
2	
1	1	
2	
1	1	
1	1	
1	1	
1	1	
1	1	
2	
1	1	
2	
2	
2	
2	
2	
1	1	
1	1	
1	1	
2	
2	
1	1	
1	1	
1	1	
1	1	
2	
1	1	
2	
1	1	
1	1	
1	1	
1	1	
2	
1	1	
1	1	
2	
1	1	
1	1	
2	
2	
1	1	
1	1	
1	1	
1	1	
2	
1	1	
1	1	
1	1	
1	1	
1	1	
2	
1	1	
1	1	
2	
2	
1	1	
1	1	
2	
1	1	
1	1	
1	1	
1	1	
1	1	
1	1	
1	1	
1	1	
1	1	
1	1	
1	1	
2	
1	1	
2	
2	
1	1	
2	
1	1	
1	1	
2	
1	1	
1	1	
1	1	
1	1	
2	
1	1	
1	1	
1	1	
1	1	
1	1	
2	
2	
1	1	
2	
1	1	
1	1	
1	1	
2	
1	1	
1	1	
1	1	
1	1	
1	1	
1	1	
1	1	
1	1	
1	1	
1	1	
1	1	
2	
1	1	
1	1	
1	1	
2	
2	
2	
1	1	
1	1	
1	1	
1	1	
1	1	
2	
1	1	
2	
2	
1	1	
2	
1	1	
1	1	
2	
1	1	
2	
1	1	
1	1	
2	
1	1	
1	1	
1	1	
1	1	
1	1	
1	1	
1	1	
1	1	
1	1	
1	1	
1	1	
2	
1	1	
1	1	
1	1	
2	
1	1	
1	1	
1	1	
1	1	
1	1	
1	1	
2	
1	1	
1	1	
2	
1	1	
1	1	
1	1	
2	
1	1	
1	1	
2	
2	
1	1	
1	1	
1	1	
1	1	
1	1	
1	1	
1	1	
1	1	
1	1	
1	1	
1	1	
1	1	
1	1	
1	1	
1	1	
1	1	
1	1	
1	1	
1	1	
2	
1	1	
1	1	
2	
1	1	
1	1	
1	1	
1	1	
1	1	
2	
2	
1	1	
1	1	
2	
1	1	
1	1	
2	
1	1	
1	1	
1	1	
1	1	
2	
2	
2	
1	1	
1	1	
1	1	
1	1	
2	
1	1	
2	
1	1	
1	1	
1	1	
1	1	
2	
2	
2	
1	1	
2	
1	1	
2	
2	
1	1	
1	1	
2	
1	1	
2	
2	
2	
2	
1	1	
2	
2	
1	1	
2	
2	
1	1	
1	1	
2	
1	1	
1	1	
2	
1	1	
1	1	
1	1	
1	1	
2	
1	1	
1	1	
1	1	
1	1	
2	
1	1	
2	
2	
1	1	
2	
2	
1	1	
2	
1	1	
1	1	
1	1	
2	
1	1	
1	1	
1	1	
1	1	
1	1	
2	
1	1	
2	
1	1	
2	
1	1	
1	1	
1	1	
1	1	
1	1	
1	1	
1	1	
1	1	
1	1	
1	1	
1	1	
2	
1	1	
2	
2	
1	1	
1	1	
1	1	
1	1	
1	1	
1	1	
1	1	
2	
1	1	
1	1	
1	1	
1	1	
1	1	
1	1	
2	
2	
1	1	
2	
1	1	
1	1	
1	1	
2	
1	1	
1	1	
2	
2	
1	1	
1	1	
1	1	
2	
1	1	
1	1	
2	
1	1	
1	1	
1	1	
1	1	
1	1	
1	1	
1	1	
1	1	
1	1	
1	1	
1	1	
1	1	
1	1	
1	1	
1	1	
1	1	
2	
2	
2	
1	1	
1	1	
2	
1	1	
1	1	
2	
1	1	
1	1	
2	
1	1	
1	1	
2	
2	
1	1	
1	1	
1	1	
1	1	
2	
2	
1	1	
2	
1	1	
2	
1	1	
1	1	
2	
1	1	
1	1	
1	1	
2	
1	1	
1	1	
1	1	
2	
1	1	
1	1	
1	1	
1	1	
1	1	
1	1	
1	1	
1	1	
1	1	
2	
1	1	
1	1	
2	
1	1	
2	
2	
1	1	
2	
2	
2	
2	
1	1	
1	1	
2	
1	1	
1	1	
2	
1	1	
1	1	
1	1	
1	1	
1	1	
1	1	
1	1	
1	1	
1	1	
1	1	
1	1	
1	1	
1	1	
1	1	
1	1	
1	1	
2	
1	1	
1	1	
1	1	
1	1	
1	1	
2	
1	1	
1	1	
2	
1	1	
1	1	
2	
1	1	
1	1	
1	1	
1	1	
1	1	
1	1	
1	1	
1	1	
1	1	
1	1	
1	1	
1	1	
2	
1	1	
1	1	
2	
2	
1	1	
1	1	
2	
1	1	
1	1	
1	1	
1	1	
1	1	
2	
1	1	
1	1	
1	1	
2	
1	1	
1	1	
1	1	
1	1	
1	1	
1	1	
2	
2	
1	1	
1	1	
2	
1	1	
1	1	
2	
1	1	
1	1	
1	1	
2	
2	
1	1	
2	
2	
2	
2	
1	1	
2	
1	1	
1	1	
1	1	
1	1	
1	1	
2	
1	1	
2	
2	
2	
1	1	
1	1	
2	
2	
2	
1	1	
1	1	
1	1	
1	1	
1	1	
1	1	
1	1	
1	1	
1	1	
1	1	
1	1	
1	1	
2	
1	1	
1	1	
2	
2	
1	1	
1	1	
1	1	
2	
1	1	
1	1	
2	
1	1	
2	
2	
1	1	
1	1	
1	1	
1	1	
1	1	
2	
2	
1	1	
1	1	
1	1	
1	1	
1	1	
1	1	
1	1	
1	1	
1	1	
1	1	
2	
2	
1	1	
1	1	
1	1	
1	1	
1	1	
1	
1	
1	
1	
1	
1	
1	
1	
1	
1	
1	
1	
1	
1	
1	
1	
1	
1	
1	
1	
1	
1	
1	
1	
1	
1	
1	
1	
1	
1	
1	
1	
1	
1	
1	
1	
1	
1	
1	
1	
1	
1	
1	
1	
1	
1	
1	
1	
1	
1	
1	
1	
1	
1	
1	
1	
1	
1	
1	
1	
1	
1	
1	
1	
1	
1	
1	
1	
1	
1	
1	
1	
1	
1	
1	
1	
1	
1	
1	
1	
1	
1	
1	
1	
1	
1	
1	
1	
1	
1	
1	
1	
1	
1	
1	
1	
1	
1	
1	
1	
1	
1	
1	
1	
1	
1	
1	
1	
1	
1	
1	
1	
1	
1	
1	
1	
1	
1	
1	
1	
1	
1	
1	
1	
1	
1	
1	
1	
1	
1	
1	
1	
1	
1	
1	
1	
1	
1	
1	
1	
1	
1	
1	
1	
1	
1	
1	
1	
1	
1	
1	
1	
1	
1	
1	
1	
1	
1	
1	
1	
1	
1	
1	
1	
1	
1	
1	
1	
1	
1	
1	
1	
1	
1	
1	
1	
1	
1	
1	
1	
1	
1	
1	
1	
1	
1	
1	
1	
1	
1	
1	
1	
1	
1	
1	
1	
1	
1	
1	
1	
1	
1	
1	
1	
1	
1	
1	
1	
1	
1	
1	
1	
1	
1	
1	
1	
1	
1	
1	
1	
1	
1	
1	
1	
1	
1	
1	
1	
1	
1	
1	
1	
1	
1	
1	
1	
1	
1	
1	
1	
1	
1	
1	
1	
1	
1	
1	
1	
1	
1	
1	
1	
1	
1	
1	
1	
1	
1	
1	
1	
1	
1	
1	
1	
1	
1	
1	
1	
1	
1	
1	
1	
1	
1	
1	
1	
1	
1	
1	
1	
1	
1	
1	
1	
1	
1	
1	
1	
1	
1	
1	
1	
1	
1	
1	
1	
1	
1	
1	
1	
1	
1	
1	
1	
1	
1	
1	
1	
1	
1	
1	
1	
1	
1	
1	
1	
1	
1	
1	
1	
1	
1	
1	
1	
1	
1	
1	
1	
1	
1	
1	
1	
1	
1	
1	
1	
1	
1	
1	
1	
1	
1	
1	
1	
1	
1	
1	
1	
1	
1	
1	
1	
1	
1	
1	
1	
1	
1	
1	
1	
1	
1	
1	
1	
1	
1	
1	
1	
1	
1	
1	
1	
1	
1	
1	
1	
1	
1	
1	
1	
1	
1	
1	
1	
1	
1	
1	
1	
1	
1	
1	
1	
1	
1	
1	
1	
1	
1	
1	
1	
1	
1	
1	
1	
1	
1	
1	
1	
1	
1	
1	
1	
1	
1	
1	
1	
1	
1	
1	
1	
1	
1	
1	
1	
1	
1	
1	
1	
1	
1	
1	
1	
1	
1	
1	
1	
1	
1	
1	
1	
1	
1	
1	
1	
1	
1	
1	
1	
1	
1	
1	
1	
1	
1	
1	
1	
1	
1	
1	
1	
1	
1	
1	
1	
1	
1	
1	
1	
1	
1	
1	
1	
1	
1	
1	
1	
1	
1	
1	
1	
1	
1	
1	
1	
1	
1	
1	
1	
1	
1	
1	
1	
1	
1	
1	
1	
1	
1	
1	
1	
1	
1	
1	
1	
1	
1	
1	
1	
1	
1	
1	
1	
1	
1	
1	
1	
1	
1	
1	
1	
1	
1	
1	
1	
1	
1	
1	
1	
1	
1	
1	
1	
1	
1	
1	
1	
1	
1	
1	
1	
1	
1	
1	
1	
1	
1	
1	
1	
1	
1	
1	
1	
1	
1	
1	
1	
1	
1	
1	
1	
1	
1	
1	
1	
1	
1	
1	
1	
1	
1	
1	
1	
1	
1	
1	
1	
1	
1	
1	
1	
1	
1	
1	
1	
1	
1	
1	
1	
1	
1	
1	
1	
1	
1	
1	
1	
1	
1	
1	
1	
1	
1	
1	
1	
1	
1	
1	
1	
1	
1	
1	
1	
1	
1	
1	
1	
1	
1	
1	
1	
1	
1	
1	
1	
1	
1	
1	
1	
1	
1	
1	
1	
1	
1	
1	
1	
1	
1	
1	
1	
1	
1	
1	
1	
1	
1	
1	
1	
1	
1	
1	
1	
1	
1	
1	
1	
1	
1	
1	
1	
1	
1	
1	
1	
1	
1	
1	
1	
1	
1	
1	
1	
1	
1	
1	
1	
1	
1	
1	
1	
1	
1	
1	
1	
1	
1	
1	
1	
1	
1	
1	
1	
1	
1	
1	
1	
1	
1	
1	
1	
1	
1	
1	
1	
1	
1	
1	
1	
1	
1	
1	
1	
1	
1	
1	
1	
1	
1	
1	
1	
1	
1	
1	
1	
1	
1	
1	
1	
1	
1	
1	
1	
1	
1	
1	
1	
1	
1	
1	
1	
1	
1	
1	
1	
1	
1	
1	
1	
1	
1	
1	
1	
1	
1	
1	
1	
1	
1	
1	
1	
1	
1	
1	
1	
1	
1	
1	
1	
1	
1	
1	
1	
1	
1	
1	
1	
1	
1	
1	
1	
1	
1	
1	
1	
1	
1	
1	
1	
1	
1	
1	
1	
1	
1	
1	
1	
1	
1	
1	
1	
1	
1	
1	
1	
1	
1	
1	
1	
1	
1	
1	
1	
1	
1	
1	
1	
1	
1	
1	
1	
1	
1	
1	
1	
1	
1	
1	
1	
1	
1	
1	
1	
1	
1	
1	
1	
1	
1	
1	
1	
1	
1	
1	
1	
1	
1	
1	
1	
1	
1	
1	
1	
1	
1	
1	
1	
1	
1	
1	
1	
1	
1	
1	
1	
1	
1	
1	
1	
1	
1	
1	
1	
1	
1	
1	
1	
1	
1	
1	
1	
1	
1	
1	
1	
1	
1	
1	
1	
1	
1	
1	
1	
1	
1	
1	
1	
1	
1	
1	
1	
1	
1	
1	
1	
1	
1	
1	
1	
1	
1	
1	
1	
1	
1	
1	
1	
1	
1	
1	
1	
1	
1	
1	
1	
1	
1	
1	
1	
1	
1	
1	
1	
1	
1	
1	
1	
1	
1	
1	
1	
1	
1	
1	
1	
1	
1	
1	
1	
1	
1	
1	
1	
1	
1	
1	
1	
1	
1	
1	
1	
1	
1	
1	
1	
1	
1	
1	
1	
1	
1	
1	
1	
1	
1	
1	
1	
1	
1	
1	
1	
1	
1	
1	
1	
1	
1	
1	
1	
1	
1	
1	
1	
1	
1	
1	
1	
1	
1	
1	
1	
1	
1	
1	
1	
1	
1	
1	
1	
1	
1	
1	
1	
1	
1	
1	
1	
1	
1	
1	
1	
1	
1	
1	
1	
1	
1	
1	
1	
1	
1	
1	
1	
1	
1	
1	
1	
1	
1	
1	
1	
1	
1	
1	
1	
1	
1	
1	
1	
1	
1	
1	
1	
1	
1	
1	
1	
1	
1	
1	
1	
1	
1	
1	
1	
1	
1	
1	
1	
1	
1	
1	
1	
1	
1	
1	
1	
1	
1	
1	
1	
1	
1	
1	
1	
1	
1	
1	
1	
1	
1	
1	
1	
1	
1	
1	
1	
1	
1	
1	
1	
1	
1	
1	
1	
1	
1	
1	
1	
1	
1	
1	
1	
1	
1	
1	
1	
1	
1	
1	
1	
1	
1	
1	
1	
1	
1	
1	
1	
1	
1	
1	
1	
1	
1	
1	
1	
1	
1	
1	
1	
1	
1	
1	
1	
1	
1	
1	
1	
1	
1	
1	
1	
1	
1	
1	
1	
1	
1	
1	
1	
1	
1	
1	
1	
1	
1	
1	
1	
1	
1	
1	
1	
1	
1	
1	
1	
1	
1	
1	
1	
1	
1	
1	
1	
1	
1	
1	
1	
1	
1	
1	
1	
1	
1	
1	
1	
1	
1	
1	
1	
1	
1	
1	
1	
1	
1	
1	
1	
1	
1	
1	
1	
1	
1	
1	
1	
1	
1	
1	
1	
1	
1	
1	
1	
1	
1	
1	
1	
1	
1	
1	
1	
1	
1	
1	
1	
1	
1	
1	
1	
1	
1	
1	
1	
1	
1	
1	
1	
1	
1	
1	
1	
1	
1	
1	
1	
1	
1	
1	
1	
1	
1	
1	
1	
1	
1	
1	
1	
1	
1	
1	
1	
1	
1	
1	
1	
1	
1	
1	
1	
1	
1	
1	
1	
1	
1	
1	
1	
1	
1	
1	
1	
1	
1	
1	
1	
1	
1	
1	
1	
1	
1	
1	
1	
1	
1	
1	
1	
1	
1	
1	
1	
1	
1	
1	
1	
1	
1	
1	
1	
1	
1	
1	
1	
1	
1	
1	
1	
1	
1	
1	
1	
1	
1	
1	
1	
1	
1	
1	
1	
1	
1	
1	
1	
1	
1	
1	
1	
1	
1	
1	
1	
1	
1	
1	
1	
1	
1	
1	
1	
1	
1	
1	
1	
1	
1	
1	
1	
1	
1	
1	
1	
1	
1	
1	
1	
1	
1	
1	
1	
1	
1	
1	
1	
1	
1	
1	
1	
1	
1	
1	
1	
1	
1	
1	
1	
1	
1	
1	
1	
1	
1	
1	
1	
1	
1	
1	
1	
1	
1	
1	
1	
1	
1	
1	
1	
1	
1	
1	
1	
1	
1	
1	
1	
1	
1	
1	
1	
1	
1	
1	
1	
1	
1	
1	
1	
1	
1	
1	
1	
1	
1	
1	
1	
1	
1	
1	
1	
1	
1	
1	
1	
1	
1	
1	
1	
1	
1	
1	
1	
1	
1	
1	
1	
1	
1	
1	
1	
1	
1	
1	
1	
1	
1	
1	
1	
1	
1	
1	
1	
1	
1	
1	
1	
1	
1	
1	
1	
1	
1	
1	
1	
1	
1	
1	
1	
1	
1	
1	
1	
1	
1	
1	
1	
1	
1	
1	
1	
1	
1	
1	
1	
1	
1	
1	
1	
1	
1	
1	
1	
1	
1	
1	
1	
1	
1	
1	
1	
1	
1	
1	
1	
1	
1	
1	
1	
1	
1	
1	
1	
1	
1	
1	
1	
1	
1	
1	
1	
1	
1	
1	
1	
1	
1	
1	
1	
1	
1	
1	
1	
1	
1	
1	
1	
1	
1	
1	
1	
1	
1	
1	
1	
1	
1	
1	
1	
1	
1	
1	
1	
1	
1	
1	
1	
1	
1	
1	
1	
1	
1	
1	
1	
1	
1	
1	
1	
1	
1	
1	
1	
1	
1	
1	
1	
1	
1	
1	
1	
1	
1	
1	
1	
1	
1	
1	
1	
1	
1	
1	
1	
1	
1	
1	
1	
1	
1	
1	
1	
1	
1	
1	
1	
1	
1	
1	
1	
1	
1	
1	
1	
1	
1	
1	
1	
1	
1	
1	
1	
1	
1	
1	
1	
1	
1	
1	
1	
1	
1	
1	
1	
1	
1	
1	
1	
1	
1	
1	
1	
1	
1	
1	
1	
1	
1	
1	
1	
1	
1	
1	
1	
1	
1	
1	
1	
1	
1	
1	
1	
1	
1	
1	
1	
1	
1	
1	
1	
1	
1	
1	
1	
1	
1	
1	
1	
1	
1	
1	
1	
1	
1	
1	
1	
1	
1	
1	
1	
1	
1	
1	
1	
1	
1	
1	
1	
1	
1	
1	
1	
1	
1	
1	
1	
1	
1	
1	
1	
1	
1	
1	
1	
1	
1	
1	
1	
1	
1	
1	
1	
1	
1	
1	
1	
1	
1	
1	
1	
1	
1	
1	
1	
1	
1	
1	
1	
1	
1	
1	
1	
1	
1	
1	
1	
1	
1	
1	
1	
1	
1	
1	
1	
1	
1	
1	
1	
1	
1	
1	
1	
1	
1	
1	
1	
1	
1	
1	
1	
1	
1	
1	
1	
1	
1	
1	
1	
1	
1	
1	
1	
1	
1	
1	
1	
1	
1	
1	
1	
1	
1	
1	
1	
1	
1	
1	
1	
1	
1	
1	
1	
1	
1	
1	
1	
1	
1	
1	
1	
1	
1	
1	
1	
1	
1	
1	
1	
1	
1	
1	
1	
1	
1	
1	
1	
1	
1	
1	
1	
1	
1	
1	
1	
1	
1	
1	
1	
1	
1	
1	
1	
1	
1	
1	
1	
1	
1	
1	
1	
1	
1	
1	
1	
1	
1	
1	
1	
1	
1	
1	
1	
1	
1	
1	
1	
1	
1	
1	
1	
1	
1	
1	
1	
1	
1	
1	
1	
1	
1	
1	
1	
1	
1	
1	
1	
1	
1	
1	
1	
1	
1	
1	
1	
1	
1	
1	
1	
1	
1	
1	
1	
1	
1	
1	
1	
1	
1	
1	
1	
1	
1	
1	
1	
1	
1	
1	
1	
1	
1	
1	
1	
1	
1	
1	
1	
1	
1	
1	
1	
1	
1	
1	
1	
1	
1	
1	
1	
1	
1	
1	
1	
1	
1	
1	
1	
1	
1	
1	
1	
1	
1	
1	
1	
1	
1	
1	
1	
1	
1	
1	
1	
1	
1	
1	
1	
1	
1	
1	
1	
1	
1	
1	
1	
1	
1	
1	
1	
1	
1	
1	
1	
1	
1	
1	
1	
1	
1	
1	
1	
1	
1	
1	
1	
1	
1	
1	
1	
1	
1	
1	
1	
1	
1	
1	
1	
1	
1	
1	
1	
1	
1	
1	
1	
1	
1	
1	
1	
1	
1	
1	
1	
1	
1	
1	
1	
1	
1	
1	
1	
1	
1	
1	
1	
1	
1	
1	
1	
1	
1	
1	
1	
1	
1	
1	
1	
1	
1	
1	
1	
1	
1	
1	
1	
1	
1	
1	
1	
1	
1	
1	
1	
1	
1	
1	
1	
1	
1	
1	
1	
1	
1	
1	
1	
1	
1	
1	
1	
1	
1	
1	
1	
1	
1	
1	
1	
1	
1	
1	
1	
1	
1	
1	
1	
1	
1	
1	
1	
1	
1	
1	
1	
1	
1	
1	
1	
1	
1	
1	
1	
1	
1	
1	
1	
1	
1	
1	
1	
1	
1	
1	
1	
1	
1	
1	
1	
1	
1	
1	
1	
1	
1	
1	
1	
1	
1	
1	
1	
1	
1	
1	
1	
1	
1	
1	
1	
1	
1	
1	
1	
1	
1	
1	
1	
1	
1	
1	
1	
1	
1	
1	
1	
1	
1	
1	
1	
1	
1	
1	
1	
1	
1	
1	
1	
1	
1	
1	
1	
1	
1	
1	
1	
1	
1	
1	
1	
1	
1	
1	
1	
1	
1	
1	
1	
1	
1	
1	
1	
1	
1	
1	
1	
1	
1	
1	
1	
1	
1	
1	
1	
1	
1	
1	
1	
1	
1	
1	
1	
1	
1	
1	
1	
1	
1	
1	
1	
1	
1	
1	
1	
1	
1	
1	
1	
1	
1	
1	
1	
1	
1	
1	
1	
1	
1	
1	
1	
1	
1	
1	
1	
1	
1	
1	
1	
1	
1	
1	
1	
1	
1	
1	
1	
1	
1	
1	
1	
1	
1	
1	
1	
1	
1	
1	
1	
1	
1	
1	
1	
1	
1	
1	
1	
1	
1	
1	
1	
1	
1	
1	
1	
1	
1	
1	
1	
1	
1	
1	
1	
1	
1	
1	
1	
1	
1	
1	
1	
1	
1	
1	
1	
1	
1	
1	
1	
1	
1	
1	
1	
1	
1	
1	
1	
1	
1	
1	
1	
1	
1	
1	
1	
1	
1	
1	
1	
1	
1	
1	
1	
1	
1	
1	
1	
1	
1	
1	
1	
1	
1	
1	
1	
1	
1	
1	
1	
1	
1	
1	
1	
1	
1	
1	
1	
1	
