69	68	22	17	16	15	11	8	7	5	5	5	4	4	4	4	4	4	3	3	3	3	3	2	2	2	2	2	2	2	2	2	2	2	2	2	2	2	2	2	2	2	1	1	1	1	1	1	1	1	1	1	1	1	1	1	1	1	1	1	1	1	1	1	1	1	1	1	1	1	1	1	1	1	1	1	1	1	1	1	1	1	1	1	1	1	1	1	1	1	1	1	1	1	1	1	1	1	1	1	1	1	1	1	1	1	1	1	1	1	1	1	1	1	1	1	1	1	1	
49	31	17	15	9	7	6	5	5	5	5	4	4	4	3	3	3	3	3	3	2	2	2	2	2	2	2	2	2	2	2	2	2	2	2	2	1	1	1	1	1	1	1	1	1	1	1	1	1	1	1	1	1	1	1	1	1	1	1	1	1	1	1	1	1	1	1	1	1	1	1	1	1	1	1	1	1	1	1	1	1	1	1	1	1	1	1	1	1	1	1	1	1	1	1	1	1	1	1	1	1	1	1	1	1	
51	33	24	15	11	11	7	5	4	4	4	3	3	3	3	3	3	2	2	2	2	2	2	2	2	2	2	1	1	1	1	1	1	1	1	1	1	1	1	1	1	1	1	1	1	1	1	1	1	1	1	1	1	1	1	1	1	1	1	1	1	1	1	1	1	1	1	1	1	1	1	1	1	1	1	1	1	1	1	1	1	1	1	1	1	1	
41	40	24	15	13	11	4	4	4	3	3	3	2	2	2	2	2	2	2	2	2	2	1	1	1	1	1	1	1	1	1	1	1	1	1	1	1	1	1	1	1	1	1	1	1	1	1	1	1	1	1	1	1	1	1	1	1	1	1	1	1	1	1	1	1	1	1	1	1	1	1	1	1	1	1	1	1	1	1	1	1	1	
46	19	12	10	10	9	7	6	5	5	4	3	3	3	3	3	3	2	2	2	2	2	2	2	2	2	2	2	2	2	2	1	1	1	1	1	1	1	1	1	1	1	1	1	1	1	1	1	1	1	1	1	1	1	1	1	1	1	1	1	1	1	1	1	1	1	1	1	1	1	1	1	1	1	1	1	1	1	1	1	1	1	1	1	1	1	1	1	1	1	
41	24	20	16	9	6	5	5	5	4	4	4	3	3	3	3	2	2	2	2	2	2	2	2	2	2	2	1	1	1	1	1	1	1	1	1	1	1	1	1	1	1	1	1	1	1	1	1	1	1	1	1	1	1	1	1	1	1	1	1	1	1	1	1	1	1	1	1	1	1	1	1	1	1	1	1	1	
32	22	20	12	9	8	6	6	6	5	4	4	4	4	3	3	3	2	2	2	2	2	2	2	2	1	1	1	1	1	1	1	1	1	1	1	1	1	1	1	1	1	1	1	1	1	1	1	1	1	1	1	1	1	1	1	1	1	1	1	1	1	1	1	1	1	1	1	1	1	1	1	1	1	1	1	
29	21	19	13	11	7	6	5	4	4	3	3	2	2	2	2	2	2	2	2	2	2	2	2	2	2	1	1	1	1	1	1	1	1	1	1	1	1	1	1	1	1	1	1	1	1	1	1	1	1	1	1	1	1	1	1	1	1	1	1	1	1	1	1	1	1	1	1	1	1	1	
32	24	12	10	10	5	4	4	3	3	3	3	3	2	2	2	2	2	2	2	2	2	2	2	2	2	2	1	1	1	1	1	1	1	1	1	1	1	1	1	1	1	1	1	1	1	1	1	1	1	1	1	1	1	1	1	1	1	1	1	1	1	1	1	1	1	1	1	1	1	1	1	
30	25	14	9	8	5	4	4	4	4	3	2	2	2	2	2	2	2	2	1	1	1	1	1	1	1	1	1	1	1	1	1	1	1	1	1	1	1	1	1	1	1	1	1	1	1	1	1	1	1	1	1	1	1	1	1	1	1	1	1	1	1	1	1	1	1	1	1	1	1	1	1	1	
19	18	10	9	9	8	5	4	4	3	3	3	3	3	2	2	2	2	2	2	2	1	1	1	1	1	1	1	1	1	1	1	1	1	1	1	1	1	1	1	1	1	1	1	1	1	1	1	1	1	1	1	1	1	1	1	1	1	1	
26	8	5	4	3	3	2	2	2	2	2	1	1	1	1	1	1	1	1	1	1	1	1	1	1	1	1	1	1	1	1	1	1	1	1	1	1	1	
32	8	4	3	3	3	3	2	2	2	1	1	1	1	1	1	1	1	1	1	1	1	1	1	1	1	1	1	1	1	1	1	1	
28	6	5	3	3	2	2	2	1	1	1	1	1	1	1	1	1	1	1	1	1	1	1	1	1	1	1	1	1	1	1	1	1	1	1	1	
25	7	4	3	3	3	3	2	2	1	1	1	1	1	1	1	1	1	1	1	1	1	1	1	1	1	
10	7	5	5	4	4	3	3	2	2	1	1	1	1	1	1	1	1	1	1	1	1	1	1	1	1	1	1	1	
20	6	3	2	2	2	2	2	2	1	1	1	1	1	1	1	1	1	1	1	1	1	1	1	1	1	1	1	1	
61	
15	5	4	3	2	2	2	1	1	1	1	1	1	1	1	1	1	1	1	1	
12	6	2	2	2	1	1	1	1	1	1	1	1	1	1	1	1	1	1	1	1	1	1	1	1	1	1	
7	7	5	4	3	2	2	1	1	1	1	1	1	1	1	1	1	1	1	1	1	1	
9	3	2	1	1	1	1	1	1	1	1	1	1	1	1	1	1	1	1	1	1	1	1	1	1	1	1	1	1	1	1	1	
15	4	4	3	3	2	1	1	1	1	1	1	1	1	1	1	1	1	
8	7	2	2	2	2	2	2	1	1	1	1	1	1	1	1	1	1	1	1	1	1	1	
8	4	4	3	2	2	1	1	1	1	1	1	1	1	1	1	1	1	1	1	1	1	1	1	
12	5	4	2	2	2	2	1	1	1	1	1	1	1	1	1	1	1	1	
14	2	1	1	1	1	1	1	1	1	1	1	1	1	1	1	1	1	1	1	1	1	1	1	1	1	
12	3	2	2	2	2	2	2	1	1	1	1	1	1	1	1	1	1	1	1	
16	4	2	2	2	1	1	1	1	1	1	1	1	1	1	1	1	
2	1	1	1	1	1	1	1	1	1	1	1	1	1	1	1	1	1	1	1	1	1	1	1	1	1	1	1	1	1	1	1	1	1	1	1	
4	3	3	3	2	1	1	1	1	1	1	1	1	1	1	1	1	1	1	1	1	1	1	1	1	1	1	
5	3	2	2	2	2	1	1	1	1	1	1	1	1	1	1	1	1	1	1	1	1	1	1	1	1	1	
6	3	3	2	2	2	2	2	1	1	1	1	1	1	1	1	1	1	1	1	1	1	
6	3	2	2	2	2	2	1	1	1	1	1	1	1	1	1	1	1	1	1	1	1	
11	6	3	2	1	1	1	1	1	1	1	1	1	1	1	
4	3	2	2	2	2	1	1	1	1	1	1	1	1	1	1	1	1	1	1	1	1	1	1	
4	4	4	2	2	2	1	1	1	1	1	1	1	1	1	1	1	1	1	1	1	
4	3	3	2	2	1	1	1	1	1	1	1	1	1	1	1	1	1	1	1	1	1	1	
8	4	3	2	2	1	1	1	1	1	1	1	1	1	1	1	1	
4	3	2	1	1	1	1	1	1	1	1	1	1	1	1	1	1	1	1	1	1	1	1	1	
4	3	2	2	2	2	1	1	1	1	1	1	1	1	1	1	1	1	1	1	1	
5	4	3	2	1	1	1	1	1	1	1	1	1	1	1	1	1	1	1	
5	3	2	2	2	2	2	1	1	1	1	1	1	1	1	1	1	
6	4	2	2	2	1	1	1	1	1	1	1	1	1	1	1	1	
3	2	2	2	1	1	1	1	1	1	1	1	1	1	1	1	1	1	1	1	1	1	
5	4	3	2	1	1	1	1	1	1	1	1	1	1	1	1	1	
2	1	1	1	1	1	1	1	1	1	1	1	1	1	1	1	1	1	1	1	1	1	1	1	1	
4	4	3	2	1	1	1	1	1	1	1	1	1	1	1	1	1	
4	3	2	1	1	1	1	1	1	1	1	1	1	1	1	1	1	1	1	
3	3	1	1	1	1	1	1	1	1	1	1	1	1	1	1	1	1	1	1	1	
4	2	2	1	1	1	1	1	1	1	1	1	1	1	1	1	1	1	1	1	
7	2	2	2	2	1	1	1	1	1	1	1	1	1	1	
2	1	1	1	1	1	1	1	1	1	1	1	1	1	1	1	1	1	1	1	1	1	1	1	
24	
24	
6	3	3	2	2	1	1	1	1	1	1	1	
18	2	1	1	1	
5	2	2	2	1	1	1	1	1	1	1	1	1	1	1	
3	2	1	1	1	1	1	1	1	1	1	1	1	1	1	1	1	1	1	
2	2	2	1	1	1	1	1	1	1	1	1	1	1	1	1	1	1	1	
5	2	1	1	1	1	1	1	1	1	1	1	1	1	1	1	1	
22	
5	2	1	1	1	1	1	1	1	1	1	1	1	1	1	1	
5	3	1	1	1	1	1	1	1	1	1	1	1	1	1	
2	1	1	1	1	1	1	1	1	1	1	1	1	1	1	1	1	1	1	
20	
20	
20	
3	2	2	1	1	1	1	1	1	1	1	1	1	1	1	1	
3	3	1	1	1	1	1	1	1	1	1	1	1	1	1	
2	2	2	2	2	1	1	1	1	1	1	1	1	1	
15	3	
3	2	2	2	2	1	1	1	1	1	1	1	
4	2	2	1	1	1	1	1	1	1	1	1	1	
7	2	2	1	1	1	1	1	1	1	
17	
2	2	1	1	1	1	1	1	1	1	1	1	1	1	1	
4	1	1	1	1	1	1	1	1	1	1	1	1	
16	
2	2	2	1	1	1	1	1	1	1	1	1	1	
4	3	2	2	1	1	1	1	1	
2	2	2	1	1	1	1	1	1	1	1	1	1	
16	
4	2	2	1	1	1	1	1	1	1	
15	
2	2	1	1	1	1	1	1	1	1	1	1	1	
2	1	1	1	1	1	1	1	1	1	1	1	1	
6	4	2	1	1	
3	3	1	1	1	1	1	1	1	1	
13	
3	2	1	1	1	1	1	1	1	1	
2	2	1	1	1	1	1	1	1	1	1	
3	1	1	1	1	1	1	1	1	1	1	
4	1	1	1	1	1	1	1	1	1	
3	3	1	1	1	1	1	1	1	
2	2	1	1	1	1	1	1	1	1	1	
4	3	1	1	1	1	1	
3	3	1	1	1	1	1	1	
2	2	2	1	1	1	1	1	1	
2	1	1	1	1	1	1	1	1	1	1	
4	1	1	1	1	1	1	1	1	
1	1	1	1	1	1	1	1	1	1	1	1	
7	1	1	1	1	1	
1	1	1	1	1	1	1	1	1	1	1	
3	2	1	1	1	1	1	1	
4	2	2	1	1	1	
3	2	2	2	1	1	
3	3	1	1	1	1	
1	1	1	1	1	1	1	1	1	1	
2	2	1	1	1	1	1	1	
3	1	1	1	1	1	1	1	
3	1	1	1	1	1	1	1	
1	1	1	1	1	1	1	1	1	1	
3	2	1	1	1	1	1	
2	1	1	1	1	1	1	1	1	
3	2	1	1	1	1	
2	1	1	1	1	1	1	1	
3	2	2	1	1	
3	2	1	1	1	1	
2	1	1	1	1	1	1	1	
6	1	1	1	
4	2	1	1	1	
3	2	1	1	1	1	
2	2	1	1	1	1	1	
1	1	1	1	1	1	1	1	1	
2	1	1	1	1	1	1	1	
2	2	1	1	1	1	1	
2	2	1	1	1	1	1	
2	2	1	1	1	1	1	
2	1	1	1	1	1	1	1	
2	2	1	1	1	1	1	
1	1	1	1	1	1	1	1	1	
2	1	1	1	1	1	1	
3	2	1	1	1	
1	1	1	1	1	1	1	1	
2	1	1	1	1	1	1	
2	2	1	1	1	1	
2	2	1	1	1	1	
2	1	1	1	1	1	1	
2	1	1	1	1	1	1	
1	1	1	1	1	1	1	1	
1	1	1	1	1	1	1	1	
5	1	1	1	
2	2	1	1	1	
3	1	1	1	1	
1	1	1	1	1	1	1	
5	1	1	
1	1	1	1	1	1	1	
5	1	1	
7	
2	2	1	1	1	
1	1	1	1	1	1	1	
3	1	1	1	1	
2	1	1	1	1	1	
2	1	1	1	1	1	
2	1	1	1	1	1	
2	2	1	1	
2	1	1	1	1	
1	1	1	1	1	1	
2	1	1	1	1	
5	1	
2	2	1	1	
6	
2	2	1	1	
4	1	1	
2	1	1	1	1	
4	2	
2	2	1	1	
2	1	1	1	1	
3	1	1	1	
1	1	1	1	1	1	
3	2	1	
4	1	1	
1	1	1	1	1	1	
2	1	1	1	1	
4	1	1	
2	1	1	1	1	
2	1	1	1	1	
4	1	1	
3	1	1	1	
3	1	1	1	
2	1	1	1	1	
2	1	1	1	1	
2	1	1	1	1	
1	1	1	1	1	1	
2	1	1	1	1	
1	1	1	1	1	1	
1	1	1	1	1	1	
3	1	1	1	
2	1	1	1	
2	1	1	1	
1	1	1	1	1	
3	1	1	
2	2	1	
2	1	1	1	
2	1	1	1	
1	1	1	1	1	
2	1	1	1	
3	1	1	
2	1	1	1	
1	1	1	1	1	
3	1	1	
1	1	1	1	1	
4	1	
3	1	1	
2	2	1	
3	1	1	
2	1	1	1	
2	1	1	1	
3	1	1	
3	2	
1	1	1	1	1	
4	1	
1	1	1	1	1	
1	1	1	1	1	
1	1	1	1	1	
1	1	1	1	1	
1	1	1	1	1	
2	1	1	1	
3	1	1	
1	1	1	1	1	
1	1	1	1	1	
1	1	1	1	1	
1	1	1	1	1	
5	
3	1	
1	1	1	1	
1	1	1	1	
1	1	1	1	
2	1	1	
3	1	
2	1	1	
3	1	
3	1	
4	
1	1	1	1	
1	1	1	1	
3	1	
1	1	1	1	
1	1	1	1	
1	1	1	1	
1	1	1	1	
3	1	
3	1	
2	1	1	
1	1	1	1	
2	1	1	
3	1	
1	1	1	1	
1	1	1	1	
1	1	1	1	
3	1	
2	1	1	
4	
1	1	1	1	
2	1	1	
2	1	1	
1	1	1	1	
3	1	
1	1	1	1	
3	1	
2	1	1	
2	1	1	
1	1	1	1	
2	1	1	
2	1	1	
2	1	1	
1	1	1	1	
2	1	1	
3	1	
1	1	1	1	
1	1	1	1	
2	1	1	
2	1	1	
2	1	1	
1	1	1	1	
1	1	1	1	
1	1	1	1	
3	1	
1	1	1	1	
2	1	1	
1	1	1	1	
4	
2	1	1	
2	1	1	
3	1	
1	1	1	1	
2	1	1	
1	1	1	1	
4	
1	1	1	1	
2	1	
1	1	1	
2	1	
1	1	1	
1	1	1	
1	1	1	
2	1	
1	1	1	
1	1	1	
1	1	1	
3	
1	1	1	
2	1	
2	1	
1	1	1	
1	1	1	
1	1	1	
2	1	
3	
1	1	1	
3	
2	1	
2	1	
1	1	1	
1	1	1	
1	1	1	
1	1	1	
1	1	1	
2	1	
1	1	1	
1	1	1	
3	
1	1	1	
2	1	
2	1	
3	
1	1	1	
1	1	1	
1	1	1	
2	1	
1	1	1	
1	1	1	
1	1	1	
2	1	
1	1	1	
1	1	1	
1	1	1	
1	1	1	
1	1	1	
1	1	1	
1	1	1	
1	1	1	
2	1	
1	1	1	
2	1	
3	
1	1	1	
1	1	1	
1	1	1	
1	1	1	
1	1	1	
1	1	1	
1	1	1	
2	1	
1	1	1	
1	1	1	
1	1	1	
2	1	
2	1	
2	1	
2	1	
2	1	
1	1	1	
1	1	1	
1	1	1	
1	1	1	
1	1	1	
1	1	1	
1	1	1	
1	1	1	
2	1	
1	1	1	
2	1	
2	1	
1	1	1	
2	1	
1	1	1	
1	1	1	
1	1	1	
1	1	1	
1	1	1	
2	1	
1	1	1	
1	1	
1	1	
1	1	
1	1	
2	
1	1	
1	1	
1	1	
1	1	
1	1	
1	1	
1	1	
1	1	
1	1	
1	1	
1	1	
2	
1	1	
1	1	
1	1	
2	
1	1	
2	
1	1	
1	1	
1	1	
1	1	
1	1	
1	1	
1	1	
2	
1	1	
1	1	
1	1	
2	
1	1	
1	1	
1	1	
2	
1	1	
1	1	
1	1	
1	1	
1	1	
1	1	
1	1	
1	1	
1	1	
1	1	
1	1	
1	1	
1	1	
1	1	
1	1	
1	1	
1	1	
2	
1	1	
2	
1	1	
2	
1	1	
1	1	
1	1	
1	1	
2	
1	1	
2	
1	1	
2	
1	1	
2	
1	1	
1	1	
2	
1	1	
1	1	
1	1	
1	1	
1	1	
2	
1	1	
1	1	
2	
1	1	
1	1	
1	1	
2	
2	
1	1	
1	1	
1	1	
1	1	
1	1	
1	1	
1	1	
1	1	
1	1	
2	
1	1	
1	1	
1	1	
1	1	
1	1	
1	1	
2	
1	1	
1	1	
1	1	
1	1	
1	1	
2	
1	1	
2	
1	1	
1	1	
1	1	
1	1	
1	1	
1	1	
1	1	
1	1	
1	1	
2	
2	
1	1	
1	1	
1	1	
1	1	
1	1	
1	1	
1	1	
1	1	
2	
2	
1	1	
1	1	
1	1	
1	1	
1	1	
2	
1	1	
1	1	
1	1	
1	1	
1	1	
1	1	
1	1	
1	1	
2	
1	1	
1	1	
2	
2	
1	1	
1	1	
1	1	
1	1	
1	1	
1	1	
1	1	
1	1	
1	1	
1	1	
1	1	
1	1	
1	1	
2	
1	1	
1	1	
1	1	
2	
1	1	
1	1	
2	
2	
1	1	
2	
1	1	
1	1	
1	1	
2	
1	1	
2	
1	
1	
1	
1	
1	
1	
1	
1	
1	
1	
1	
1	
1	
1	
1	
1	
1	
1	
1	
1	
1	
1	
1	
1	
1	
1	
1	
1	
1	
1	
1	
1	
1	
1	
1	
1	
1	
1	
1	
1	
1	
1	
1	
1	
1	
1	
1	
1	
1	
1	
1	
1	
1	
1	
1	
1	
1	
1	
1	
1	
1	
1	
1	
1	
1	
1	
1	
1	
1	
1	
1	
1	
1	
1	
1	
1	
1	
1	
1	
1	
1	
1	
1	
1	
1	
1	
1	
1	
1	
1	
1	
1	
1	
1	
1	
1	
1	
1	
1	
1	
1	
1	
1	
1	
1	
1	
1	
1	
1	
1	
1	
1	
1	
1	
1	
1	
1	
1	
1	
1	
1	
1	
1	
1	
1	
1	
1	
1	
1	
1	
1	
1	
1	
1	
1	
1	
1	
1	
1	
1	
1	
1	
1	
1	
1	
1	
1	
1	
1	
1	
1	
1	
1	
1	
1	
1	
1	
1	
1	
1	
1	
1	
1	
1	
1	
1	
1	
1	
1	
1	
1	
1	
1	
1	
1	
1	
1	
1	
1	
1	
1	
1	
1	
1	
1	
1	
1	
1	
1	
1	
1	
1	
1	
1	
1	
1	
1	
1	
1	
1	
1	
1	
1	
1	
1	
1	
1	
1	
1	
1	
1	
1	
1	
1	
1	
1	
1	
1	
1	
1	
1	
1	
1	
1	
1	
1	
1	
1	
1	
1	
1	
1	
1	
1	
1	
1	
1	
1	
1	
1	
1	
1	
1	
1	
1	
1	
1	
1	
1	
1	
1	
1	
1	
1	
1	
1	
1	
1	
1	
1	
1	
1	
1	
1	
1	
1	
1	
1	
1	
1	
1	
1	
1	
1	
1	
1	
1	
1	
1	
1	
1	
1	
1	
1	
1	
1	
1	
1	
1	
1	
1	
1	
1	
1	
1	
1	
1	
1	
1	
1	
1	
1	
1	
1	
1	
1	
1	
1	
1	
1	
1	
1	
1	
1	
1	
1	
1	
1	
1	
1	
1	
1	
1	
1	
1	
1	
1	
1	
1	
1	
1	
1	
1	
1	
1	
1	
1	
1	
1	
1	
1	
1	
1	
1	
1	
1	
1	
1	
1	
1	
1	
1	
1	
1	
1	
1	
1	
1	
1	
1	
1	
1	
1	
1	
1	
1	
1	
1	
1	
1	
1	
1	
1	
1	
1	
1	
1	
1	
1	
1	
1	
1	
1	
1	
1	
1	
1	
1	
1	
1	
1	
1	
1	
1	
1	
1	
1	
1	
1	
1	
1	
1	
1	
1	
1	
1	
1	
1	
1	
1	
1	
1	
1	
1	
1	
1	
1	
1	
1	
1	
1	
1	
1	
1	
1	
1	
1	
1	
1	
1	
1	
1	
1	
1	
1	
1	
1	
1	
1	
1	
1	
1	
1	
1	
1	
1	
1	
1	
1	
1	
1	
1	
1	
1	
1	
1	
1	
1	
1	
1	
1	
1	
1	
1	
1	
1	
1	
1	
1	
1	
1	
1	
1	
1	
1	
1	
1	
1	
1	
1	
1	
1	
1	
1	
1	
1	
1	
1	
1	
1	
1	
1	
1	
1	
1	
1	
1	
1	
1	
1	
1	
1	
1	
1	
1	
1	
1	
1	
1	
1	
1	
1	
1	
1	
1	
1	
1	
1	
1	
1	
1	
1	
1	
1	
1	
1	
1	
1	
1	
1	
1	
1	
1	
1	
1	
1	
1	
1	
1	
1	
1	
1	
1	
1	
1	
1	
1	
1	
1	
1	
1	
1	
1	
1	
1	
1	
1	
1	
1	
1	
1	
1	
1	
1	
1	
1	
1	
1	
1	
1	
1	
1	
1	
1	
1	
1	
1	
1	
1	
1	
1	
1	
1	
1	
1	
1	
1	
1	
1	
1	
1	
1	
1	
1	
1	
1	
1	
1	
1	
1	
1	
1	
1	
1	
1	
1	
1	
1	
1	
1	
1	
1	
1	
1	
1	
1	
1	
1	
1	
1	
1	
1	
1	
1	
1	
1	
1	
1	
1	
1	
1	
1	
1	
1	
1	
1	
1	
1	
1	
1	
1	
1	
1	
1	
1	
1	
1	
1	
1	
1	
1	
1	
1	
1	
1	
1	
1	
1	
1	
1	
1	
1	
1	
1	
1	
1	
1	
1	
1	
1	
1	
1	
1	
1	
1	
1	
1	
1	
1	
1	
1	
1	
1	
1	
1	
1	
1	
1	
1	
1	
1	
1	
1	
1	
1	
1	
1	
1	
1	
1	
1	
1	
1	
1	
1	
1	
1	
1	
1	
1	
1	
1	
1	
1	
1	
1	
1	
1	
1	
1	
1	
1	
1	
1	
1	
1	
1	
1	
1	
1	
1	
1	
1	
1	
1	
1	
1	
1	
1	
1	
