6
6
6
6
6
6
6
6
6
6
6
6
6
6
6
61
6
6
6
62
6
65
6
6
6
60
6
63
6
6
66
64
6
6
6
6
6
6
6
69
6
68
6
6
6
6
67
6
6
6
62
6
6
6
6
6
6
6
6
6
63
6
6
60
6
61
6
6
6
64
6
64
6
65
6
6
62
67
6
6
6
6
6
68
6
67
6
63
6
64
66
6
6
6
60
69
6
6
60
65
6
66
62
6
6
65
66
6
6
64
65
64
62
62
61
6
6
65
6
6
63
66
6
6
66
6
67
6
64
6
64
6
6
66
6
6
61
6
6
6
6
64
6
6
6
68
66
68
6
6
6
65
63
63
6
61
6
6
6
60
6
63
6
60
6
6
69
6
64
6
62
6
6
65
60
6
69
62
67
6
67
6
6
61
6
6
6
61
60
6
66
60
69
66
6
6
6
61
60
6
60
67
60
6
6
6
68
61
6
69
6
67
6
6
6
6
6
6
6
64
6
6
6
6
6
61
63
6
64
60
67
68
6
6
60
67
6
6
62
6
63
63
62
69
63
6
63
63
68
68
6
66
6
6
6
68
61
6
6
6
6
6
6
6
6
6
