388	73	60	49	45	43	43	40	38	33	30	27	26	26	25	25	25	25	23	23	23	23	22	22	22	21	21	20	19	19	18	16	16	15	15	15	15	15	15	14	14	14	13	13	11	11	11	11	10	10	10	10	10	9	9	9	9	9	9	9	8	8	8	7	7	7	7	6	6	6	6	6	6	6	6	6	6	6	6	6	6	6	6	6	5	5	5	5	5	5	5	5	5	5	5	5	5	5	5	5	4	4	4	4	4	4	4	4	4	4	4	4	4	4	4	4	4	4	4	4	4	4	4	3	3	3	3	3	3	3	3	3	3	3	3	3	3	3	3	3	3	3	3	3	3	3	3	3	3	3	3	3	3	3	3	3	3	3	3	3	3	3	3	2	2	2	2	2	2	2	2	2	2	2	2	2	2	2	2	2	2	2	2	2	2	2	2	2	2	2	2	2	2	2	2	2	2	2	2	2	2	2	2	2	2	2	2	2	2	2	2	2	2	2	2	2	2	2	2	2	2	2	2	2	2	2	2	2	2	2	2	2	2	2	2	2	2	2	2	2	2	2	2	1	1	1	1	1	1	1	1	1	1	1	1	1	1	1	1	1	1	1	1	1	1	1	1	1	1	1	1	1	1	1	1	1	1	1	1	1	1	1	1	1	1	1	1	1	1	1	1	1	1	1	1	1	1	1	1	1	1	1	1	1	1	1	1	1	1	1	1	1	1	1	1	1	1	1	1	1	1	1	1	1	1	1	1	1	1	1	1	1	1	1	1	1	1	1	1	1	1	1	1	1	1	1	1	1	1	1	1	1	1	1	1	1	1	1	1	1	1	1	1	1	1	1	1	1	1	1	1	1	1	1	1	1	1	1	1	1	1	1	1	1	1	1	1	1	1	1	1	1	1	1	1	1	1	1	1	1	1	1	1	1	1	1	1	1	1	1	1	1	1	1	1	1	1	1	1	1	1	1	1	1	1	1	1	1	1	1	1	1	1	1	1	1	1	1	1	1	1	1	1	1	1	1	1	1	1	1	1	1	1	
177	73	66	65	57	53	38	37	36	34	34	34	30	28	27	26	25	25	19	18	17	17	15	15	15	14	14	14	13	12	12	12	11	11	11	11	10	10	10	10	10	9	8	8	7	7	7	7	7	7	6	6	6	6	6	6	6	6	5	5	5	5	5	5	5	5	5	5	4	4	4	4	4	4	4	4	4	4	4	4	4	4	3	3	3	3	3	3	3	3	3	3	3	3	3	3	3	3	3	3	3	3	2	2	2	2	2	2	2	2	2	2	2	2	2	2	2	2	2	2	2	2	2	2	2	2	2	2	2	2	2	2	2	2	2	2	2	2	2	2	2	2	2	2	1	1	1	1	1	1	1	1	1	1	1	1	1	1	1	1	1	1	1	1	1	1	1	1	1	1	1	1	1	1	1	1	1	1	1	1	1	1	1	1	1	1	1	1	1	1	1	1	1	1	1	1	1	1	1	1	1	1	1	1	1	1	1	1	1	1	1	1	1	1	1	1	1	1	1	1	1	1	1	1	1	1	1	1	1	1	1	1	1	1	1	1	1	1	1	1	1	1	1	1	1	1	1	1	1	1	1	1	1	1	1	1	1	1	1	1	1	1	1	1	1	1	1	1	1	1	1	1	1	1	1	1	1	1	1	1	1	1	1	1	1	1	1	1	1	
451	363	156	109	89	66	61	20	18	16	15	14	12	11	9	9	9	8	8	7	7	7	7	7	6	6	5	5	5	5	5	4	4	4	3	3	3	3	3	3	3	2	2	2	2	2	2	2	2	2	2	2	2	2	2	2	2	2	2	2	1	1	1	1	1	1	1	1	1	1	1	1	1	1	1	1	1	1	1	1	1	1	1	1	1	1	1	1	1	1	1	1	1	1	1	1	1	1	1	1	1	1	1	1	1	1	1	1	1	1	1	1	
197	47	29	25	24	23	21	19	18	17	16	16	15	15	14	13	13	12	12	12	12	11	11	10	10	10	10	9	9	9	9	9	8	8	8	8	8	7	7	7	7	7	6	6	6	6	6	6	6	5	5	5	5	5	5	5	5	5	5	5	5	5	5	5	5	5	5	5	5	5	5	5	5	5	5	5	5	5	5	5	5	5	5	4	4	4	4	4	4	4	4	4	4	4	4	4	4	4	4	4	4	4	4	4	4	3	3	3	3	3	3	3	3	3	3	3	3	3	3	3	3	3	3	3	3	3	3	3	3	3	3	3	3	3	3	2	2	2	2	2	2	2	2	2	2	2	2	2	2	2	2	2	2	2	2	2	2	2	2	2	2	2	2	2	2	2	2	2	2	2	2	2	2	2	2	2	2	2	2	2	2	2	2	2	2	2	2	2	2	2	2	2	2	2	2	2	2	2	2	2	2	2	2	2	2	2	2	2	2	1	1	1	1	1	1	1	1	1	1	1	1	1	1	1	1	1	1	1	1	1	1	1	1	1	1	1	1	1	1	1	1	1	1	1	1	1	1	1	1	1	1	1	1	1	1	1	1	1	1	1	1	1	1	1	1	1	1	1	1	1	1	1	1	1	1	1	1	1	1	1	1	1	1	1	1	1	1	1	1	1	1	1	1	1	1	1	1	1	1	1	1	1	1	1	1	1	1	1	1	1	1	1	1	1	1	1	1	1	1	1	1	1	1	1	1	1	1	1	1	1	1	1	1	1	1	1	1	1	1	1	1	1	1	1	1	1	1	1	1	1	1	1	1	1	1	1	1	1	1	1	1	1	1	1	1	1	1	1	1	1	1	1	1	1	1	1	1	1	1	1	1	1	1	1	1	1	1	1	1	1	1	1	1	1	1	1	1	1	1	1	1	1	1	1	1	1	1	1	1	1	1	1	1	1	1	1	1	1	1	1	1	1	1	1	1	1	1	1	
99	72	49	38	34	34	32	27	25	21	20	19	19	17	16	15	15	14	14	13	13	13	13	13	12	12	12	12	12	11	10	10	9	9	9	9	9	9	8	8	8	8	7	7	7	7	6	6	6	6	6	6	6	5	5	5	5	5	5	5	5	5	4	4	4	4	4	4	4	4	4	4	4	4	4	3	3	3	3	3	3	3	3	3	3	3	3	3	3	3	3	3	3	3	3	3	3	2	2	2	2	2	2	2	2	2	2	2	2	2	2	2	2	2	2	2	2	2	2	2	2	2	2	2	2	2	2	2	2	2	2	2	2	2	2	2	2	2	2	2	2	2	2	2	2	2	1	1	1	1	1	1	1	1	1	1	1	1	1	1	1	1	1	1	1	1	1	1	1	1	1	1	1	1	1	1	1	1	1	1	1	1	1	1	1	1	1	1	1	1	1	1	1	1	1	1	1	1	1	1	1	1	1	1	1	1	1	1	1	1	1	1	1	1	1	1	1	1	1	1	1	1	1	1	1	1	1	1	1	1	1	1	1	1	1	1	1	1	1	1	1	1	1	1	1	1	1	1	1	1	1	1	1	1	1	1	1	1	1	1	1	1	1	1	1	1	1	
854	13	3	3	2	2	1	1	1	1	1	1	1	1	1	1	1	1	1	1	
213	27	21	19	18	14	14	12	12	11	9	9	8	8	8	8	7	7	7	6	6	6	5	5	5	5	5	5	5	5	5	4	3	3	3	3	3	3	3	3	3	3	3	3	3	3	3	2	2	2	2	2	2	2	2	2	2	2	2	2	2	2	2	2	2	2	2	2	2	2	2	2	2	2	2	2	2	2	2	1	1	1	1	1	1	1	1	1	1	1	1	1	1	1	1	1	1	1	1	1	1	1	1	1	1	1	1	1	1	1	1	1	1	1	1	1	1	1	1	1	1	1	1	1	1	1	1	1	1	1	1	1	1	1	1	1	1	1	1	1	1	1	1	1	1	1	1	1	1	1	1	1	1	1	1	1	1	1	1	1	1	1	1	1	1	1	1	1	1	1	1	1	1	1	1	1	1	1	1	1	1	1	1	1	1	1	1	1	1	1	1	1	1	1	1	1	1	1	1	1	
36	28	23	23	21	16	12	11	11	9	9	7	7	7	7	5	5	5	5	5	5	5	4	4	4	4	4	4	4	4	4	4	3	3	3	3	3	3	3	3	3	3	3	3	3	3	3	3	3	3	3	3	3	3	3	3	3	3	3	3	2	2	2	2	2	2	2	2	2	2	2	2	2	2	2	2	2	2	2	2	2	2	2	2	2	2	2	2	2	2	2	2	2	2	2	2	2	2	2	2	2	2	2	2	1	1	1	1	1	1	1	1	1	1	1	1	1	1	1	1	1	1	1	1	1	1	1	1	1	1	1	1	1	1	1	1	1	1	1	1	1	1	1	1	1	1	1	1	1	1	1	1	1	1	1	1	1	1	1	1	1	1	1	1	1	1	1	1	1	1	1	1	1	1	1	1	1	1	1	1	1	1	1	1	1	1	1	1	1	1	1	1	1	1	1	1	1	1	1	1	1	1	1	1	1	1	1	1	1	1	1	1	1	1	1	1	1	1	1	1	1	1	1	1	1	1	1	1	1	1	
137	76	60	38	29	12	4	4	4	4	4	3	2	2	2	2	1	1	1	1	1	1	1	1	1	1	1	1	1	1	1	
148	30	25	20	18	17	16	13	12	11	11	7	6	6	5	5	3	3	3	3	3	2	2	2	2	2	2	1	1	1	1	1	1	1	1	1	1	1	1	1	1	1	1	1	1	1	
32	24	20	19	14	14	9	8	8	7	6	6	5	5	5	5	5	5	5	5	4	4	4	4	4	4	4	3	3	3	3	3	3	3	3	3	3	3	3	2	2	2	2	2	2	2	2	2	2	2	2	2	2	1	1	1	1	1	1	1	1	1	1	1	1	1	1	1	1	1	1	1	1	1	1	1	1	1	1	1	1	1	1	1	1	1	1	1	1	1	1	1	1	1	1	1	1	1	1	1	1	1	1	1	1	1	1	
83	11	8	8	7	7	6	4	4	4	4	4	4	3	3	3	3	3	3	3	3	2	2	2	2	2	2	2	2	2	2	2	2	2	2	2	2	1	1	1	1	1	1	1	1	1	1	1	1	1	1	1	1	1	1	1	1	1	1	1	1	1	1	1	1	1	1	1	1	1	1	1	1	1	1	1	1	1	1	1	1	1	1	1	1	1	1	1	1	1	1	1	1	1	1	1	1	1	1	1	1	1	1	1	1	1	1	1	1	1	1	1	1	1	1	1	1	1	1	1	1	1	1	1	1	1	1	1	1	1	1	
111	27	24	21	16	10	8	6	6	5	4	3	3	2	2	2	2	1	1	1	1	1	1	1	1	1	1	1	1	1	1	1	1	1	1	1	
21	17	12	9	8	7	6	6	5	5	4	4	4	4	4	3	3	3	3	3	3	3	3	3	3	3	2	2	2	2	2	2	2	2	2	2	2	2	2	2	2	2	2	2	2	2	2	2	1	1	1	1	1	1	1	1	1	1	1	1	1	1	1	1	1	1	1	1	1	1	1	1	1	1	1	1	1	1	1	1	1	1	1	1	1	1	1	1	1	1	1	1	1	1	1	1	1	1	1	1	1	1	1	1	1	1	1	1	
28	17	14	10	9	7	7	7	6	6	5	5	5	4	4	4	3	3	3	3	3	3	2	2	2	2	2	2	2	2	2	2	2	2	1	1	1	1	1	1	1	1	1	1	1	1	1	1	1	1	1	1	1	1	1	1	1	1	1	1	1	1	1	1	1	1	1	1	1	1	1	1	1	1	1	1	1	1	1	1	1	1	1	1	1	1	1	1	1	1	1	1	1	1	1	1	1	1	1	1	1	
34	32	23	11	9	6	6	5	5	5	5	4	4	4	3	3	3	3	2	2	1	1	1	1	1	1	1	1	1	1	1	1	1	1	1	1	1	1	
16	8	6	5	5	4	4	4	4	4	4	3	3	3	2	2	2	2	2	2	2	2	2	2	2	2	2	2	2	2	2	1	1	1	1	1	1	1	1	1	1	1	1	1	1	1	1	1	1	1	1	1	1	1	1	1	1	1	1	1	1	1	1	1	1	1	1	1	1	1	1	1	1	1	1	1	1	1	1	1	1	1	1	1	1	1	1	1	1	1	1	1	1	1	1	1	1	1	1	1	1	1	1	1	1	1	1	1	1	1	1	
31	17	15	9	7	5	4	4	3	3	3	3	3	3	3	3	3	3	2	2	2	2	2	2	2	2	2	1	1	1	1	1	1	1	1	1	1	1	1	1	1	1	1	1	1	1	1	1	1	1	1	1	1	1	1	1	1	1	1	1	1	1	1	1	1	1	1	1	1	1	1	
17	17	9	8	7	6	6	4	4	3	3	3	3	3	3	3	3	2	2	2	2	2	2	2	2	2	2	2	2	2	2	2	2	2	1	1	1	1	1	1	1	1	1	1	1	1	1	1	1	1	1	1	1	1	1	1	1	1	1	1	1	1	1	1	1	1	1	1	1	1	1	1	1	1	1	1	1	1	1	1	
68	68	14	10	7	3	3	1	1	1	1	1	1	1	1	
101	20	13	5	5	3	2	2	2	2	2	1	1	1	1	1	1	1	1	1	
19	16	12	10	8	5	4	4	4	3	3	3	3	3	3	3	3	2	2	2	2	2	2	2	2	2	1	1	1	1	1	1	1	1	1	1	1	1	1	1	1	1	1	1	1	1	1	1	1	1	1	1	1	1	1	1	1	1	1	1	1	1	1	1	1	1	1	1	
97	6	4	4	3	3	3	3	2	2	2	2	2	2	1	1	1	1	1	1	1	1	1	1	1	1	1	1	1	1	1	1	1	1	1	1	1	1	1	1	1	1	1	1	1	
15	12	11	8	8	7	6	5	5	4	4	4	4	2	2	2	2	2	2	2	2	2	2	2	2	2	2	2	1	1	1	1	1	1	1	1	1	1	1	1	1	1	1	1	1	1	1	1	1	1	1	1	1	1	1	1	1	1	1	1	1	1	1	1	1	1	1	1	1	1	
27	5	5	5	4	4	3	3	3	3	3	3	3	2	2	2	2	2	2	1	1	1	1	1	1	1	1	1	1	1	1	1	1	1	1	1	1	1	1	1	1	1	1	1	1	1	1	1	1	1	1	1	1	1	1	1	1	1	1	1	1	1	1	1	1	1	1	1	1	1	1	1	1	1	1	1	1	
63	9	4	4	3	3	2	2	2	2	2	2	2	2	2	1	1	1	1	1	1	1	1	1	1	1	1	1	1	1	1	1	1	1	1	1	1	1	1	1	1	1	1	1	1	1	1	1	1	1	1	1	
26	13	12	7	5	5	4	3	3	3	2	2	2	2	2	2	2	1	1	1	1	1	1	1	1	1	1	1	1	1	1	1	1	1	1	1	1	1	1	1	1	1	1	1	1	1	1	1	1	1	1	1	1	1	1	1	1	1	1	1	1	
8	7	5	5	4	4	3	3	3	2	2	2	2	2	2	2	2	2	2	2	2	2	2	2	2	2	1	1	1	1	1	1	1	1	1	1	1	1	1	1	1	1	1	1	1	1	1	1	1	1	1	1	1	1	1	1	1	1	1	1	1	1	1	1	1	1	1	1	1	1	1	1	1	1	1	1	1	1	1	1	1	1	1	1	1	1	1	1	
46	26	4	4	4	3	2	2	2	2	2	2	2	2	2	1	1	1	1	1	1	1	1	1	1	1	1	1	1	1	1	1	1	1	1	1	1	1	1	1	1	1	1	1	1	1	1	
23	21	14	12	11	8	6	5	5	5	3	3	2	2	2	1	1	1	1	1	1	1	1	1	1	1	1	1	1	
57	9	5	5	4	3	3	2	2	2	2	2	2	2	1	1	1	1	1	1	1	1	1	1	1	1	1	1	1	1	1	1	1	1	1	1	1	1	1	1	1	1	1	1	1	1	1	1	
67	6	5	4	4	3	3	3	3	2	2	2	2	2	2	2	1	1	1	1	1	1	1	1	1	1	1	1	1	1	1	1	1	
12	8	7	7	7	5	5	3	3	3	3	2	2	2	2	2	2	2	1	1	1	1	1	1	1	1	1	1	1	1	1	1	1	1	1	1	1	1	1	1	1	1	1	1	1	1	1	1	1	1	1	1	1	1	1	1	1	1	1	1	1	1	1	1	1	1	1	
53	15	12	9	8	7	5	3	2	2	2	2	1	1	1	1	1	1	
84	4	3	2	2	2	2	2	2	2	1	1	1	1	1	1	1	1	1	1	1	1	1	1	1	1	1	1	1	
19	15	10	6	4	4	3	2	2	2	2	2	2	2	2	1	1	1	1	1	1	1	1	1	1	1	1	1	1	1	1	1	1	1	1	1	1	1	1	1	1	1	1	1	1	1	1	1	1	1	1	1	1	1	1	1	1	1	1	1	1	
22	14	6	6	6	5	5	4	4	3	3	3	3	2	2	2	2	2	2	2	2	2	1	1	1	1	1	1	1	1	1	1	1	1	1	1	1	1	1	1	1	1	1	
43	17	14	14	5	3	3	3	3	2	2	1	1	1	1	1	1	1	1	1	
14	12	10	7	6	6	5	5	4	3	3	3	3	3	2	2	2	2	2	2	1	1	1	1	1	1	1	1	1	1	1	1	1	1	1	1	1	1	1	1	1	
8	7	5	4	4	4	3	3	3	2	2	2	2	2	2	2	2	2	2	2	2	2	2	2	2	1	1	1	1	1	1	1	1	1	1	1	1	1	1	1	1	1	1	1	1	1	1	1	1	1	1	1	1	1	1	1	1	1	1	1	1	1	1	1	1	
64	26	8	4	2	2	2	1	1	1	
93	7	1	1	1	1	1	1	1	1	
23	15	13	12	8	4	4	3	2	2	2	1	1	1	1	1	1	1	1	1	1	1	1	1	1	1	1	1	1	1	
12	9	9	7	7	5	5	5	5	4	4	4	3	3	2	2	2	2	2	2	2	2	1	1	1	1	1	1	1	1	1	
29	7	6	5	4	4	3	3	3	3	3	3	2	2	2	1	1	1	1	1	1	1	1	1	1	1	1	1	1	1	1	1	1	1	1	1	1	1	1	1	1	1	1	
29	7	4	4	3	3	3	3	2	2	2	2	2	2	2	2	2	2	1	1	1	1	1	1	1	1	1	1	1	1	1	1	1	1	1	1	1	1	1	1	1	1	1	1	1	1	1	1	
72	4	4	3	2	2	2	1	1	1	1	1	1	1	1	1	1	1	1	1	1	1	1	1	
27	12	6	6	4	4	4	4	3	2	2	2	2	2	2	1	1	1	1	1	1	1	1	1	1	1	1	1	1	1	1	1	1	1	1	1	1	1	
82	3	3	3	3	1	1	1	1	1	1	1	1	1	1	
22	10	8	8	7	6	4	4	3	3	2	2	2	2	1	1	1	1	1	1	1	1	1	1	1	1	1	1	1	1	
20	15	15	10	5	5	3	3	3	3	2	2	2	2	2	1	1	1	1	1	1	
45	6	4	3	3	2	2	2	2	1	1	1	1	1	1	1	1	1	1	1	1	1	1	1	1	1	1	1	1	1	1	1	1	1	1	1	1	1	
17	17	14	8	7	7	7	5	3	3	3	2	1	1	1	1	1	
11	8	7	5	5	5	4	4	3	3	3	2	2	2	2	2	1	1	1	1	1	1	1	1	1	1	1	1	1	1	1	1	1	1	1	1	1	1	1	1	
29	5	5	4	4	4	3	3	2	2	2	1	1	1	1	1	1	1	1	1	1	1	1	1	1	1	1	1	1	1	1	1	1	1	1	1	1	1	1	1	
7	6	4	3	3	3	3	3	2	2	2	2	2	2	2	2	2	1	1	1	1	1	1	1	1	1	1	1	1	1	1	1	1	1	1	1	1	1	1	1	1	1	1	1	1	1	1	1	1	1	1	1	1	1	1	1	
18	11	5	5	5	3	3	3	3	3	3	3	2	2	2	2	2	1	1	1	1	1	1	1	1	1	1	1	1	1	1	
33	7	5	3	2	2	2	2	2	2	2	1	1	1	1	1	1	1	1	1	1	1	1	1	1	1	1	1	1	1	1	1	1	1	1	1	
7	4	3	3	2	2	2	2	2	2	2	1	1	1	1	1	1	1	1	1	1	1	1	1	1	1	1	1	1	1	1	1	1	1	1	1	1	1	1	1	1	1	1	1	1	1	1	1	1	1	1	1	1	1	1	1	1	1	1	1	1	1	1	1	1	1	1	
19	5	3	3	2	2	2	2	2	2	2	2	2	2	2	1	1	1	1	1	1	1	1	1	1	1	1	1	1	1	1	1	1	1	1	1	1	1	1	1	1	1	1	1	1	1	1	1	
7	7	6	4	3	3	2	2	2	2	2	1	1	1	1	1	1	1	1	1	1	1	1	1	1	1	1	1	1	1	1	1	1	1	1	1	1	1	1	1	1	1	1	1	1	1	1	1	1	1	1	1	1	1	1	1	
26	12	8	8	4	4	3	3	2	2	1	1	1	1	1	1	1	1	1	1	1	
12	5	3	3	3	3	3	2	2	2	2	2	2	2	2	2	2	2	2	2	2	1	1	1	1	1	1	1	1	1	1	1	1	1	1	1	1	1	1	1	1	1	1	
50	25	3	1	1	
13	8	5	5	4	4	3	3	3	3	3	2	2	2	2	2	2	1	1	1	1	1	1	1	1	1	1	1	1	1	1	
24	13	13	11	3	3	2	2	1	1	1	1	1	1	1	1	1	
9	6	5	5	4	4	3	3	2	2	2	2	2	1	1	1	1	1	1	1	1	1	1	1	1	1	1	1	1	1	1	1	1	1	1	1	1	1	1	1	1	1	1	
34	6	5	3	3	3	2	2	2	2	2	1	1	1	1	1	1	1	1	1	1	1	1	1	1	
17	8	8	3	3	2	2	2	2	2	2	1	1	1	1	1	1	1	1	1	1	1	1	1	1	1	1	1	1	1	1	1	1	1	1	
23	5	4	3	3	3	3	3	2	2	2	2	2	1	1	1	1	1	1	1	1	1	1	1	1	1	1	1	1	1	
10	8	8	6	6	4	4	3	3	3	3	2	2	1	1	1	1	1	1	1	1	1	1	1	
50	7	4	2	2	2	1	1	1	1	1	1	
6	5	4	4	3	3	3	3	2	2	2	2	2	1	1	1	1	1	1	1	1	1	1	1	1	1	1	1	1	1	1	1	1	1	1	1	1	1	1	1	1	1	1	1	
11	9	6	6	6	5	5	4	3	3	2	1	1	1	1	1	1	1	1	1	1	1	1	
29	9	5	4	3	3	3	2	1	1	1	1	1	1	1	1	1	1	1	1	1	
19	8	4	4	4	3	3	3	3	2	2	2	2	1	1	1	1	1	1	1	1	1	1	1	
15	14	9	6	4	4	4	3	3	2	1	1	1	1	1	
18	11	4	3	3	3	3	2	2	2	1	1	1	1	1	1	1	1	1	1	1	1	1	1	1	1	1	
29	5	1	1	1	1	1	1	1	1	1	1	1	1	1	1	1	1	1	1	1	1	1	1	1	1	1	1	1	1	1	1	1	1	1	
33	8	2	2	2	1	1	1	1	1	1	1	1	1	1	1	1	1	1	1	1	1	1	1	
8	3	3	2	2	2	2	2	2	2	1	1	1	1	1	1	1	1	1	1	1	1	1	1	1	1	1	1	1	1	1	1	1	1	1	1	1	1	1	1	1	1	1	1	1	1	1	1	
10	10	8	7	5	4	3	3	3	2	2	1	1	1	1	1	1	1	1	
29	9	8	2	2	2	1	1	1	1	1	1	1	1	1	1	1	1	
27	6	4	3	2	2	1	1	1	1	1	1	1	1	1	1	1	1	1	1	1	1	1	1	1	1	
44	3	2	1	1	1	1	1	1	1	1	1	1	1	1	1	1	1	
18	5	4	3	3	2	2	2	2	1	1	1	1	1	1	1	1	1	1	1	1	1	1	1	1	1	1	1	1	1	1	1	
21	6	6	5	3	3	2	2	2	1	1	1	1	1	1	1	1	1	1	1	1	
18	5	4	4	4	4	2	2	2	2	2	2	1	1	1	1	1	1	1	1	1	1	1	
32	5	3	3	2	2	1	1	1	1	1	1	1	1	1	1	1	1	1	
36	7	3	3	2	2	2	1	1	1	1	1	
28	10	4	3	3	2	2	2	1	1	1	1	1	
9	7	6	4	3	3	3	3	3	2	2	2	2	1	1	1	1	1	1	1	1	1	1	
59	
15	9	7	7	5	5	2	1	1	1	1	1	1	1	1	1	
5	5	4	2	2	2	2	2	2	2	2	2	2	2	2	2	1	1	1	1	1	1	1	1	1	1	1	1	1	1	1	1	1	1	
21	12	3	2	2	2	2	1	1	1	1	1	1	1	1	1	1	1	1	1	1	
6	4	3	3	3	3	2	2	2	2	2	2	2	1	1	1	1	1	1	1	1	1	1	1	1	1	1	1	1	1	1	1	1	1	
20	5	3	2	2	2	2	2	1	1	1	1	1	1	1	1	1	1	1	1	1	1	1	1	1	1	1	
34	7	2	2	2	1	1	1	1	1	1	1	1	1	1	
27	7	6	4	2	2	2	2	1	1	1	1	1	
26	14	5	5	2	1	1	1	1	
16	12	5	4	4	2	2	1	1	1	1	1	1	1	1	1	1	1	
5	3	3	2	2	2	2	2	2	2	2	2	1	1	1	1	1	1	1	1	1	1	1	1	1	1	1	1	1	1	1	1	1	1	1	1	1	1	1	
4	3	3	3	3	2	2	2	2	2	2	2	1	1	1	1	1	1	1	1	1	1	1	1	1	1	1	1	1	1	1	1	1	1	1	1	1	
49	1	1	1	1	1	1	
4	3	3	3	3	3	3	3	2	2	2	2	2	2	2	2	1	1	1	1	1	1	1	1	1	1	1	1	1	1	
12	8	7	5	3	3	3	2	2	1	1	1	1	1	1	1	1	1	
8	6	6	5	5	4	3	3	2	2	1	1	1	1	1	1	1	1	1	1	
5	4	4	4	3	3	3	2	2	2	2	2	2	2	1	1	1	1	1	1	1	1	1	1	1	1	1	
17	12	6	3	2	2	1	1	1	1	1	1	1	1	1	1	
22	5	4	3	2	2	1	1	1	1	1	1	1	1	1	1	1	1	1	1	
22	4	3	2	2	2	2	1	1	1	1	1	1	1	1	1	1	1	1	1	1	1	
5	3	2	2	2	2	1	1	1	1	1	1	1	1	1	1	1	1	1	1	1	1	1	1	1	1	1	1	1	1	1	1	1	1	1	1	1	1	1	1	1	
15	6	4	3	3	2	2	2	2	1	1	1	1	1	1	1	1	1	1	1	1	
23	12	4	2	2	2	1	1	1	1	1	1	
5	4	4	3	3	3	2	2	2	1	1	1	1	1	1	1	1	1	1	1	1	1	1	1	1	1	1	1	1	1	1	1	
12	7	6	5	4	3	3	2	1	1	1	1	1	1	1	1	
12	4	4	4	3	3	3	2	2	1	1	1	1	1	1	1	1	1	1	1	1	1	
12	9	9	3	2	2	2	2	1	1	1	1	1	1	1	1	1	
11	9	4	4	4	4	4	2	1	1	1	1	1	1	1	1	
28	12	3	2	2	1	1	1	
17	7	3	3	2	2	2	1	1	1	1	1	1	1	1	1	1	1	1	1	1	
13	8	8	3	2	2	2	2	1	1	1	1	1	1	1	1	1	
12	10	8	5	3	2	2	2	1	1	1	1	1	
20	6	3	2	2	2	2	1	1	1	1	1	1	1	1	1	1	1	1	
30	16	1	1	1	
4	4	3	3	3	2	2	2	2	2	2	2	2	2	1	1	1	1	1	1	1	1	1	1	1	1	1	1	
16	6	5	2	2	2	1	1	1	1	1	1	1	1	1	1	1	1	1	1	1	
11	6	6	5	3	3	2	2	2	2	1	1	1	1	1	1	
27	7	2	2	1	1	1	1	1	1	1	1	1	
10	8	5	4	2	2	2	2	2	1	1	1	1	1	1	1	1	1	1	
14	4	3	3	3	2	2	2	1	1	1	1	1	1	1	1	1	1	1	1	1	1	
34	3	3	2	1	1	1	1	1	
21	10	4	2	2	2	1	1	1	1	1	1	
9	7	6	5	4	4	3	2	2	2	1	1	
10	9	7	4	3	2	2	2	1	1	1	1	1	1	1	
24	7	2	2	2	2	2	1	1	1	1	1	
10	5	4	4	2	2	2	1	1	1	1	1	1	1	1	1	1	1	1	1	1	1	1	
20	7	3	2	1	1	1	1	1	1	1	1	1	1	1	1	1	
14	8	6	5	3	2	1	1	1	1	1	1	
5	4	3	3	2	2	2	2	2	2	2	1	1	1	1	1	1	1	1	1	1	1	1	1	1	1	
9	7	6	4	3	2	2	2	1	1	1	1	1	1	1	1	
23	7	3	2	2	2	1	1	1	1	
20	4	4	2	2	2	1	1	1	1	1	1	1	1	1	
18	3	3	2	2	2	2	1	1	1	1	1	1	1	1	1	1	1	
24	9	4	2	1	1	1	1	
15	11	4	3	2	2	2	1	1	1	
7	7	5	4	3	3	3	2	2	1	1	1	1	1	1	
9	5	4	3	3	2	2	2	1	1	1	1	1	1	1	1	1	1	1	1	
12	2	2	2	2	2	1	1	1	1	1	1	1	1	1	1	1	1	1	1	1	1	1	1	1	1	
41	
11	4	3	3	2	2	1	1	1	1	1	1	1	1	1	1	1	1	1	1	1	1	
10	4	3	2	2	2	2	1	1	1	1	1	1	1	1	1	1	1	1	1	1	1	
8	7	5	3	2	2	2	1	1	1	1	1	1	1	1	1	1	1	
10	6	4	4	4	3	2	2	1	1	1	1	1	
13	3	3	2	2	2	2	2	1	1	1	1	1	1	1	1	1	1	1	
20	4	4	2	2	2	2	1	1	1	1	
15	15	3	3	2	1	1	
7	2	2	2	1	1	1	1	1	1	1	1	1	1	1	1	1	1	1	1	1	1	1	1	1	1	1	1	1	1	1	
3	3	3	2	2	2	2	2	2	2	2	1	1	1	1	1	1	1	1	1	1	1	1	1	1	1	
10	7	5	4	2	1	1	1	1	1	1	1	1	1	1	1	
21	5	3	2	1	1	1	1	1	1	1	1	
10	4	4	4	4	4	3	2	2	1	1	
12	5	4	3	2	2	2	1	1	1	1	1	1	1	1	1	
16	15	7	
16	5	3	2	2	1	1	1	1	1	1	1	1	1	1	
18	13	3	1	1	1	1	
23	3	2	1	1	1	1	1	1	1	1	1	1	
4	3	3	3	2	2	2	1	1	1	1	1	1	1	1	1	1	1	1	1	1	1	1	1	1	1	
29	4	2	1	1	1	
32	2	2	1	1	
7	6	4	3	3	3	2	2	2	1	1	1	1	1	
15	9	3	2	2	1	1	1	1	1	1	
9	5	4	4	3	3	2	2	1	1	1	1	1	
16	5	4	4	1	1	1	1	1	1	1	1	
15	4	3	2	2	2	1	1	1	1	1	1	1	1	1	
8	5	4	3	2	2	2	1	1	1	1	1	1	1	1	1	1	1	
15	3	3	2	2	1	1	1	1	1	1	1	1	1	1	1	1	
27	2	2	2	1	1	1	1	
14	5	2	2	2	2	2	1	1	1	1	1	1	1	1	
36	
28	3	1	1	1	1	1	
11	5	4	4	2	2	1	1	1	1	1	1	1	1	
9	7	5	5	3	2	1	1	1	1	1	
10	8	6	3	1	1	1	1	1	1	1	1	1	
12	7	3	2	2	2	1	1	1	1	1	1	1	1	
11	8	3	3	3	2	2	1	1	1	1	
12	9	8	1	1	1	1	1	1	
17	3	3	2	2	2	1	1	1	1	1	1	
4	3	2	2	1	1	1	1	1	1	1	1	1	1	1	1	1	1	1	1	1	1	1	1	1	1	1	1	
8	4	4	4	3	3	2	2	2	1	1	1	
6	5	4	3	3	3	2	1	1	1	1	1	1	1	1	1	
9	6	2	2	2	1	1	1	1	1	1	1	1	1	1	1	1	1	1	
3	3	2	2	1	1	1	1	1	1	1	1	1	1	1	1	1	1	1	1	1	1	1	1	1	1	1	1	1	
13	4	3	2	1	1	1	1	1	1	1	1	1	1	1	1	
10	4	3	3	3	2	2	2	2	1	1	1	
12	2	2	1	1	1	1	1	1	1	1	1	1	1	1	1	1	1	1	1	1	
28	2	2	1	1	
8	6	4	1	1	1	1	1	1	1	1	1	1	1	1	1	1	1	1	
4	3	3	3	2	1	1	1	1	1	1	1	1	1	1	1	1	1	1	1	1	1	1	1	
14	9	6	2	1	1	1	
4	2	2	2	1	1	1	1	1	1	1	1	1	1	1	1	1	1	1	1	1	1	1	1	1	1	1	
15	4	2	1	1	1	1	1	1	1	1	1	1	1	1	
29	2	1	1	
12	6	4	3	2	2	1	1	1	1	
2	2	2	2	2	2	2	2	1	1	1	1	1	1	1	1	1	1	1	1	1	1	1	1	1	
7	4	3	3	2	2	2	1	1	1	1	1	1	1	1	1	
10	3	2	1	1	1	1	1	1	1	1	1	1	1	1	1	1	1	1	1	
22	1	1	1	1	1	1	1	1	1	1	
10	8	3	2	2	2	1	1	1	1	1	
12	4	3	2	2	2	1	1	1	1	1	1	1	
2	2	2	2	2	2	1	1	1	1	1	1	1	1	1	1	1	1	1	1	1	1	1	1	1	1	
3	3	3	2	2	1	1	1	1	1	1	1	1	1	1	1	1	1	1	1	1	1	1	1	
14	2	2	2	2	1	1	1	1	1	1	1	1	1	
3	3	2	2	2	2	1	1	1	1	1	1	1	1	1	1	1	1	1	1	1	1	1	
20	2	1	1	1	1	1	1	1	1	1	
6	2	2	1	1	1	1	1	1	1	1	1	1	1	1	1	1	1	1	1	1	1	1	1	
7	5	3	3	1	1	1	1	1	1	1	1	1	1	1	1	1	
7	4	4	3	3	2	1	1	1	1	1	1	1	
21	3	2	1	1	1	1	
8	7	2	2	2	2	1	1	1	1	1	1	1	
4	4	3	3	2	2	1	1	1	1	1	1	1	1	1	1	1	1	
5	3	2	2	2	2	2	1	1	1	1	1	1	1	1	1	1	1	1	
20	5	1	1	1	1	1	
8	5	3	2	2	2	1	1	1	1	1	1	1	1	
8	6	5	2	2	1	1	1	1	1	1	1	
15	3	2	1	1	1	1	1	1	1	1	1	1	
8	3	3	2	2	2	1	1	1	1	1	1	1	1	1	1	
6	4	1	1	1	1	1	1	1	1	1	1	1	1	1	1	1	1	1	1	1	
14	5	1	1	1	1	1	1	1	1	1	1	
5	3	2	2	2	1	1	1	1	1	1	1	1	1	1	1	1	1	1	1	
14	2	2	1	1	1	1	1	1	1	1	1	1	1	
15	7	2	1	1	1	1	1	
2	2	2	2	2	2	2	1	1	1	1	1	1	1	1	1	1	1	1	1	1	1	
8	4	4	2	1	1	1	1	1	1	1	1	1	1	1	
18	5	2	2	1	1	
10	4	3	3	2	1	1	1	1	1	1	1	
8	7	6	3	1	1	1	1	1	
7	6	4	2	2	2	1	1	1	1	1	
13	2	2	2	1	1	1	1	1	1	1	1	1	
5	3	2	2	2	2	1	1	1	1	1	1	1	1	1	1	1	1	
11	5	3	3	3	2	1	
8	3	3	2	2	1	1	1	1	1	1	1	1	1	1	
19	2	2	2	1	1	1	
4	3	3	2	2	2	2	1	1	1	1	1	1	1	1	1	1	
8	4	3	2	2	2	1	1	1	1	1	1	1	
7	4	2	2	2	1	1	1	1	1	1	1	1	1	1	1	
4	2	2	2	2	1	1	1	1	1	1	1	1	1	1	1	1	1	1	1	1	
14	3	2	2	1	1	1	1	1	1	1	
11	9	2	1	1	1	1	1	1	
6	5	4	4	2	1	1	1	1	1	1	
6	6	2	2	2	1	1	1	1	1	1	1	1	1	
6	3	3	3	2	2	2	1	1	1	1	1	1	
5	3	2	2	2	2	1	1	1	1	1	1	1	1	1	1	1	
7	5	3	2	2	1	1	1	1	1	1	1	1	
3	3	2	2	2	2	2	1	1	1	1	1	1	1	1	1	1	1	
17	4	3	2	1	
4	3	3	2	2	2	2	1	1	1	1	1	1	1	1	1	
11	5	3	2	1	1	1	1	1	1	
5	4	3	3	2	2	2	2	1	1	1	1	
6	5	4	3	2	1	1	1	1	1	1	1	
3	2	2	2	2	2	2	1	1	1	1	1	1	1	1	1	1	1	1	
3	3	3	2	1	1	1	1	1	1	1	1	1	1	1	1	1	1	1	1	
10	4	4	3	2	1	1	1	1	
4	2	2	1	1	1	1	1	1	1	1	1	1	1	1	1	1	1	1	1	1	1	
6	3	3	3	2	1	1	1	1	1	1	1	1	1	1	
12	3	3	2	1	1	1	1	1	1	1	
17	3	2	1	1	1	1	
14	2	2	2	1	1	1	1	1	1	
9	2	2	2	2	1	1	1	1	1	1	1	1	1	
5	3	3	2	1	1	1	1	1	1	1	1	1	1	1	1	1	
18	1	1	1	1	1	1	1	1	
3	3	3	2	2	2	2	2	2	1	1	1	1	1	
12	8	4	1	1	
8	3	3	1	1	1	1	1	1	1	1	1	1	1	1	
21	2	2	1	
11	4	2	2	1	1	1	1	1	1	1	
5	5	4	3	2	2	1	1	1	1	1	
7	6	6	2	1	1	1	1	1	
13	2	2	1	1	1	1	1	1	1	1	1	
4	3	2	1	1	1	1	1	1	1	1	1	1	1	1	1	1	1	1	1	
5	4	4	2	2	2	1	1	1	1	1	1	1	
4	3	3	3	2	2	2	2	1	1	1	1	1	
25	1	
12	7	3	1	1	1	
13	2	2	2	1	1	1	1	1	1	
10	3	1	1	1	1	1	1	1	1	1	1	1	1	
4	4	2	2	1	1	1	1	1	1	1	1	1	1	1	1	1	
7	5	3	2	2	2	1	1	1	1	
3	2	2	2	2	2	1	1	1	1	1	1	1	1	1	1	1	1	
3	3	3	2	2	2	1	1	1	1	1	1	1	1	1	1	
10	2	2	1	1	1	1	1	1	1	1	1	1	1	
7	4	2	1	1	1	1	1	1	1	1	1	1	1	1	
9	3	3	2	1	1	1	1	1	1	1	1	
11	6	1	1	1	1	1	1	1	1	
7	6	3	3	2	1	1	1	1	
6	2	2	2	2	2	1	1	1	1	1	1	1	1	1	
15	2	1	1	1	1	1	1	1	1	
6	2	2	2	1	1	1	1	1	1	1	1	1	1	1	1	1	
5	2	2	2	1	1	1	1	1	1	1	1	1	1	1	1	1	1	
11	5	2	2	1	1	1	1	
19	2	1	1	1	
15	3	3	1	1	1	
8	5	2	1	1	1	1	1	1	1	1	1	
8	4	3	1	1	1	1	1	1	1	1	1	
11	2	1	1	1	1	1	1	1	1	1	1	1	
6	4	3	2	2	2	1	1	1	1	1	
2	2	2	2	1	1	1	1	1	1	1	1	1	1	1	1	1	1	1	1	
22	1	1	
5	4	2	2	2	2	2	1	1	1	1	1	
7	4	2	2	1	1	1	1	1	1	1	1	1	
8	6	3	1	1	1	1	1	1	1	
21	1	1	1	
15	2	2	1	1	1	1	1	
8	2	2	2	1	1	1	1	1	1	1	1	1	1	
7	4	2	2	2	1	1	1	1	1	1	1	
23	1	
14	7	1	1	1	
5	3	2	2	2	2	1	1	1	1	1	1	1	1	
14	4	2	1	1	1	1	
13	6	2	1	1	1	
11	1	1	1	1	1	1	1	1	1	1	1	1	
8	3	2	2	1	1	1	1	1	1	1	1	
6	5	4	1	1	1	1	1	1	1	1	
6	5	5	2	1	1	1	1	1	
4	3	3	2	2	2	1	1	1	1	1	1	1	
2	2	2	2	2	1	1	1	1	1	1	1	1	1	1	1	1	1	
2	2	2	2	1	1	1	1	1	1	1	1	1	1	1	1	1	1	1	
4	4	1	1	1	1	1	1	1	1	1	1	1	1	1	1	1	
3	2	2	1	1	1	1	1	1	1	1	1	1	1	1	1	1	1	1	
6	5	4	2	1	1	1	1	1	1	
5	4	2	2	1	1	1	1	1	1	1	1	1	1	
2	2	2	2	1	1	1	1	1	1	1	1	1	1	1	1	1	1	1	
12	7	4	
6	5	4	2	2	1	1	1	1	
10	7	2	2	1	1	
12	3	2	2	2	1	
6	4	2	2	2	2	2	1	1	
9	5	3	1	1	1	1	1	
4	3	2	2	1	1	1	1	1	1	1	1	1	1	1	
5	4	2	2	2	1	1	1	1	1	1	1	
14	1	1	1	1	1	1	1	1	
6	5	3	2	1	1	1	1	1	1	
11	2	2	1	1	1	1	1	1	1	
2	2	2	1	1	1	1	1	1	1	1	1	1	1	1	1	1	1	1	
7	4	3	2	2	1	1	1	1	
12	2	2	2	1	1	1	1	
3	2	2	2	2	1	1	1	1	1	1	1	1	1	1	1	
9	2	1	1	1	1	1	1	1	1	1	1	1	
9	4	4	3	1	1	
5	4	1	1	1	1	1	1	1	1	1	1	1	1	1	
7	4	4	3	1	1	1	1	
13	2	1	1	1	1	1	1	1	
17	1	1	1	1	
10	3	1	1	1	1	1	1	1	1	
15	1	1	1	1	1	1	
6	5	4	2	1	1	1	1	
13	2	1	1	1	1	1	1	
6	3	1	1	1	1	1	1	1	1	1	1	1	1	
11	2	1	1	1	1	1	1	1	1	
5	3	2	2	2	1	1	1	1	1	1	1	
2	2	2	2	2	1	1	1	1	1	1	1	1	1	1	1	
3	3	3	2	1	1	1	1	1	1	1	1	1	1	
5	3	2	1	1	1	1	1	1	1	1	1	1	1	
6	6	1	1	1	1	1	1	1	1	1	
4	2	1	1	1	1	1	1	1	1	1	1	1	1	1	1	1	
3	3	3	2	2	1	1	1	1	1	1	1	
9	5	1	1	1	1	1	1	
13	2	2	1	1	1	
15	2	1	1	1	
14	3	2	1	
9	2	2	2	1	1	1	1	1	
3	3	3	2	1	1	1	1	1	1	1	1	1	
7	3	1	1	1	1	1	1	1	1	1	1	
8	2	1	1	1	1	1	1	1	1	1	1	
6	4	3	2	2	1	1	1	
4	2	2	2	1	1	1	1	1	1	1	1	1	1	
3	3	2	1	1	1	1	1	1	1	1	1	1	1	1	
8	2	2	1	1	1	1	1	1	1	1	
15	1	1	1	1	1	
2	2	2	2	2	1	1	1	1	1	1	1	1	1	1	
12	4	2	2	
7	4	2	2	2	1	1	1	
3	2	1	1	1	1	1	1	1	1	1	1	1	1	1	1	1	
5	2	1	1	1	1	1	1	1	1	1	1	1	1	1	
7	3	2	1	1	1	1	1	1	1	
6	3	3	2	1	1	1	1	1	
13	4	1	1	
4	2	1	1	1	1	1	1	1	1	1	1	1	1	1	
4	3	2	2	2	1	1	1	1	1	1	
2	2	2	1	1	1	1	1	1	1	1	1	1	1	1	1	
8	3	2	2	2	1	1	
11	3	2	1	1	1	
9	3	2	2	1	1	1	
2	2	2	2	2	1	1	1	1	1	1	1	1	1	
6	3	2	1	1	1	1	1	1	1	1	
4	2	2	2	2	1	1	1	1	1	1	1	
10	2	2	1	1	1	1	1	
3	2	2	2	1	1	1	1	1	1	1	1	1	1	
9	4	3	1	1	1	
7	6	2	1	1	1	1	
19	
4	2	2	2	1	1	1	1	1	1	1	1	1	
9	5	1	1	1	1	1	
4	4	2	1	1	1	1	1	1	1	1	1	
12	2	1	1	1	1	1	
5	2	2	2	1	1	1	1	1	1	1	1	
11	3	3	2	
5	4	2	1	1	1	1	1	1	1	1	
9	2	2	1	1	1	1	1	1	
7	3	2	2	1	1	1	1	1	
8	3	2	2	1	1	1	1	
4	4	3	3	1	1	1	1	1	
3	2	2	2	2	1	1	1	1	1	1	1	1	
4	3	3	2	2	1	1	1	1	
6	3	2	1	1	1	1	1	1	1	
4	2	2	2	1	1	1	1	1	1	1	1	
3	2	2	2	2	1	1	1	1	1	1	1	
3	2	1	1	1	1	1	1	1	1	1	1	1	1	1	
6	4	2	2	2	1	1	
7	3	2	2	2	1	1	
5	4	2	1	1	1	1	1	1	1	
14	2	1	1	
6	3	1	1	1	1	1	1	1	1	1	
3	3	3	2	1	1	1	1	1	1	1	
7	4	2	2	1	1	1	
5	2	2	2	1	1	1	1	1	1	1	
11	2	2	1	1	1	
9	1	1	1	1	1	1	1	1	1	
9	3	2	1	1	1	1	
5	2	1	1	1	1	1	1	1	1	1	1	1	
12	4	1	1	
12	3	1	1	1	
12	1	1	1	1	1	1	
12	1	1	1	1	1	1	
7	2	1	1	1	1	1	1	1	1	1	
5	4	2	2	1	1	1	1	1	
9	4	3	1	1	
4	3	3	1	1	1	1	1	1	1	1	
8	3	2	1	1	1	1	1	
4	2	2	1	1	1	1	1	1	1	1	1	
6	5	2	1	1	1	1	
6	3	2	1	1	1	1	1	1	
5	3	3	1	1	1	1	1	1	
6	3	2	2	1	1	1	1	
11	2	2	2	
6	4	1	1	1	1	1	1	1	
8	1	1	1	1	1	1	1	1	1	
5	2	2	2	2	1	1	1	1	
4	4	2	1	1	1	1	1	1	1	
11	4	1	1	
8	4	1	1	1	1	1	
5	3	2	2	1	1	1	1	1	
4	2	2	1	1	1	1	1	1	1	1	1	
13	1	1	1	1	
2	2	1	1	1	1	1	1	1	1	1	1	1	1	1	
11	2	1	1	1	1	
4	2	1	1	1	1	1	1	1	1	1	1	1	
4	3	1	1	1	1	1	1	1	1	1	1	
5	4	2	2	1	1	1	1	
13	2	1	1	
3	2	1	1	1	1	1	1	1	1	1	1	1	1	
5	2	2	2	2	1	1	1	1	
6	3	3	1	1	1	1	1	
5	3	2	2	1	1	1	1	1	
10	2	1	1	1	1	1	
8	3	2	1	1	1	1	
2	2	1	1	1	1	1	1	1	1	1	1	1	1	1	
11	1	1	1	1	1	1	
2	2	2	2	1	1	1	1	1	1	1	1	1	
9	2	1	1	1	1	1	1	
5	3	2	1	1	1	1	1	1	1	
3	2	2	1	1	1	1	1	1	1	1	1	1	
6	3	3	1	1	1	1	1	
13	2	1	1	
3	3	2	2	2	2	1	1	1	
4	3	2	2	1	1	1	1	1	1	
12	4	1	
9	4	2	1	1	
7	4	1	1	1	1	1	
7	4	2	1	1	1	
5	5	2	1	1	1	1	
3	3	1	1	1	1	1	1	1	1	1	1	
6	3	2	1	1	1	1	1	
7	2	1	1	1	1	1	1	1	
3	2	2	1	1	1	1	1	1	1	1	1	
6	2	2	1	1	1	1	1	1	
5	4	2	1	1	1	1	1	
8	2	1	1	1	1	1	1	
5	3	3	1	1	1	1	1	
4	3	1	1	1	1	1	1	1	1	1	
2	1	1	1	1	1	1	1	1	1	1	1	1	1	1	
6	3	2	2	1	1	1	
3	2	1	1	1	1	1	1	1	1	1	1	1	
3	2	2	1	1	1	1	1	1	1	1	1	
7	2	1	1	1	1	1	1	1	
11	1	1	1	1	1	
2	2	2	1	1	1	1	1	1	1	1	1	1	
3	3	2	2	1	1	1	1	1	1	
4	3	3	1	1	1	1	1	1	
4	2	2	2	1	1	1	1	1	1	
7	4	2	1	1	1	
7	1	1	1	1	1	1	1	1	1	
8	1	1	1	1	1	1	1	1	
7	3	1	1	1	1	1	1	
3	2	2	2	1	1	1	1	1	1	1	
9	5	1	1	
5	4	2	2	2	1	
3	2	1	1	1	1	1	1	1	1	1	1	1	
8	3	2	2	1	
2	2	1	1	1	1	1	1	1	1	1	1	1	1	
2	1	1	1	1	1	1	1	1	1	1	1	1	1	1	
5	3	2	1	1	1	1	1	1	
5	4	2	1	1	1	1	
7	2	1	1	1	1	1	1	
4	3	2	1	1	1	1	1	1	
5	1	1	1	1	1	1	1	1	1	1	
3	2	2	1	1	1	1	1	1	1	1	
2	2	2	2	1	1	1	1	1	1	1	
3	3	2	1	1	1	1	1	1	1	
3	2	1	1	1	1	1	1	1	1	1	1	
5	3	2	1	1	1	1	1	
6	4	1	1	1	1	1	
2	1	1	1	1	1	1	1	1	1	1	1	1	1	
10	1	1	1	1	1	
8	2	2	1	1	1	
5	2	2	2	1	1	1	1	
3	2	1	1	1	1	1	1	1	1	1	1	
3	2	2	1	1	1	1	1	1	1	1	
4	3	2	1	1	1	1	1	1	
2	2	2	1	1	1	1	1	1	1	1	1	
7	3	2	1	1	1	
3	1	1	1	1	1	1	1	1	1	1	1	1	
2	2	1	1	1	1	1	1	1	1	1	1	1	
7	1	1	1	1	1	1	1	1	
4	3	2	2	1	1	1	1	
2	2	2	1	1	1	1	1	1	1	1	1	
2	2	2	1	1	1	1	1	1	1	1	1	
7	2	1	1	1	1	1	1	
4	3	2	1	1	1	1	1	1	
8	2	1	1	1	1	1	
3	2	2	2	1	1	1	1	1	1	
12	1	1	1	
7	4	4	
3	3	2	1	1	1	1	1	1	1	
4	3	2	2	1	1	1	1	
5	3	2	2	1	1	1	
2	1	1	1	1	1	1	1	1	1	1	1	1	1	
4	4	2	2	1	1	1	
14	1	
7	3	2	1	1	1	
7	2	1	1	1	1	1	
6	3	1	1	1	1	1	
3	2	2	2	1	1	1	1	1	
11	2	1	
4	2	1	1	1	1	1	1	1	1	
9	1	1	1	1	1	
14	
13	1	
5	2	2	1	1	1	1	1	
12	1	1	
4	2	2	2	1	1	1	1	
8	2	1	1	1	1	
10	1	1	1	1	
8	1	1	1	1	1	1	
5	4	1	1	1	1	1	
7	2	2	2	1	
5	3	2	2	1	1	
2	2	1	1	1	1	1	1	1	1	1	1	
3	2	2	1	1	1	1	1	1	1	
7	2	1	1	1	1	1	
6	3	1	1	1	1	1	
6	5	2	1	
5	2	1	1	1	1	1	1	1	
2	1	1	1	1	1	1	1	1	1	1	1	1	
4	2	1	1	1	1	1	1	1	1	
4	3	2	2	1	1	1	
4	3	1	1	1	1	1	1	1	
5	1	1	1	1	1	1	1	1	1	
2	2	2	1	1	1	1	1	1	1	1	
8	3	1	1	1	
5	2	2	1	1	1	1	1	
2	1	1	1	1	1	1	1	1	1	1	1	1	
7	2	2	1	1	1	
7	1	1	1	1	1	1	1	
4	3	3	2	1	1	
10	2	1	1	
3	1	1	1	1	1	1	1	1	1	1	1	
4	4	2	1	1	1	1	
7	3	3	1	
2	2	2	2	1	1	1	1	1	1	
5	4	3	1	1	
4	2	2	1	1	1	1	1	1	
2	2	1	1	1	1	1	1	1	1	1	1	
8	5	1	
8	3	1	1	1	
8	2	1	1	1	1	
6	2	2	1	1	1	1	
3	2	1	1	1	1	1	1	1	1	1	
3	2	2	2	1	1	1	1	
5	2	2	1	1	1	1	
5	4	1	1	1	1	
4	3	2	1	1	1	1	
2	1	1	1	1	1	1	1	1	1	1	1	
2	1	1	1	1	1	1	1	1	1	1	1	
2	2	1	1	1	1	1	1	1	1	1	
4	2	1	1	1	1	1	1	1	
4	1	1	1	1	1	1	1	1	1	
5	4	2	1	1	
6	1	1	1	1	1	1	1	
4	3	1	1	1	1	1	1	
3	2	1	1	1	1	1	1	1	1	
3	2	2	2	1	1	1	1	
2	1	1	1	1	1	1	1	1	1	1	1	
3	3	3	1	1	1	1	
6	3	2	1	1	
3	3	2	1	1	1	1	1	
4	2	2	2	1	1	1	
8	2	1	1	1	
5	3	1	1	1	1	1	
3	2	2	1	1	1	1	1	1	
4	2	1	1	1	1	1	1	1	
2	1	1	1	1	1	1	1	1	1	1	1	
3	2	1	1	1	1	1	1	1	1	
3	3	1	1	1	1	1	1	1	
3	1	1	1	1	1	1	1	1	1	1	
2	2	2	1	1	1	1	1	1	1	
3	3	2	1	1	1	1	1	
2	2	2	2	1	1	1	1	1	
5	3	2	1	1	1	
5	1	1	1	1	1	1	1	1	
3	2	1	1	1	1	1	1	1	1	
11	1	1	
2	2	2	1	1	1	1	1	1	1	
11	1	1	
2	2	1	1	1	1	1	1	1	1	1	
2	2	1	1	1	1	1	1	1	1	1	
4	2	2	1	1	1	1	1	
3	2	2	1	1	1	1	1	1	
8	1	1	1	1	1	
4	2	2	2	2	1	
2	2	2	1	1	1	1	1	1	1	
2	2	2	1	1	1	1	1	1	1	
8	2	1	1	1	
8	2	1	1	1	
2	2	1	1	1	1	1	1	1	1	1	
6	3	1	1	1	
5	3	1	1	1	1	
10	1	1	
2	1	1	1	1	1	1	1	1	1	1	
4	2	2	1	1	1	1	
3	3	1	1	1	1	1	1	
2	2	2	1	1	1	1	1	1	
3	2	2	1	1	1	1	1	
2	2	1	1	1	1	1	1	1	1	
12	
8	1	1	1	1	
4	1	1	1	1	1	1	1	1	
1	1	1	1	1	1	1	1	1	1	1	1	
3	1	1	1	1	1	1	1	1	1	
5	1	1	1	1	1	1	1	
3	3	2	1	1	1	1	
5	3	2	1	1	
7	1	1	1	1	1	
12	
12	
6	2	1	1	1	1	
6	1	1	1	1	1	1	
4	1	1	1	1	1	1	1	1	
12	
2	2	2	2	1	1	1	1	
4	2	2	2	1	1	
6	2	1	1	1	1	
2	2	2	2	2	1	1	
6	2	2	1	1	
6	2	2	1	1	
3	1	1	1	1	1	1	1	1	1	
7	1	1	1	1	1	
5	1	1	1	1	1	1	1	
3	1	1	1	1	1	1	1	1	1	
5	3	1	1	1	1	
11	1	
2	2	1	1	1	1	1	1	1	1	
2	2	1	1	1	1	1	1	1	1	
3	3	1	1	1	1	1	1	
6	2	1	1	1	1	
3	2	2	1	1	1	1	1	
7	4	1	
11	1	
7	2	1	1	1	
10	1	1	
2	2	1	1	1	1	1	1	1	1	
4	2	2	1	1	1	1	
4	3	2	1	1	1	
5	3	1	1	1	1	
2	1	1	1	1	1	1	1	1	1	1	
5	2	1	1	1	1	1	
12	
8	1	1	1	1	
5	4	1	1	1	
3	2	1	1	1	1	1	1	1	
5	3	1	1	1	1	
4	3	1	1	1	1	1	
3	3	2	1	1	1	1	
6	3	1	1	1	
3	2	1	1	1	1	1	1	1	
2	2	2	2	1	1	1	1	
3	2	2	1	1	1	1	1	
3	3	2	1	1	1	1	
6	1	1	1	1	1	1	
2	2	1	1	1	1	1	1	1	1	
6	2	1	1	1	1	
4	3	2	1	1	1	
4	2	1	1	1	1	1	1	
8	1	1	1	1	
3	2	2	1	1	1	1	1	
2	2	1	1	1	1	1	1	1	1	
2	1	1	1	1	1	1	1	1	1	1	
4	2	2	1	1	1	1	
2	2	1	1	1	1	1	1	1	1	
9	3	
2	2	1	1	1	1	1	1	1	1	
8	1	1	1	1	
11	1	
4	1	1	1	1	1	1	1	1	
6	2	1	1	1	
2	2	2	1	1	1	1	1	
4	3	1	1	1	1	
8	2	1	
5	2	1	1	1	1	
3	3	1	1	1	1	1	
3	2	2	2	1	1	
3	2	2	1	1	1	1	
1	1	1	1	1	1	1	1	1	1	1	
3	2	1	1	1	1	1	1	
4	2	2	1	1	1	
3	3	1	1	1	1	1	
2	2	2	1	1	1	1	1	
7	2	1	1	
5	4	1	1	
3	3	2	1	1	1	
3	2	2	1	1	1	1	
4	2	2	1	1	1	
4	2	1	1	1	1	1	
3	2	1	1	1	1	1	1	
4	1	1	1	1	1	1	1	
4	2	1	1	1	1	1	
6	1	1	1	1	1	
3	2	2	2	1	1	
3	2	1	1	1	1	1	1	
3	2	2	1	1	1	1	
3	3	1	1	1	1	1	
5	3	1	1	1	
8	2	1	
4	1	1	1	1	1	1	1	
6	4	1	
2	2	2	1	1	1	1	1	
2	1	1	1	1	1	1	1	1	1	
6	1	1	1	1	1	
3	2	1	1	1	1	1	1	
2	2	1	1	1	1	1	1	1	
3	3	2	1	1	1	
4	2	1	1	1	1	1	
5	3	2	1	
2	2	1	1	1	1	1	1	1	
2	2	2	2	2	1	
4	4	2	1	
4	2	1	1	1	1	1	
3	2	1	1	1	1	1	1	
4	2	1	1	1	1	1	
11	
4	1	1	1	1	1	1	1	
5	1	1	1	1	1	1	
5	2	1	1	1	1	
2	2	1	1	1	1	1	1	1	
11	
4	1	1	1	1	1	1	1	
11	
2	2	1	1	1	1	1	1	1	
5	2	1	1	1	1	
3	2	1	1	1	1	1	1	
7	2	1	1	
4	3	2	1	1	
4	3	1	1	1	1	
4	3	2	1	1	
2	2	1	1	1	1	1	1	1	
2	1	1	1	1	1	1	1	1	1	
2	1	1	1	1	1	1	1	1	1	
3	2	2	1	1	1	1	
2	1	1	1	1	1	1	1	1	1	
2	2	2	1	1	1	1	1	
8	1	1	1	
7	1	1	1	
4	2	2	1	1	
6	1	1	1	1	
4	3	1	1	1	
5	1	1	1	1	1	
2	2	2	1	1	1	1	
4	4	1	1	
5	5	
3	1	1	1	1	1	1	1	
4	1	1	1	1	1	1	
8	2	
4	2	1	1	1	1	
3	2	2	2	1	
4	2	1	1	1	1	
5	2	1	1	1	
3	2	2	1	1	1	
6	2	1	1	
2	1	1	1	1	1	1	1	1	
2	1	1	1	1	1	1	1	1	
4	3	1	1	1	
5	2	1	1	1	
7	1	1	1	
2	2	2	1	1	1	1	
5	1	1	1	1	1	
2	2	1	1	1	1	1	1	
2	2	2	1	1	1	1	
6	4	
5	1	1	1	1	1	
9	1	
5	2	1	1	1	
3	2	2	1	1	1	
9	1	
2	1	1	1	1	1	1	1	1	
3	2	1	1	1	1	1	
4	3	1	1	1	
3	2	2	2	1	
5	4	1	
3	2	2	2	1	
5	2	1	1	1	
3	2	1	1	1	1	1	
4	3	1	1	1	
2	2	1	1	1	1	1	1	
5	1	1	1	1	1	
4	2	1	1	1	1	
5	1	1	1	1	1	
2	1	1	1	1	1	1	1	1	
6	1	1	1	1	
5	4	1	
2	1	1	1	1	1	1	1	1	
3	1	1	1	1	1	1	1	
4	2	2	1	1	
2	2	1	1	1	1	1	1	
3	3	2	1	1	
3	2	1	1	1	1	1	
2	2	2	1	1	1	1	
4	2	2	1	1	
4	2	1	1	1	1	
1	1	1	1	1	1	1	1	1	1	
2	2	2	1	1	1	1	
2	2	2	1	1	1	1	
5	2	1	1	1	
3	2	1	1	1	1	1	
5	2	1	1	1	
2	1	1	1	1	1	1	1	1	
10	
7	3	
2	2	1	1	1	1	1	1	
6	3	1	
8	2	
2	1	1	1	1	1	1	1	1	
3	1	1	1	1	1	1	1	
3	2	1	1	1	1	1	
3	2	2	1	1	1	
7	1	1	1	
1	1	1	1	1	1	1	1	1	1	
4	3	1	1	1	
4	3	1	1	1	
4	2	1	1	1	1	
2	1	1	1	1	1	1	1	1	
3	2	1	1	1	1	1	
7	1	1	1	
6	2	1	1	
2	2	2	1	1	1	1	
4	2	2	1	1	
3	1	1	1	1	1	1	1	
6	2	1	1	
4	2	1	1	1	1	
2	2	1	1	1	1	1	1	
5	5	
1	1	1	1	1	1	1	1	1	1	
2	1	1	1	1	1	1	1	
3	2	1	1	1	1	
3	2	1	1	1	1	
2	2	2	1	1	1	
6	1	1	1	
4	3	2	
5	1	1	1	1	
5	2	1	1	
4	1	1	1	1	1	
4	1	1	1	1	1	
4	1	1	1	1	1	
5	3	1	
3	1	1	1	1	1	1	
7	1	1	
3	2	2	1	1	
2	2	1	1	1	1	1	
2	1	1	1	1	1	1	1	
3	2	1	1	1	1	
2	1	1	1	1	1	1	1	
2	1	1	1	1	1	1	1	
2	1	1	1	1	1	1	1	
7	1	1	
4	2	1	1	1	
3	3	1	1	1	
3	3	2	1	
4	2	1	1	1	
4	2	2	1	
1	1	1	1	1	1	1	1	1	
9	
6	2	1	
2	2	1	1	1	1	1	
1	1	1	1	1	1	1	1	1	
7	1	1	
7	1	1	
3	1	1	1	1	1	1	
2	2	1	1	1	1	1	
4	1	1	1	1	1	
2	1	1	1	1	1	1	1	
2	2	1	1	1	1	1	
3	2	1	1	1	1	
3	3	2	1	
6	2	1	
5	1	1	1	1	
5	1	1	1	1	
3	3	1	1	1	
2	1	1	1	1	1	1	1	
4	1	1	1	1	1	
4	4	1	
2	1	1	1	1	1	1	1	
8	1	
2	1	1	1	1	1	1	1	
1	1	1	1	1	1	1	1	1	
4	2	1	1	1	
7	1	1	
6	1	1	1	
4	4	1	
4	2	1	1	1	
7	1	1	
2	2	1	1	1	1	1	
9	
9	
5	3	1	
3	2	2	1	1	
3	1	1	1	1	1	1	
7	1	1	
4	1	1	1	1	1	
3	2	1	1	1	1	
5	1	1	1	1	
5	2	1	1	
3	3	1	1	1	
6	1	1	1	
9	
2	1	1	1	1	1	1	1	
5	4	
6	1	1	1	
2	1	1	1	1	1	1	1	
6	1	1	1	
7	2	
3	2	1	1	1	1	
2	1	1	1	1	1	1	1	
3	1	1	1	1	1	1	
6	1	1	1	
2	1	1	1	1	1	1	1	
3	3	1	1	1	
2	2	1	1	1	1	1	
2	2	1	1	1	1	1	
2	2	2	1	1	1	
4	1	1	1	1	1	
1	1	1	1	1	1	1	1	1	
2	2	2	1	1	1	
4	3	1	1	
3	1	1	1	1	1	1	
2	2	2	1	1	1	
4	1	1	1	1	1	
4	3	1	1	
3	2	1	1	1	1	
5	3	1	
2	2	1	1	1	1	1	
2	1	1	1	1	1	1	1	
2	2	1	1	1	1	1	
3	1	1	1	1	1	1	
6	2	1	
6	2	1	
4	1	1	1	1	1	
6	2	1	
4	2	2	1	
4	2	1	1	1	
4	1	1	1	1	1	
2	2	1	1	1	1	1	
1	1	1	1	1	1	1	1	1	
4	1	1	1	1	1	
4	2	1	1	1	
3	1	1	1	1	1	1	
6	1	1	1	
4	1	1	1	1	
5	1	1	1	
2	2	1	1	1	1	
2	1	1	1	1	1	1	
3	2	1	1	1	
2	2	1	1	1	1	
2	1	1	1	1	1	1	
3	2	1	1	1	
2	1	1	1	1	1	1	
5	1	1	1	
4	2	1	1	
3	2	1	1	1	
2	2	1	1	1	1	
3	1	1	1	1	1	
3	2	1	1	1	
4	2	1	1	
2	2	2	1	1	
3	3	2	
2	2	1	1	1	1	
2	1	1	1	1	1	1	
2	2	1	1	1	1	
3	1	1	1	1	1	
2	2	1	1	1	1	
4	2	1	1	
3	2	1	1	1	
4	2	1	1	
4	2	1	1	
3	1	1	1	1	1	
4	2	1	1	
2	2	1	1	1	1	
3	1	1	1	1	1	
1	1	1	1	1	1	1	1	
2	1	1	1	1	1	1	
4	2	1	1	
4	2	1	1	
3	2	1	1	1	
1	1	1	1	1	1	1	1	
4	2	1	1	
2	2	1	1	1	1	
4	1	1	1	1	
6	2	
4	1	1	1	1	
2	2	1	1	1	1	
3	2	1	1	1	
3	2	1	1	1	
2	1	1	1	1	1	1	
3	2	2	1	
1	1	1	1	1	1	1	1	
3	1	1	1	1	1	
3	2	2	1	
2	1	1	1	1	1	1	
1	1	1	1	1	1	1	1	
3	2	1	1	1	
5	1	1	1	
4	1	1	1	1	
2	1	1	1	1	1	1	
4	2	1	1	
2	1	1	1	1	1	1	
8	
4	1	1	1	1	
7	1	
4	1	1	1	1	
8	
5	1	1	1	
3	2	2	1	
3	2	1	1	1	
8	
3	2	2	1	
2	1	1	1	1	1	1	
2	1	1	1	1	1	1	
3	1	1	1	1	1	
4	2	2	
2	1	1	1	1	1	1	
5	1	1	1	
3	2	2	1	
4	1	1	1	1	
3	2	1	1	1	
7	1	
3	1	1	1	1	1	
4	2	1	1	
2	1	1	1	1	1	1	
4	2	1	1	
1	1	1	1	1	1	1	1	
4	2	1	1	
3	3	1	1	
4	2	1	1	
2	2	1	1	1	1	
2	2	1	1	1	1	
2	1	1	1	1	1	1	
8	
3	1	1	1	1	1	
3	1	1	1	1	1	
5	3	
2	2	1	1	1	1	
3	3	2	
2	2	2	1	1	
4	3	1	
2	1	1	1	1	1	1	
3	1	1	1	1	1	
3	1	1	1	1	1	
6	1	1	
5	2	1	
3	2	2	1	
2	2	1	1	1	1	
4	1	1	1	1	
1	1	1	1	1	1	1	1	
1	1	1	1	1	1	1	1	
2	1	1	1	1	1	1	
4	1	1	1	1	
1	1	1	1	1	1	1	1	
4	2	1	1	
1	1	1	1	1	1	1	1	
2	1	1	1	1	1	1	
4	4	
2	1	1	1	1	1	1	
2	2	1	1	1	1	
5	1	1	1	
1	1	1	1	1	1	1	1	
3	3	1	1	
5	1	1	1	
2	1	1	1	1	1	1	
3	2	1	1	1	
5	1	1	1	
4	2	1	1	
6	1	1	
1	1	1	1	1	1	1	
5	1	1	
2	1	1	1	1	1	
2	1	1	1	1	1	
3	1	1	1	1	
3	1	1	1	1	
5	1	1	
3	2	1	1	
1	1	1	1	1	1	1	
2	1	1	1	1	1	
3	3	1	
3	1	1	1	1	
4	2	1	
3	1	1	1	1	
3	2	1	1	
2	1	1	1	1	1	
3	1	1	1	1	
2	1	1	1	1	1	
2	2	1	1	1	
4	1	1	1	
3	1	1	1	1	
4	1	1	1	
2	2	1	1	1	
3	2	1	1	
2	1	1	1	1	1	
2	2	2	1	
5	1	1	
2	2	2	1	
2	1	1	1	1	1	
2	2	1	1	1	
2	2	1	1	1	
5	1	1	
3	2	1	1	
2	1	1	1	1	1	
1	1	1	1	1	1	1	
1	1	1	1	1	1	1	
1	1	1	1	1	1	1	
4	1	1	1	
2	2	1	1	1	
2	1	1	1	1	1	
4	1	1	1	
2	1	1	1	1	1	
7	
3	2	1	1	
2	2	1	1	1	
3	2	1	1	
3	2	1	1	
4	1	1	1	
2	2	1	1	1	
4	1	1	1	
3	1	1	1	1	
2	1	1	1	1	1	
5	1	1	
6	1	
3	2	1	1	
2	2	1	1	1	
1	1	1	1	1	1	1	
3	1	1	1	1	
1	1	1	1	1	1	1	
3	1	1	1	1	
3	2	1	1	
3	1	1	1	1	
1	1	1	1	1	1	1	
2	2	1	1	1	
1	1	1	1	1	1	1	
3	2	1	1	
3	1	1	1	1	
3	1	1	1	1	
1	1	1	1	1	1	1	
5	1	1	
3	2	1	1	
2	2	1	1	1	
6	1	
4	1	1	1	
2	2	1	1	1	
3	1	1	1	1	
3	1	1	1	1	
3	2	2	
3	2	1	1	
4	1	1	1	
3	1	1	1	1	
1	1	1	1	1	1	1	
4	1	1	1	
3	2	1	1	
1	1	1	1	1	1	1	
1	1	1	1	1	1	1	
1	1	1	1	1	1	1	
4	2	1	
6	1	
2	2	2	1	
4	1	1	1	
7	
2	1	1	1	1	1	
4	1	1	1	
4	2	1	
1	1	1	1	1	1	1	
4	1	1	1	
5	2	
2	1	1	1	1	1	
4	1	1	1	
2	2	2	1	
2	2	1	1	1	
2	2	1	1	1	
5	1	1	
3	2	1	1	
5	1	1	
2	1	1	1	1	1	
4	1	1	1	
4	2	1	
4	1	1	1	
2	2	2	1	
3	1	1	1	1	
2	2	2	1	
2	1	1	1	1	1	
3	3	1	
2	2	1	1	1	
6	1	
7	
5	1	1	
5	1	1	
1	1	1	1	1	1	1	
3	2	1	1	
3	1	1	1	1	
2	2	1	1	1	
2	1	1	1	1	1	
2	2	1	1	1	
2	1	1	1	1	1	
5	1	1	
3	1	1	1	1	
2	1	1	1	1	1	
2	2	2	1	
4	2	1	
3	1	1	1	1	
5	1	1	
1	1	1	1	1	1	1	
2	1	1	1	1	1	
2	1	1	1	1	1	
1	1	1	1	1	1	1	
6	1	
1	1	1	1	1	1	1	
7	
3	1	1	1	1	
3	1	1	1	1	
7	
2	1	1	1	1	1	
1	1	1	1	1	1	1	
3	3	1	
3	1	1	1	1	
3	1	1	1	1	
2	2	1	1	1	
1	1	1	1	1	1	1	
4	2	1	
3	1	1	1	1	
1	1	1	1	1	1	1	
1	1	1	1	1	1	1	
2	2	1	1	1	
1	1	1	1	1	1	1	
2	1	1	1	1	1	
4	1	1	1	
4	1	1	1	
7	
2	2	1	1	1	
2	2	1	1	1	
2	1	1	1	1	1	
7	
6	1	
3	2	1	1	
1	1	1	1	1	1	1	
4	1	1	1	
4	1	1	1	
4	2	1	
4	1	1	
2	2	1	1	
1	1	1	1	1	1	
3	2	1	
2	1	1	1	1	
2	1	1	1	1	
2	2	1	1	
1	1	1	1	1	1	
2	2	2	
2	1	1	1	1	
2	1	1	1	1	
1	1	1	1	1	1	
3	1	1	1	
1	1	1	1	1	1	
4	1	1	
3	2	1	
2	2	1	1	
4	2	
1	1	1	1	1	1	
1	1	1	1	1	1	
2	2	2	
1	1	1	1	1	1	
3	2	1	
5	1	
2	1	1	1	1	
2	1	1	1	1	
3	1	1	1	
2	2	2	
4	1	1	
5	1	
3	1	1	1	
1	1	1	1	1	1	
3	2	1	
2	1	1	1	1	
2	2	1	1	
4	1	1	
4	2	
1	1	1	1	1	1	
3	2	1	
2	2	1	1	
2	2	1	1	
2	1	1	1	1	
1	1	1	1	1	1	
2	1	1	1	1	
2	2	1	1	
6	
4	1	1	
4	1	1	
3	1	1	1	
5	1	
4	1	1	
2	2	1	1	
4	1	1	
5	1	
2	1	1	1	1	
2	2	1	1	
5	1	
3	2	1	
5	1	
2	1	1	1	1	
6	
2	1	1	1	1	
2	2	1	1	
2	1	1	1	1	
2	1	1	1	1	
2	1	1	1	1	
3	2	1	
3	1	1	1	
1	1	1	1	1	1	
2	1	1	1	1	
6	
2	1	1	1	1	
3	1	1	1	
1	1	1	1	1	1	
4	1	1	
2	1	1	1	1	
3	2	1	
2	2	2	
3	1	1	1	
4	1	1	
4	1	1	
3	1	1	1	
1	1	1	1	1	1	
2	1	1	1	1	
3	1	1	1	
2	2	1	1	
5	1	
2	1	1	1	1	
1	1	1	1	1	1	
3	1	1	1	
1	1	1	1	1	1	
2	1	1	1	1	
2	1	1	1	1	
1	1	1	1	1	1	
3	1	1	1	
1	1	1	1	1	1	
2	1	1	1	1	
1	1	1	1	1	1	
2	1	1	1	1	
6	
1	1	1	1	1	1	
4	1	1	
2	2	1	1	
2	1	1	1	1	
2	1	1	1	1	
1	1	1	1	1	1	
3	2	1	
1	1	1	1	1	1	
2	1	1	1	1	
4	1	1	
3	2	1	
2	1	1	1	1	
2	1	1	1	1	
4	1	1	
1	1	1	1	1	1	
3	1	1	1	
2	1	1	1	1	
3	1	1	1	
3	1	1	1	
2	1	1	1	1	
1	1	1	1	1	1	
3	2	1	
2	1	1	1	1	
5	1	
2	1	1	1	1	
2	1	1	1	1	
3	1	1	1	
1	1	1	1	1	1	
5	1	
3	2	1	
3	1	1	1	
4	1	1	
2	1	1	1	1	
3	2	1	
3	1	1	1	
2	1	1	1	1	
4	1	1	
1	1	1	1	1	1	
4	1	1	
1	1	1	1	1	1	
4	1	1	
4	2	
2	2	1	1	
3	1	1	1	
3	2	1	
4	1	1	
2	1	1	1	1	
4	1	1	
1	1	1	1	1	1	
3	2	1	
1	1	1	1	1	1	
4	1	1	
2	1	1	1	1	
2	2	1	1	
1	1	1	1	1	1	
2	2	1	1	
3	2	1	
2	1	1	1	1	
2	1	1	1	1	
5	1	
2	1	1	1	1	
1	1	1	1	1	1	
3	3	
2	1	1	1	1	
5	1	
3	2	1	
1	1	1	1	1	1	
3	2	1	
6	
3	2	1	
3	1	1	1	
2	1	1	1	1	
2	1	1	1	1	
2	2	1	1	
2	1	1	1	1	
4	1	1	
6	
5	1	
5	1	
6	
2	1	1	1	1	
1	1	1	1	1	1	
2	1	1	1	1	
5	1	
2	2	2	
2	1	1	1	1	
1	1	1	1	1	1	
4	1	1	
2	2	1	1	
3	2	1	
2	1	1	1	1	
6	
4	1	1	
4	2	
2	1	1	1	1	
2	1	1	1	1	
2	2	1	1	
1	1	1	1	1	1	
3	1	1	1	
2	1	1	1	1	
3	1	1	1	
4	1	1	
3	3	
5	1	
1	1	1	1	1	1	
2	1	1	1	1	
5	1	
4	2	
1	1	1	1	1	1	
2	2	1	1	
2	1	1	1	1	
4	1	1	
3	2	1	
1	1	1	1	1	1	
4	2	
3	1	1	1	
6	
3	1	1	1	
5	1	
4	2	
1	1	1	1	1	1	
3	1	1	1	
5	1	
6	
1	1	1	1	1	1	
1	1	1	1	1	1	
3	2	1	
2	1	1	1	1	
2	1	1	1	1	
3	3	
2	1	1	1	1	
3	1	1	1	
3	1	1	1	
3	1	1	
1	1	1	1	1	
5	
2	2	1	
1	1	1	1	1	
2	1	1	1	
1	1	1	1	1	
2	1	1	1	
2	1	1	1	
1	1	1	1	1	
1	1	1	1	1	
2	2	1	
1	1	1	1	1	
2	1	1	1	
2	1	1	1	
2	1	1	1	
2	2	1	
2	1	1	1	
2	2	1	
2	2	1	
2	1	1	1	
1	1	1	1	1	
1	1	1	1	1	
2	2	1	
2	2	1	
3	1	1	
4	1	
4	1	
2	1	1	1	
4	1	
2	1	1	1	
2	2	1	
4	1	
2	1	1	1	
4	1	
1	1	1	1	1	
5	
5	
1	1	1	1	1	
2	1	1	1	
4	1	
2	1	1	1	
4	1	
1	1	1	1	1	
3	2	
2	1	1	1	
4	1	
1	1	1	1	1	
2	1	1	1	
5	
5	
1	1	1	1	1	
4	1	
3	1	1	
1	1	1	1	1	
3	1	1	
3	1	1	
2	1	1	1	
4	1	
2	1	1	1	
2	2	1	
2	1	1	1	
2	1	1	1	
2	1	1	1	
2	1	1	1	
2	2	1	
4	1	
2	2	1	
3	1	1	
1	1	1	1	1	
1	1	1	1	1	
5	
1	1	1	1	1	
2	1	1	1	
4	1	
3	1	1	
3	1	1	
5	
3	1	1	
2	2	1	
3	1	1	
4	1	
4	1	
4	1	
4	1	
5	
1	1	1	1	1	
1	1	1	1	1	
2	1	1	1	
3	1	1	
2	2	1	
2	1	1	1	
3	1	1	
1	1	1	1	1	
2	1	1	1	
1	1	1	1	1	
3	2	
2	1	1	1	
4	1	
1	1	1	1	1	
4	1	
1	1	1	1	1	
3	1	1	
1	1	1	1	1	
1	1	1	1	1	
3	1	1	
1	1	1	1	1	
1	1	1	1	1	
2	1	1	1	
2	1	1	1	
1	1	1	1	1	
3	2	
3	1	1	
3	2	
1	1	1	1	1	
1	1	1	1	1	
2	1	1	1	
2	1	1	1	
3	1	1	
4	1	
2	2	1	
1	1	1	1	1	
2	2	1	
3	1	1	
2	2	1	
3	1	1	
2	1	1	1	
2	1	1	1	
3	1	1	
4	1	
2	1	1	1	
1	1	1	1	1	
2	1	1	1	
3	1	1	
1	1	1	1	1	
5	
2	1	1	1	
2	1	1	1	
2	1	1	1	
2	1	1	1	
2	1	1	1	
2	2	1	
2	1	1	1	
3	2	
3	1	1	
2	2	1	
2	1	1	1	
2	2	1	
2	1	1	1	
3	1	1	
1	1	1	1	1	
2	1	1	1	
3	2	
2	1	1	1	
2	1	1	1	
2	2	1	
1	1	1	1	1	
1	1	1	1	1	
3	2	
2	1	1	1	
3	1	1	
2	1	1	1	
1	1	1	1	1	
1	1	1	1	1	
2	1	1	1	
1	1	1	1	1	
3	1	1	
1	1	1	1	1	
3	1	1	
3	1	1	
2	1	1	1	
1	1	1	1	1	
2	1	1	1	
1	1	1	1	1	
2	2	1	
1	1	1	1	1	
2	1	1	1	
4	1	
2	2	1	
3	1	1	
4	1	
2	1	1	1	
2	1	1	1	
1	1	1	1	1	
5	
2	1	1	1	
2	1	1	1	
2	1	1	1	
2	1	1	1	
1	1	1	1	1	
3	1	1	
1	1	1	1	1	
5	
2	1	1	1	
3	1	1	
1	1	1	1	1	
3	1	1	
3	1	1	
2	1	1	1	
2	1	1	1	
2	1	1	1	
1	1	1	1	1	
3	1	1	
2	1	1	1	
2	1	1	1	
2	2	1	
3	1	1	
1	1	1	1	1	
2	1	1	1	
2	2	1	
4	1	
3	1	1	
3	1	1	
2	1	1	1	
4	1	
3	2	
2	2	1	
3	2	
2	1	1	1	
1	1	1	1	1	
2	2	1	
1	1	1	1	1	
4	1	
2	1	1	1	
2	1	1	1	
1	1	1	1	1	
2	1	1	1	
2	1	1	1	
2	2	1	
2	1	1	1	
2	1	1	1	
1	1	1	1	1	
3	1	1	
3	2	
3	1	1	
2	1	1	1	
3	1	1	
2	1	1	1	
1	1	1	1	1	
3	2	
2	1	1	1	
2	1	1	1	
3	1	1	
3	1	1	
2	1	1	1	
2	2	1	
2	1	1	1	
1	1	1	1	1	
5	
2	1	1	1	
2	1	1	1	
5	
3	1	1	
2	2	1	
1	1	1	1	1	
3	1	1	
4	1	
1	1	1	1	1	
1	1	1	1	1	
1	1	1	1	1	
2	1	1	1	
1	1	1	1	1	
3	1	1	
2	1	1	1	
1	1	1	1	1	
1	1	1	1	1	
2	1	1	1	
1	1	1	1	1	
4	1	
2	1	1	1	
2	2	1	
3	1	1	
2	1	1	1	
1	1	1	1	1	
1	1	1	1	1	
3	1	1	
2	2	1	
3	1	1	
4	1	
1	1	1	1	1	
1	1	1	1	1	
2	1	1	1	
4	1	
2	1	1	1	
5	
3	1	1	
3	1	1	
1	1	1	1	1	
1	1	1	1	1	
2	1	1	1	
1	1	1	1	1	
2	1	1	1	
5	
5	
2	2	1	
5	
3	1	1	
3	1	1	
2	1	1	1	
2	1	1	1	
2	2	1	
1	1	1	1	1	
5	
2	1	1	1	
4	
1	1	1	1	
2	1	1	
2	1	1	
3	1	
1	1	1	1	
1	1	1	1	
1	1	1	1	
2	1	1	
4	
2	1	1	
3	1	
2	1	1	
1	1	1	1	
4	
2	1	1	
2	1	1	
2	1	1	
1	1	1	1	
2	1	1	
4	
1	1	1	1	
3	1	
3	1	
1	1	1	1	
3	1	
3	1	
3	1	
2	1	1	
2	1	1	
1	1	1	1	
2	1	1	
1	1	1	1	
1	1	1	1	
2	1	1	
3	1	
4	
2	1	1	
1	1	1	1	
2	1	1	
3	1	
2	1	1	
3	1	
1	1	1	1	
1	1	1	1	
1	1	1	1	
3	1	
2	1	1	
4	
2	1	1	
4	
2	1	1	
1	1	1	1	
2	1	1	
4	
2	1	1	
3	1	
2	1	1	
1	1	1	1	
1	1	1	1	
4	
1	1	1	1	
2	1	1	
1	1	1	1	
2	1	1	
2	1	1	
1	1	1	1	
2	1	1	
2	1	1	
3	1	
2	1	1	
2	1	1	
2	2	
1	1	1	1	
1	1	1	1	
2	1	1	
2	1	1	
2	1	1	
1	1	1	1	
2	1	1	
2	2	
2	1	1	
3	1	
3	1	
1	1	1	1	
2	1	1	
1	1	1	1	
2	1	1	
2	1	1	
2	2	
1	1	1	1	
3	1	
1	1	1	1	
1	1	1	1	
4	
2	1	1	
2	1	1	
2	1	1	
4	
3	1	
1	1	1	1	
1	1	1	1	
1	1	1	1	
2	1	1	
2	1	1	
1	1	1	1	
1	1	1	1	
3	1	
1	1	1	1	
1	1	1	1	
2	1	1	
2	1	1	
1	1	1	1	
2	1	1	
2	1	1	
1	1	1	1	
1	1	1	1	
2	1	1	
2	2	
3	1	
1	1	1	1	
2	1	1	
2	1	1	
1	1	1	1	
1	1	1	1	
4	
1	1	1	1	
2	1	1	
2	1	1	
3	1	
2	1	1	
2	1	1	
2	1	1	
1	1	1	1	
1	1	1	1	
3	1	
3	1	
2	1	1	
2	1	1	
1	1	1	1	
4	
2	1	1	
1	1	1	1	
2	1	1	
2	1	1	
1	1	1	1	
4	
1	1	1	1	
2	1	1	
1	1	1	1	
1	1	1	1	
2	1	1	
2	1	1	
3	1	
1	1	1	1	
1	1	1	1	
3	1	
2	1	1	
2	1	1	
2	1	1	
3	1	
2	1	1	
2	1	1	
3	1	
3	1	
1	1	1	1	
3	1	
1	1	1	1	
1	1	1	1	
1	1	1	1	
1	1	1	1	
1	1	1	1	
1	1	1	1	
2	1	1	
4	
2	1	1	
1	1	1	1	
2	2	
1	1	1	1	
3	1	
4	
1	1	1	1	
1	1	1	1	
2	1	1	
1	1	1	1	
2	1	1	
1	1	1	1	
1	1	1	1	
1	1	1	1	
2	1	1	
1	1	1	1	
1	1	1	1	
1	1	1	1	
1	1	1	1	
2	1	1	
3	1	
2	1	1	
3	1	
1	1	1	1	
1	1	1	1	
2	2	
2	1	1	
1	1	1	1	
1	1	1	1	
4	
1	1	1	1	
2	1	1	
2	1	1	
1	1	1	1	
2	1	1	
2	2	
1	1	1	1	
2	1	1	
1	1	1	1	
2	1	1	
1	1	1	1	
4	
1	1	1	1	
4	
3	1	
3	1	
2	1	1	
2	2	
1	1	1	1	
4	
1	1	1	1	
1	1	1	1	
3	1	
3	1	
3	1	
2	1	1	
4	
2	1	1	
3	1	
2	1	1	
2	1	1	
1	1	1	1	
1	1	1	1	
4	
2	1	1	
1	1	1	1	
4	
3	1	
4	
4	
4	
1	1	1	1	
2	1	1	
4	
2	1	1	
1	1	1	1	
1	1	1	1	
2	2	
2	1	1	
2	1	1	
2	1	1	
3	1	
4	
2	1	1	
1	1	1	1	
2	2	
1	1	1	1	
2	1	1	
3	1	
2	1	1	
1	1	1	1	
4	
2	1	1	
1	1	1	1	
1	1	1	1	
1	1	1	1	
4	
2	1	1	
2	1	1	
4	
2	1	1	
4	
2	1	1	
1	1	1	1	
1	1	1	1	
1	1	1	1	
2	1	1	
1	1	1	1	
2	2	
1	1	1	1	
1	1	1	1	
1	1	1	1	
2	1	1	
2	1	1	
1	1	1	1	
3	1	
2	1	1	
3	1	
1	1	1	1	
4	
1	1	1	1	
1	1	1	1	
2	1	1	
2	1	1	
1	1	1	1	
3	1	
3	1	
4	
3	1	
2	1	1	
3	1	
3	1	
2	1	1	
4	
1	1	1	1	
2	1	1	
2	1	1	
2	1	1	
1	1	1	1	
1	1	1	1	
4	
2	1	1	
2	1	1	
2	1	1	
4	
3	1	
2	1	1	
4	
1	1	1	1	
1	1	1	1	
2	1	1	
1	1	1	1	
1	1	1	1	
2	1	1	
2	1	1	
1	1	1	1	
2	2	
2	1	1	
2	1	1	
3	1	
1	1	1	1	
1	1	1	1	
1	1	1	1	
1	1	1	1	
1	1	1	1	
1	1	1	1	
3	1	
3	1	
3	1	
3	1	
4	
2	1	1	
2	1	1	
1	1	1	1	
1	1	1	1	
3	1	
1	1	1	1	
3	1	
4	
1	1	1	1	
2	1	1	
2	1	1	
1	1	1	1	
2	2	
1	1	1	1	
2	1	1	
2	1	1	
3	1	
4	
1	1	1	1	
1	1	1	1	
2	1	1	
2	1	1	
2	2	
3	1	
1	1	1	1	
3	1	
1	1	1	1	
2	1	1	
1	1	1	1	
2	1	1	
1	1	1	1	
1	1	1	1	
2	1	1	
1	1	1	1	
2	1	1	
4	
1	1	1	1	
2	1	1	
1	1	1	1	
1	1	1	1	
3	1	
4	
2	1	1	
3	1	
2	2	
2	1	1	
1	1	1	1	
3	1	
1	1	1	1	
2	2	
1	1	1	1	
2	1	1	
1	1	1	1	
2	1	1	
2	1	1	
2	1	1	
2	1	1	
4	
2	1	1	
1	1	1	1	
3	1	
2	1	1	
2	1	1	
1	1	1	1	
2	1	1	
3	1	
1	1	1	1	
1	1	1	1	
2	1	1	
2	1	1	
2	1	1	
3	1	
3	1	
3	1	
2	1	1	
2	1	1	
2	1	1	
3	1	
2	1	1	
1	1	1	1	
4	
1	1	1	1	
1	1	1	1	
3	1	
2	1	1	
1	1	1	1	
2	2	
2	1	1	
1	1	1	1	
2	1	1	
2	1	1	
1	1	1	1	
2	1	1	
2	1	1	
2	1	1	
2	1	1	
2	1	1	
1	1	1	1	
1	1	1	1	
2	1	1	
3	1	
4	
4	
2	1	1	
1	1	1	1	
1	1	1	1	
2	1	1	
4	
2	1	1	
2	1	1	
3	1	
1	1	1	1	
1	1	1	1	
3	1	
1	1	1	1	
3	1	
3	1	
3	1	
1	1	1	1	
2	1	1	
2	1	1	
3	1	
3	1	
2	1	1	
1	1	1	1	
2	1	1	
3	1	
1	1	1	1	
2	1	1	
2	2	
1	1	1	1	
2	1	1	
1	1	1	1	
1	1	1	1	
2	1	1	
1	1	1	1	
3	1	
2	1	1	
4	
3	1	
1	1	1	1	
1	1	1	1	
1	1	1	1	
1	1	1	1	
1	1	1	1	
2	1	1	
3	1	
2	1	1	
2	1	1	
2	1	1	
2	1	1	
1	1	1	1	
1	1	1	1	
1	1	1	1	
3	1	
3	1	
2	1	1	
4	
1	1	1	1	
2	1	1	
2	1	1	
1	1	1	1	
2	2	
2	1	1	
4	
3	1	
2	1	1	
1	1	1	1	
3	1	
1	1	1	1	
1	1	1	
1	1	1	
2	1	
1	1	1	
2	1	
2	1	
2	1	
3	
1	1	1	
1	1	1	
2	1	
1	1	1	
3	
1	1	1	
1	1	1	
1	1	1	
1	1	1	
1	1	1	
2	1	
1	1	1	
2	1	
3	
2	1	
2	1	
2	1	
2	1	
2	1	
1	1	1	
3	
1	1	1	
2	1	
1	1	1	
1	1	1	
2	1	
1	1	1	
1	1	1	
1	1	1	
2	1	
2	1	
1	1	1	
2	1	
1	1	1	
2	1	
1	1	1	
3	
3	
1	1	1	
1	1	1	
2	1	
2	1	
1	1	1	
1	1	1	
3	
1	1	1	
2	1	
1	1	1	
3	
1	1	1	
2	1	
2	1	
2	1	
2	1	
1	1	1	
1	1	1	
3	
1	1	1	
2	1	
1	1	1	
1	1	1	
1	1	1	
1	1	1	
2	1	
3	
2	1	
2	1	
1	1	1	
1	1	1	
1	1	1	
1	1	1	
1	1	1	
1	1	1	
3	
2	1	
2	1	
3	
1	1	1	
2	1	
1	1	1	
3	
2	1	
3	
2	1	
2	1	
1	1	1	
2	1	
1	1	1	
1	1	1	
1	1	1	
1	1	1	
1	1	1	
2	1	
2	1	
1	1	1	
2	1	
2	1	
1	1	1	
1	1	1	
1	1	1	
2	1	
1	1	1	
1	1	1	
2	1	
3	
1	1	1	
3	
2	1	
1	1	1	
2	1	
2	1	
1	1	1	
2	1	
1	1	1	
1	1	1	
1	1	1	
3	
2	1	
2	1	
2	1	
1	1	1	
3	
2	1	
2	1	
2	1	
1	1	1	
2	1	
1	1	1	
3	
1	1	1	
1	1	1	
3	
2	1	
1	1	1	
1	1	1	
3	
1	1	1	
1	1	1	
2	1	
2	1	
3	
2	1	
2	1	
1	1	1	
1	1	1	
1	1	1	
2	1	
1	1	1	
1	1	1	
1	1	1	
1	1	1	
2	1	
1	1	1	
3	
2	1	
2	1	
3	
1	1	1	
1	1	1	
1	1	1	
1	1	1	
2	1	
2	1	
1	1	1	
2	1	
1	1	1	
3	
2	1	
3	
1	1	1	
2	1	
2	1	
2	1	
2	1	
1	1	1	
1	1	1	
2	1	
1	1	1	
2	1	
1	1	1	
2	1	
1	1	1	
1	1	1	
1	1	1	
1	1	1	
2	1	
3	
2	1	
2	1	
1	1	1	
3	
1	1	1	
1	1	1	
1	1	1	
1	1	1	
1	1	1	
2	1	
2	1	
2	1	
1	1	1	
1	1	1	
1	1	1	
3	
1	1	1	
2	1	
1	1	1	
2	1	
3	
2	1	
1	1	1	
3	
3	
1	1	1	
1	1	1	
1	1	1	
1	1	1	
2	1	
1	1	1	
1	1	1	
2	1	
2	1	
2	1	
1	1	1	
1	1	1	
1	1	1	
2	1	
1	1	1	
1	1	1	
1	1	1	
1	1	1	
3	
2	1	
2	1	
1	1	1	
3	
2	1	
1	1	1	
1	1	1	
1	1	1	
2	1	
3	
2	1	
2	1	
1	1	1	
3	
1	1	1	
2	1	
1	1	1	
2	1	
3	
1	1	1	
1	1	1	
2	1	
3	
1	1	1	
2	1	
1	1	1	
2	1	
1	1	1	
1	1	1	
2	1	
1	1	1	
3	
2	1	
3	
1	1	1	
2	1	
3	
1	1	1	
2	1	
2	1	
2	1	
1	1	1	
1	1	1	
1	1	1	
1	1	1	
3	
1	1	1	
2	1	
2	1	
2	1	
1	1	1	
1	1	1	
3	
3	
2	1	
1	1	1	
1	1	1	
2	1	
2	1	
1	1	1	
1	1	1	
1	1	1	
2	1	
1	1	1	
1	1	1	
3	
2	1	
2	1	
1	1	1	
1	1	1	
2	1	
2	1	
1	1	1	
1	1	1	
2	1	
2	1	
2	1	
1	1	1	
1	1	1	
1	1	1	
2	1	
1	1	1	
2	1	
3	
2	1	
1	1	1	
2	1	
1	1	1	
2	1	
2	1	
2	1	
2	1	
1	1	1	
1	1	1	
2	1	
1	1	1	
1	1	1	
1	1	1	
2	1	
2	1	
3	
1	1	1	
1	1	1	
3	
2	1	
3	
1	1	1	
3	
2	1	
2	1	
2	1	
1	1	1	
2	1	
2	1	
3	
2	1	
3	
3	
1	1	1	
2	1	
3	
1	1	1	
1	1	1	
3	
1	1	1	
2	1	
2	1	
1	1	1	
1	1	1	
2	1	
2	1	
1	1	1	
2	1	
1	1	1	
2	1	
2	1	
3	
1	1	1	
1	1	1	
2	1	
1	1	1	
1	1	1	
2	1	
1	1	1	
2	1	
2	1	
3	
3	
2	1	
2	1	
2	1	
1	1	1	
1	1	1	
2	1	
1	1	1	
3	
2	1	
1	1	1	
1	1	1	
1	1	1	
3	
2	1	
2	1	
1	1	1	
1	1	1	
1	1	1	
2	1	
3	
2	1	
2	1	
2	1	
2	1	
1	1	1	
1	1	1	
2	1	
1	1	1	
2	1	
3	
2	1	
2	1	
1	1	1	
2	1	
3	
2	1	
2	1	
2	1	
3	
1	1	1	
1	1	1	
3	
3	
1	1	1	
1	1	1	
1	1	1	
1	1	1	
1	1	1	
2	1	
1	1	1	
1	1	1	
3	
1	1	1	
2	1	
1	1	1	
2	1	
1	1	1	
1	1	1	
2	1	
2	1	
1	1	1	
1	1	1	
2	1	
2	1	
3	
2	1	
1	1	1	
1	1	1	
1	1	1	
2	1	
2	1	
1	1	1	
1	1	1	
3	
2	1	
2	1	
1	1	1	
1	1	1	
1	1	1	
1	1	1	
1	1	1	
1	1	1	
2	1	
2	1	
3	
1	1	1	
2	1	
1	1	1	
1	1	1	
1	1	1	
1	1	1	
3	
3	
1	1	1	
1	1	1	
1	1	1	
2	1	
1	1	1	
1	1	1	
1	1	1	
3	
1	1	1	
1	1	1	
2	1	
1	1	1	
2	1	
2	1	
2	1	
2	1	
1	1	1	
1	1	1	
2	1	
1	1	1	
2	1	
3	
1	1	1	
3	
3	
3	
1	1	1	
3	
2	1	
1	1	1	
1	1	1	
2	1	
3	
2	1	
1	1	1	
1	1	1	
2	1	
2	1	
2	1	
1	1	1	
1	1	1	
2	1	
1	1	1	
1	1	1	
1	1	1	
1	1	1	
2	1	
1	1	1	
1	1	1	
1	1	1	
1	1	1	
1	1	1	
2	1	
2	1	
1	1	1	
1	1	1	
1	1	1	
1	1	1	
2	1	
1	1	1	
2	1	
1	1	1	
2	1	
1	1	1	
2	1	
3	
1	1	1	
2	1	
1	1	1	
1	1	1	
2	1	
2	1	
1	1	1	
1	1	1	
1	1	1	
1	1	1	
3	
1	1	1	
1	1	1	
1	1	1	
1	1	1	
1	1	1	
2	1	
2	1	
1	1	1	
3	
1	1	1	
1	1	1	
1	1	1	
1	1	1	
1	1	1	
2	1	
1	1	1	
1	1	1	
2	1	
2	1	
1	1	1	
3	
2	1	
2	1	
1	1	1	
1	1	1	
1	1	1	
2	1	
1	1	1	
3	
2	1	
1	1	1	
2	1	
1	1	1	
3	
2	1	
1	1	1	
2	1	
2	1	
1	1	1	
2	1	
3	
1	1	1	
1	1	1	
3	
3	
1	1	1	
1	1	1	
1	1	1	
1	1	1	
2	1	
3	
1	1	1	
1	1	1	
1	1	1	
1	1	1	
1	1	1	
1	1	1	
3	
2	1	
2	1	
2	1	
2	1	
3	
2	1	
1	1	1	
2	1	
2	1	
1	1	1	
1	1	1	
1	1	1	
1	1	1	
1	1	1	
1	1	1	
1	1	1	
3	
1	1	1	
3	
3	
2	1	
3	
1	1	1	
1	1	1	
1	1	1	
1	1	1	
1	1	1	
2	1	
2	1	
2	1	
2	1	
1	1	1	
2	1	
1	1	1	
2	1	
1	1	1	
1	1	1	
2	1	
1	1	1	
1	1	1	
2	1	
3	
1	1	1	
1	1	1	
1	1	1	
2	1	
2	1	
2	1	
2	1	
2	1	
2	1	
2	1	
1	1	1	
1	1	1	
1	1	1	
2	1	
1	1	1	
1	1	1	
3	
2	1	
3	
1	1	1	
1	1	1	
1	1	1	
2	1	
2	1	
1	1	1	
1	1	1	
2	1	
3	
1	1	1	
1	1	1	
2	1	
1	1	1	
2	1	
3	
3	
1	1	1	
2	1	
1	1	1	
1	1	1	
3	
1	1	1	
3	
3	
1	1	1	
1	1	1	
3	
2	1	
3	
1	1	1	
2	1	
2	1	
2	1	
2	1	
1	1	1	
1	1	1	
1	1	1	
3	
1	1	1	
1	1	1	
3	
1	1	1	
3	
1	1	1	
1	1	1	
1	1	1	
2	1	
2	1	
2	1	
2	1	
2	1	
2	1	
2	1	
3	
2	1	
2	1	
1	1	1	
1	1	1	
1	1	1	
2	1	
2	1	
1	1	1	
1	1	1	
1	1	1	
2	1	
1	1	1	
2	1	
1	1	1	
2	1	
2	1	
3	
1	1	1	
1	1	1	
3	
1	1	1	
1	1	1	
3	
1	1	1	
1	1	1	
3	
1	1	1	
3	
3	
2	1	
3	
2	1	
2	1	
2	1	
2	1	
2	1	
2	1	
1	1	1	
1	1	1	
1	1	1	
1	1	1	
2	1	
1	1	1	
1	1	1	
3	
2	1	
1	1	1	
2	1	
2	1	
2	1	
2	1	
2	1	
1	1	1	
3	
1	1	1	
1	1	1	
2	1	
1	1	1	
1	1	1	
1	1	1	
1	1	1	
1	1	1	
3	
2	1	
2	1	
1	1	1	
1	1	1	
1	1	1	
2	1	
1	1	1	
2	1	
2	1	
1	1	1	
1	1	1	
2	
2	
1	1	
1	1	
1	1	
1	1	
1	1	
1	1	
1	1	
1	1	
1	1	
1	1	
1	1	
1	1	
2	
1	1	
1	1	
1	1	
1	1	
1	1	
1	1	
1	1	
1	1	
1	1	
2	
1	1	
1	1	
2	
1	1	
1	1	
2	
2	
1	1	
2	
2	
2	
2	
1	1	
1	1	
1	1	
1	1	
2	
1	1	
1	1	
1	1	
2	
1	1	
1	1	
1	1	
1	1	
2	
2	
2	
2	
1	1	
1	1	
1	1	
1	1	
1	1	
1	1	
1	1	
2	
1	1	
2	
2	
1	1	
1	1	
1	1	
1	1	
2	
1	1	
2	
2	
2	
1	1	
1	1	
1	1	
1	1	
1	1	
1	1	
1	1	
1	1	
1	1	
2	
1	1	
1	1	
2	
1	1	
1	1	
1	1	
1	1	
1	1	
1	1	
1	1	
1	1	
1	1	
1	1	
1	1	
1	1	
2	
1	1	
1	1	
1	1	
1	1	
1	1	
2	
2	
1	1	
1	1	
1	1	
2	
1	1	
1	1	
1	1	
1	1	
2	
2	
1	1	
1	1	
1	1	
2	
1	1	
1	1	
1	1	
1	1	
1	1	
1	1	
1	1	
1	1	
1	1	
1	1	
1	1	
1	1	
1	1	
1	1	
1	1	
1	1	
1	1	
1	1	
1	1	
2	
2	
1	1	
1	1	
1	1	
2	
1	1	
1	1	
1	1	
1	1	
1	1	
2	
1	1	
2	
2	
1	1	
2	
2	
2	
1	1	
1	1	
2	
2	
1	1	
1	1	
1	1	
1	1	
2	
1	1	
1	1	
2	
2	
1	1	
1	1	
1	1	
1	1	
1	1	
1	1	
1	1	
2	
1	1	
1	1	
2	
1	1	
1	1	
1	1	
1	1	
2	
1	1	
1	1	
1	1	
1	1	
1	1	
2	
1	1	
1	1	
1	1	
1	1	
1	1	
2	
2	
1	1	
2	
2	
2	
2	
2	
2	
1	1	
1	1	
1	1	
1	1	
1	1	
1	1	
1	1	
1	1	
1	1	
1	1	
1	1	
1	1	
1	1	
1	1	
1	1	
2	
1	1	
1	1	
2	
2	
1	1	
1	1	
1	1	
2	
1	1	
1	1	
1	1	
1	1	
1	1	
1	1	
1	1	
1	1	
2	
1	1	
1	1	
1	1	
2	
1	1	
1	1	
1	1	
1	1	
1	1	
1	1	
1	1	
1	1	
1	1	
1	1	
2	
1	1	
1	1	
1	1	
1	1	
1	1	
1	1	
1	1	
1	1	
2	
2	
1	1	
1	1	
1	1	
1	1	
2	
1	1	
1	1	
1	1	
2	
1	1	
1	1	
2	
2	
1	1	
2	
2	
1	1	
1	1	
2	
1	1	
1	1	
1	1	
1	1	
1	1	
1	1	
1	1	
1	1	
1	1	
2	
1	1	
1	1	
2	
2	
1	1	
2	
1	1	
1	1	
1	1	
2	
1	1	
2	
1	1	
2	
1	1	
2	
2	
2	
2	
1	1	
2	
1	1	
1	1	
1	1	
1	1	
1	1	
1	1	
1	1	
1	1	
1	1	
1	1	
1	1	
1	1	
2	
1	1	
1	1	
2	
1	1	
1	1	
1	1	
1	1	
2	
1	1	
1	1	
1	1	
1	1	
1	1	
1	1	
2	
1	1	
1	1	
1	1	
1	1	
1	1	
1	1	
2	
2	
1	1	
1	1	
2	
2	
2	
2	
2	
1	1	
2	
1	1	
1	1	
1	1	
2	
2	
1	1	
1	1	
1	1	
1	1	
1	1	
1	1	
1	1	
1	1	
1	1	
2	
1	1	
1	1	
2	
2	
1	1	
1	1	
1	1	
2	
1	1	
1	1	
2	
1	1	
1	1	
2	
1	1	
2	
1	1	
2	
1	1	
2	
1	1	
2	
2	
1	1	
1	1	
1	1	
1	1	
2	
1	1	
1	1	
1	1	
2	
2	
2	
2	
2	
1	1	
1	1	
2	
1	1	
2	
1	1	
1	1	
1	1	
2	
1	1	
1	1	
1	1	
2	
1	1	
1	1	
1	1	
1	1	
1	1	
1	1	
2	
1	1	
2	
1	1	
2	
2	
1	1	
1	1	
1	1	
1	1	
1	1	
2	
2	
2	
1	1	
1	1	
1	1	
2	
1	1	
2	
1	1	
2	
1	1	
1	1	
1	1	
2	
2	
1	1	
1	1	
2	
2	
1	1	
2	
1	1	
2	
2	
1	1	
1	1	
2	
1	1	
1	1	
1	1	
1	1	
2	
1	1	
1	1	
2	
1	1	
2	
2	
1	1	
1	1	
1	1	
2	
1	1	
2	
1	1	
1	1	
1	1	
2	
1	1	
1	1	
1	1	
1	1	
1	1	
1	1	
2	
2	
1	1	
1	1	
1	1	
1	1	
1	1	
2	
1	1	
1	1	
1	1	
1	1	
1	1	
1	1	
1	1	
2	
1	1	
2	
1	1	
1	1	
1	1	
2	
2	
1	1	
2	
1	1	
1	1	
2	
1	1	
1	1	
1	1	
1	1	
1	1	
2	
1	1	
1	1	
1	1	
2	
1	1	
1	1	
1	1	
1	1	
1	1	
1	1	
1	1	
2	
2	
2	
1	1	
1	1	
2	
1	1	
1	1	
1	1	
1	1	
1	1	
2	
1	1	
1	1	
1	1	
1	1	
1	1	
1	1	
1	1	
1	1	
1	1	
1	1	
1	1	
1	1	
1	1	
2	
2	
1	1	
1	1	
2	
2	
1	1	
2	
1	1	
1	1	
1	1	
1	1	
1	1	
2	
1	1	
1	1	
1	1	
1	1	
1	1	
2	
2	
2	
1	1	
1	1	
1	1	
1	1	
2	
1	1	
1	1	
1	1	
1	1	
1	1	
1	1	
1	1	
1	1	
2	
2	
1	1	
1	1	
2	
2	
1	1	
2	
1	1	
1	1	
1	1	
1	1	
1	1	
2	
1	1	
2	
1	1	
1	1	
1	1	
2	
2	
1	1	
1	1	
1	1	
1	1	
1	1	
2	
1	1	
2	
1	1	
2	
1	1	
1	1	
1	1	
1	1	
1	1	
2	
1	1	
1	1	
2	
1	1	
2	
1	1	
1	1	
2	
1	1	
2	
1	1	
1	1	
2	
1	1	
1	1	
1	1	
1	1	
1	1	
1	1	
1	1	
1	1	
2	
1	1	
1	1	
1	1	
1	1	
2	
1	1	
2	
1	1	
1	1	
1	1	
2	
1	1	
1	1	
1	1	
2	
1	1	
1	1	
2	
1	1	
1	1	
2	
1	1	
1	1	
2	
1	1	
2	
1	1	
1	1	
2	
1	1	
1	1	
1	1	
2	
1	1	
2	
1	1	
1	1	
2	
1	1	
1	1	
1	1	
1	1	
2	
1	1	
1	1	
1	1	
1	1	
1	1	
2	
1	1	
2	
1	1	
2	
1	1	
2	
1	1	
1	1	
1	1	
1	1	
1	1	
1	1	
1	1	
2	
1	1	
1	1	
1	1	
1	1	
2	
1	1	
1	1	
2	
1	1	
2	
1	1	
1	1	
1	1	
1	1	
1	1	
2	
1	1	
1	1	
1	1	
1	1	
1	1	
1	1	
2	
1	1	
1	1	
1	1	
1	1	
1	1	
1	1	
1	1	
1	1	
1	1	
1	1	
2	
2	
1	1	
2	
2	
2	
2	
1	1	
1	1	
1	1	
2	
2	
2	
2	
1	1	
1	1	
1	1	
2	
1	1	
1	1	
1	1	
2	
2	
2	
1	1	
2	
2	
1	1	
1	1	
1	1	
1	1	
1	1	
2	
1	1	
1	1	
2	
2	
1	1	
1	1	
1	1	
1	1	
2	
1	1	
1	1	
2	
1	1	
2	
1	1	
2	
2	
1	1	
1	1	
1	1	
1	1	
1	1	
1	1	
1	1	
2	
2	
1	1	
2	
1	1	
2	
1	1	
2	
1	1	
1	1	
1	1	
2	
1	1	
1	1	
2	
2	
1	1	
1	1	
2	
1	1	
2	
1	1	
2	
2	
2	
1	1	
1	1	
2	
1	1	
1	1	
1	1	
2	
2	
1	1	
1	1	
2	
1	1	
1	1	
1	1	
2	
1	1	
1	1	
1	1	
1	1	
1	1	
1	1	
1	1	
1	1	
1	1	
1	1	
1	1	
2	
1	1	
1	1	
2	
1	1	
2	
1	1	
1	1	
1	1	
1	1	
1	1	
1	1	
1	1	
1	1	
2	
2	
1	1	
1	1	
1	1	
2	
1	1	
2	
1	1	
2	
2	
2	
1	1	
2	
1	1	
1	1	
2	
1	1	
2	
1	1	
1	1	
2	
1	1	
2	
1	1	
1	1	
1	1	
2	
1	1	
2	
1	1	
1	1	
2	
1	1	
2	
2	
2	
2	
1	1	
1	1	
1	1	
1	1	
1	1	
1	1	
2	
1	1	
2	
1	1	
1	1	
2	
2	
1	1	
1	1	
1	1	
1	1	
1	1	
1	1	
2	
1	1	
2	
1	1	
1	1	
2	
1	1	
1	1	
2	
1	1	
1	1	
1	1	
1	1	
2	
2	
1	1	
1	1	
1	1	
2	
2	
1	1	
1	1	
2	
1	1	
2	
1	1	
1	1	
1	1	
2	
1	1	
1	1	
1	1	
1	1	
1	1	
1	1	
1	1	
1	1	
1	1	
1	1	
2	
1	1	
1	1	
2	
1	1	
1	1	
2	
2	
1	1	
2	
1	1	
1	1	
1	1	
1	1	
2	
1	1	
1	1	
2	
1	1	
1	1	
1	1	
1	1	
2	
1	1	
1	1	
2	
2	
1	1	
1	1	
1	1	
1	1	
2	
2	
1	1	
2	
1	1	
1	1	
1	1	
1	1	
1	1	
1	1	
1	1	
1	1	
2	
1	1	
1	1	
1	1	
1	1	
1	1	
1	1	
1	1	
1	1	
1	1	
2	
2	
2	
1	1	
1	1	
2	
1	1	
1	1	
1	1	
1	1	
1	1	
1	1	
1	1	
1	1	
1	1	
1	1	
1	1	
1	1	
1	1	
2	
2	
1	1	
1	1	
1	1	
2	
1	1	
1	1	
2	
1	1	
1	1	
1	1	
1	1	
1	1	
1	1	
2	
1	1	
1	1	
1	1	
2	
1	1	
1	1	
2	
1	1	
1	1	
2	
1	1	
2	
2	
1	1	
2	
2	
1	1	
1	1	
1	1	
1	1	
2	
2	
1	1	
2	
2	
1	1	
1	1	
1	1	
1	1	
1	1	
1	1	
1	1	
2	
1	1	
1	1	
2	
1	1	
1	1	
2	
1	1	
1	1	
1	1	
2	
2	
1	1	
1	1	
1	1	
2	
1	1	
1	1	
1	1	
1	1	
2	
1	1	
1	1	
1	1	
1	1	
1	1	
2	
1	1	
1	1	
2	
1	1	
1	1	
1	1	
1	1	
1	1	
2	
1	1	
1	1	
1	1	
2	
1	1	
1	1	
1	1	
2	
2	
2	
2	
2	
2	
2	
2	
2	
1	1	
2	
1	1	
1	1	
1	1	
1	1	
1	1	
1	1	
1	1	
2	
1	1	
1	1	
1	1	
2	
1	1	
1	1	
1	1	
1	1	
1	1	
1	1	
2	
2	
1	1	
1	1	
2	
1	1	
2	
1	1	
1	1	
2	
1	1	
1	1	
1	1	
1	1	
2	
2	
1	1	
2	
1	1	
1	1	
1	1	
2	
1	1	
2	
1	1	
1	1	
1	1	
1	1	
2	
1	1	
1	1	
1	1	
2	
1	1	
1	1	
1	1	
1	1	
1	1	
1	1	
1	1	
2	
1	1	
1	1	
1	1	
1	1	
1	1	
1	1	
2	
1	1	
1	1	
2	
1	1	
2	
1	1	
1	1	
1	1	
1	1	
1	1	
2	
2	
2	
2	
1	1	
1	1	
1	1	
1	1	
1	1	
1	1	
1	1	
2	
2	
1	1	
1	1	
1	1	
1	1	
1	1	
1	1	
2	
1	1	
1	1	
1	1	
1	1	
1	1	
1	1	
2	
1	1	
1	1	
1	1	
1	1	
1	1	
2	
1	1	
1	1	
2	
2	
1	1	
1	1	
1	1	
1	1	
1	1	
1	1	
2	
1	1	
1	1	
1	1	
1	1	
1	1	
1	1	
1	1	
1	1	
1	1	
1	1	
1	1	
1	1	
1	1	
1	1	
1	1	
2	
1	1	
1	1	
1	1	
1	1	
1	1	
1	1	
2	
1	1	
1	1	
1	1	
1	1	
1	1	
1	1	
2	
1	1	
2	
1	1	
1	1	
2	
2	
1	1	
2	
1	1	
1	1	
1	1	
1	1	
2	
2	
1	1	
1	1	
1	1	
1	1	
1	1	
1	1	
1	1	
1	1	
2	
2	
1	1	
1	1	
1	1	
2	
1	1	
1	1	
1	1	
1	1	
1	1	
2	
1	1	
1	1	
1	1	
2	
1	1	
1	1	
2	
1	1	
1	1	
2	
1	1	
2	
1	1	
1	1	
1	1	
2	
2	
1	1	
1	1	
1	1	
1	1	
1	1	
2	
2	
1	1	
2	
1	1	
2	
2	
1	1	
1	1	
1	1	
1	1	
1	1	
1	1	
2	
2	
2	
1	1	
1	1	
2	
1	1	
2	
1	1	
2	
2	
2	
1	1	
1	1	
1	1	
1	1	
1	1	
2	
2	
2	
1	1	
1	1	
1	1	
2	
1	1	
2	
1	1	
1	1	
1	1	
1	1	
1	1	
1	1	
1	1	
2	
1	1	
1	1	
1	1	
1	1	
1	1	
1	1	
2	
2	
2	
2	
2	
1	1	
1	1	
1	1	
1	1	
1	1	
1	1	
1	1	
2	
2	
2	
1	1	
1	1	
1	1	
1	1	
1	1	
2	
2	
1	1	
2	
1	1	
1	1	
1	1	
1	1	
1	1	
1	1	
1	1	
1	1	
1	1	
2	
2	
1	1	
2	
1	1	
1	1	
1	1	
2	
2	
1	1	
2	
1	1	
1	1	
1	1	
1	1	
1	1	
2	
1	1	
2	
1	1	
2	
2	
2	
2	
1	1	
1	1	
1	1	
2	
1	1	
1	1	
2	
2	
1	1	
1	1	
1	1	
1	1	
1	1	
2	
1	1	
1	1	
1	1	
1	1	
1	1	
1	1	
2	
2	
1	1	
1	1	
2	
1	1	
1	1	
1	1	
1	1	
1	1	
1	1	
1	1	
1	1	
1	1	
1	1	
1	1	
1	1	
1	1	
1	1	
2	
2	
1	1	
1	1	
2	
1	1	
1	1	
2	
1	1	
1	1	
1	1	
1	1	
1	1	
1	1	
1	1	
1	1	
1	1	
1	1	
1	1	
1	1	
1	1	
2	
2	
1	1	
2	
1	1	
2	
1	1	
1	1	
2	
1	1	
1	1	
1	1	
1	1	
2	
1	1	
1	1	
1	1	
1	1	
1	1	
1	1	
1	1	
1	1	
1	1	
1	1	
1	1	
1	1	
1	1	
1	1	
2	
1	1	
1	1	
1	1	
1	1	
2	
2	
2	
1	1	
1	1	
1	1	
1	1	
1	1	
2	
1	1	
2	
2	
1	1	
2	
2	
1	1	
1	1	
1	1	
1	1	
2	
1	1	
2	
1	1	
1	1	
1	1	
2	
1	1	
2	
2	
1	1	
2	
1	1	
1	1	
1	1	
1	1	
1	1	
1	1	
2	
1	1	
1	1	
1	1	
2	
2	
1	1	
1	1	
1	1	
2	
1	1	
1	1	
1	1	
1	1	
1	1	
2	
2	
1	1	
1	1	
1	1	
1	1	
2	
1	1	
1	1	
2	
1	1	
1	1	
2	
2	
2	
1	1	
2	
1	1	
2	
1	1	
1	1	
1	1	
1	1	
1	1	
1	1	
2	
1	1	
1	1	
2	
1	1	
2	
1	1	
1	1	
1	1	
2	
1	1	
2	
1	1	
1	1	
1	1	
1	1	
2	
1	1	
1	1	
2	
1	1	
1	1	
1	1	
1	1	
2	
1	1	
1	1	
2	
1	1	
1	1	
1	1	
1	1	
1	1	
1	1	
1	1	
1	1	
1	1	
1	1	
1	1	
1	1	
1	1	
2	
1	1	
1	1	
1	1	
1	1	
1	1	
1	1	
1	1	
1	1	
1	1	
2	
1	1	
2	
1	1	
2	
2	
1	1	
2	
1	1	
1	1	
1	1	
2	
1	1	
2	
1	1	
1	1	
1	1	
2	
2	
2	
1	1	
2	
1	1	
1	1	
1	1	
1	1	
1	1	
1	1	
2	
2	
1	1	
1	1	
1	1	
1	1	
1	1	
2	
1	1	
2	
2	
1	1	
1	1	
1	1	
1	1	
1	1	
1	1	
1	1	
1	1	
2	
1	1	
1	1	
1	1	
1	1	
2	
2	
2	
1	1	
2	
1	1	
1	1	
2	
2	
1	1	
1	1	
1	1	
1	1	
2	
2	
1	1	
1	1	
1	1	
1	1	
1	1	
1	1	
1	1	
1	1	
1	1	
1	1	
1	1	
2	
2	
1	1	
1	1	
1	1	
1	1	
2	
1	1	
1	1	
1	1	
1	1	
2	
1	1	
1	1	
1	1	
2	
1	1	
1	1	
1	1	
1	1	
2	
2	
1	1	
2	
1	1	
1	1	
1	1	
2	
1	1	
1	1	
1	1	
1	1	
1	1	
1	1	
2	
2	
2	
1	1	
1	1	
1	1	
2	
1	1	
1	1	
2	
1	1	
2	
1	1	
1	1	
1	1	
2	
1	1	
1	1	
2	
1	1	
1	1	
1	1	
2	
1	1	
1	1	
1	1	
1	1	
1	1	
1	1	
1	1	
1	1	
2	
1	1	
2	
1	1	
1	1	
1	1	
1	1	
1	1	
2	
2	
2	
2	
2	
2	
2	
1	1	
2	
2	
1	1	
1	1	
1	1	
2	
1	1	
1	1	
1	1	
1	1	
1	1	
1	1	
1	1	
1	1	
1	1	
1	1	
1	1	
2	
1	1	
2	
2	
1	1	
1	1	
2	
1	1	
1	1	
1	1	
1	1	
1	1	
1	1	
1	1	
1	1	
1	1	
1	1	
1	1	
1	1	
2	
1	1	
2	
2	
1	1	
2	
1	1	
1	1	
2	
1	1	
1	1	
2	
2	
1	1	
1	1	
2	
1	1	
1	1	
2	
1	1	
1	1	
1	1	
1	1	
1	1	
2	
1	1	
1	1	
1	1	
1	1	
1	1	
2	
1	1	
1	1	
1	
1	
1	
1	
1	
1	
1	
1	
1	
1	
1	
1	
1	
1	
1	
1	
1	
1	
1	
1	
1	
1	
1	
1	
1	
1	
1	
1	
1	
1	
1	
1	
1	
1	
1	
1	
1	
1	
1	
1	
1	
1	
1	
1	
1	
1	
1	
1	
1	
1	
1	
1	
1	
1	
1	
1	
1	
1	
1	
1	
1	
1	
1	
1	
1	
1	
1	
1	
1	
1	
1	
1	
1	
1	
1	
1	
1	
1	
1	
1	
1	
1	
1	
1	
1	
1	
1	
1	
1	
1	
1	
1	
1	
1	
1	
1	
1	
1	
1	
1	
1	
1	
1	
1	
1	
1	
1	
1	
1	
1	
1	
1	
1	
1	
1	
1	
1	
1	
1	
1	
1	
1	
1	
1	
1	
1	
1	
1	
1	
1	
1	
1	
1	
1	
1	
1	
1	
1	
1	
1	
1	
1	
1	
1	
1	
1	
1	
1	
1	
1	
1	
1	
1	
1	
1	
1	
1	
1	
1	
1	
1	
1	
1	
1	
1	
1	
1	
1	
1	
1	
1	
1	
1	
1	
1	
1	
1	
1	
1	
1	
1	
1	
1	
1	
1	
1	
1	
1	
1	
1	
1	
1	
1	
1	
1	
1	
1	
1	
1	
1	
1	
1	
1	
1	
1	
1	
1	
1	
1	
1	
1	
1	
1	
1	
1	
1	
1	
1	
1	
1	
1	
1	
1	
1	
1	
1	
1	
1	
1	
1	
1	
1	
1	
1	
1	
1	
1	
1	
1	
1	
1	
1	
1	
1	
1	
1	
1	
1	
1	
1	
1	
1	
1	
1	
1	
1	
1	
1	
1	
1	
1	
1	
1	
1	
1	
1	
1	
1	
1	
1	
1	
1	
1	
1	
1	
1	
1	
1	
1	
1	
1	
1	
1	
1	
1	
1	
1	
1	
1	
1	
1	
1	
1	
1	
1	
1	
1	
1	
1	
1	
1	
1	
1	
1	
1	
1	
1	
1	
1	
1	
1	
1	
1	
1	
1	
1	
1	
1	
1	
1	
1	
1	
1	
1	
1	
1	
1	
1	
1	
1	
1	
1	
1	
1	
1	
1	
1	
1	
1	
1	
1	
1	
1	
1	
1	
1	
1	
1	
1	
1	
1	
1	
1	
1	
1	
1	
1	
1	
1	
1	
1	
1	
1	
1	
1	
1	
1	
1	
1	
1	
1	
1	
1	
1	
1	
1	
1	
1	
1	
1	
1	
1	
1	
1	
1	
1	
1	
1	
1	
1	
1	
1	
1	
1	
1	
1	
1	
1	
1	
1	
1	
1	
1	
1	
1	
1	
1	
1	
1	
1	
1	
1	
1	
1	
1	
1	
1	
1	
1	
1	
1	
1	
1	
1	
1	
1	
1	
1	
1	
1	
1	
1	
1	
1	
1	
1	
1	
1	
1	
1	
1	
1	
1	
1	
1	
1	
1	
1	
1	
1	
1	
1	
1	
1	
1	
1	
1	
1	
1	
1	
1	
1	
1	
1	
1	
1	
1	
1	
1	
1	
1	
1	
1	
1	
1	
1	
1	
1	
1	
1	
1	
1	
1	
1	
1	
1	
1	
1	
1	
1	
1	
1	
1	
1	
1	
1	
1	
1	
1	
1	
1	
1	
1	
1	
1	
1	
1	
1	
1	
1	
1	
1	
1	
1	
1	
1	
1	
1	
1	
1	
1	
1	
1	
1	
1	
1	
1	
1	
1	
1	
1	
1	
1	
1	
1	
1	
1	
1	
1	
1	
1	
1	
1	
1	
1	
1	
1	
1	
1	
1	
1	
1	
1	
1	
1	
1	
1	
1	
1	
1	
1	
1	
1	
1	
1	
1	
1	
1	
1	
1	
1	
1	
1	
1	
1	
1	
1	
1	
1	
1	
1	
1	
1	
1	
1	
1	
1	
1	
1	
1	
1	
1	
1	
1	
1	
1	
1	
1	
1	
1	
1	
1	
1	
1	
1	
1	
1	
1	
1	
1	
1	
1	
1	
1	
1	
1	
1	
1	
1	
1	
1	
1	
1	
1	
1	
1	
1	
1	
1	
1	
1	
1	
1	
1	
1	
1	
1	
1	
1	
1	
1	
1	
1	
1	
1	
1	
1	
1	
1	
1	
1	
1	
1	
1	
1	
1	
1	
1	
1	
1	
1	
1	
1	
1	
1	
1	
1	
1	
1	
1	
1	
1	
1	
1	
1	
1	
1	
1	
1	
1	
1	
1	
1	
1	
1	
1	
1	
1	
1	
1	
1	
1	
1	
1	
1	
1	
1	
1	
1	
1	
1	
1	
1	
1	
1	
1	
1	
1	
1	
1	
1	
1	
1	
1	
1	
1	
1	
1	
1	
1	
1	
1	
1	
1	
1	
1	
1	
1	
1	
1	
1	
1	
1	
1	
1	
1	
1	
1	
1	
1	
1	
1	
1	
1	
1	
1	
1	
1	
1	
1	
1	
1	
1	
1	
1	
1	
1	
1	
1	
1	
1	
1	
1	
1	
1	
1	
1	
1	
1	
1	
1	
1	
1	
1	
1	
1	
1	
1	
1	
1	
1	
1	
1	
1	
1	
1	
1	
1	
1	
1	
1	
1	
1	
1	
1	
1	
1	
1	
1	
1	
1	
1	
1	
1	
1	
1	
1	
1	
1	
1	
1	
1	
1	
1	
1	
1	
1	
1	
1	
1	
1	
1	
1	
1	
1	
1	
1	
1	
1	
1	
1	
1	
1	
1	
1	
1	
1	
1	
1	
1	
1	
1	
1	
1	
1	
1	
1	
1	
1	
1	
1	
1	
1	
1	
1	
1	
1	
1	
1	
1	
1	
1	
1	
1	
1	
1	
1	
1	
1	
1	
1	
1	
1	
1	
1	
1	
1	
1	
1	
1	
1	
1	
1	
1	
1	
1	
1	
1	
1	
1	
1	
1	
1	
1	
1	
1	
1	
1	
1	
1	
1	
1	
1	
1	
1	
1	
1	
1	
1	
1	
1	
1	
1	
1	
1	
1	
1	
1	
1	
1	
1	
1	
1	
1	
1	
1	
1	
1	
1	
1	
1	
1	
1	
1	
1	
1	
1	
1	
1	
1	
1	
1	
1	
1	
1	
1	
1	
1	
1	
1	
1	
1	
1	
1	
1	
1	
1	
1	
1	
1	
1	
1	
1	
1	
1	
1	
1	
1	
1	
1	
1	
1	
1	
1	
1	
1	
1	
1	
1	
1	
1	
1	
1	
1	
1	
1	
1	
1	
1	
1	
1	
1	
1	
1	
1	
1	
1	
1	
1	
1	
1	
1	
1	
1	
1	
1	
1	
1	
1	
1	
1	
1	
1	
1	
1	
1	
1	
1	
1	
1	
1	
1	
1	
1	
1	
1	
1	
1	
1	
1	
1	
1	
1	
1	
1	
1	
1	
1	
1	
1	
1	
1	
1	
1	
1	
1	
1	
1	
1	
1	
1	
1	
1	
1	
1	
1	
1	
1	
1	
1	
1	
1	
1	
1	
1	
1	
1	
1	
1	
1	
1	
1	
1	
1	
1	
1	
1	
1	
1	
1	
1	
1	
1	
1	
1	
1	
1	
1	
1	
1	
1	
1	
1	
1	
1	
1	
1	
1	
1	
1	
1	
1	
1	
1	
1	
1	
1	
1	
1	
1	
1	
1	
1	
1	
1	
1	
1	
1	
1	
1	
1	
1	
1	
1	
1	
1	
1	
1	
1	
1	
1	
1	
1	
1	
1	
1	
1	
1	
1	
1	
1	
1	
1	
1	
1	
1	
1	
1	
1	
1	
1	
1	
1	
1	
1	
1	
1	
1	
1	
1	
1	
1	
1	
1	
1	
1	
1	
1	
1	
1	
1	
1	
1	
1	
1	
1	
1	
1	
1	
1	
1	
1	
1	
1	
1	
1	
1	
1	
1	
1	
1	
1	
1	
1	
1	
1	
1	
1	
1	
1	
1	
1	
1	
1	
1	
1	
1	
1	
1	
1	
1	
1	
1	
1	
1	
1	
1	
1	
1	
1	
1	
1	
1	
1	
1	
1	
1	
1	
1	
1	
1	
1	
1	
1	
1	
1	
1	
1	
1	
1	
1	
1	
1	
1	
1	
1	
1	
1	
1	
1	
1	
1	
1	
1	
1	
1	
1	
1	
1	
1	
1	
1	
1	
1	
1	
1	
1	
1	
1	
1	
1	
1	
1	
1	
1	
1	
1	
1	
1	
1	
1	
1	
1	
1	
1	
1	
1	
1	
1	
1	
1	
1	
1	
1	
1	
1	
1	
1	
1	
1	
1	
1	
1	
1	
1	
1	
1	
1	
1	
1	
1	
1	
1	
1	
1	
1	
1	
1	
1	
1	
1	
1	
1	
1	
1	
1	
1	
1	
1	
1	
1	
1	
1	
1	
1	
1	
1	
1	
1	
1	
1	
1	
1	
1	
1	
1	
1	
1	
1	
1	
1	
1	
1	
1	
1	
1	
1	
1	
1	
1	
1	
1	
1	
1	
1	
1	
1	
1	
1	
1	
1	
1	
1	
1	
1	
1	
1	
1	
1	
1	
1	
1	
1	
1	
1	
1	
1	
1	
1	
1	
1	
1	
1	
1	
1	
1	
1	
1	
1	
1	
1	
1	
1	
1	
1	
1	
1	
1	
1	
1	
1	
1	
1	
1	
1	
1	
1	
1	
1	
1	
1	
1	
1	
1	
1	
1	
1	
1	
1	
1	
1	
1	
1	
1	
1	
1	
1	
1	
1	
1	
1	
1	
1	
1	
1	
1	
1	
1	
1	
1	
1	
1	
1	
1	
1	
1	
1	
1	
1	
1	
1	
1	
1	
1	
1	
1	
1	
1	
1	
1	
1	
1	
1	
1	
1	
1	
1	
1	
1	
1	
1	
1	
1	
1	
1	
1	
1	
1	
1	
1	
1	
1	
1	
1	
1	
1	
1	
1	
1	
1	
1	
1	
1	
1	
1	
1	
1	
1	
1	
1	
1	
1	
1	
1	
1	
1	
1	
1	
1	
1	
1	
1	
1	
1	
1	
1	
1	
1	
1	
1	
1	
1	
1	
1	
1	
1	
1	
1	
1	
1	
1	
1	
1	
1	
1	
1	
1	
1	
1	
1	
1	
1	
1	
1	
1	
1	
1	
1	
1	
1	
1	
1	
1	
1	
1	
1	
1	
1	
1	
1	
1	
1	
1	
1	
1	
1	
1	
1	
1	
1	
1	
1	
1	
1	
1	
1	
1	
1	
1	
1	
1	
1	
1	
1	
1	
1	
1	
1	
1	
1	
1	
1	
1	
1	
1	
1	
1	
1	
1	
1	
1	
1	
1	
1	
1	
1	
1	
1	
1	
1	
1	
1	
1	
1	
1	
1	
1	
1	
1	
1	
1	
1	
1	
1	
1	
1	
1	
1	
1	
1	
1	
1	
1	
1	
1	
1	
1	
1	
1	
1	
1	
1	
1	
1	
1	
1	
1	
1	
1	
1	
1	
1	
1	
1	
1	
1	
1	
1	
1	
1	
1	
1	
1	
1	
1	
1	
1	
1	
1	
1	
1	
1	
1	
1	
1	
1	
1	
1	
1	
1	
1	
1	
1	
1	
1	
1	
1	
1	
1	
1	
1	
1	
1	
1	
1	
1	
1	
1	
1	
1	
1	
1	
1	
1	
1	
1	
1	
1	
1	
1	
1	
1	
1	
1	
1	
1	
1	
1	
1	
1	
1	
1	
1	
1	
1	
1	
1	
1	
1	
1	
1	
1	
1	
1	
1	
1	
1	
1	
1	
1	
1	
1	
1	
1	
1	
1	
1	
1	
1	
1	
1	
1	
1	
1	
1	
1	
1	
1	
1	
1	
1	
1	
1	
1	
1	
1	
1	
1	
1	
1	
1	
1	
1	
1	
1	
1	
1	
1	
1	
1	
1	
1	
1	
1	
1	
1	
1	
1	
1	
1	
1	
1	
1	
1	
1	
1	
1	
1	
1	
1	
1	
1	
1	
1	
1	
1	
1	
1	
1	
1	
1	
1	
1	
1	
1	
1	
1	
1	
1	
1	
1	
1	
1	
1	
1	
1	
1	
1	
1	
1	
1	
1	
1	
1	
1	
1	
1	
1	
1	
1	
1	
1	
1	
1	
1	
1	
1	
1	
1	
1	
1	
1	
1	
1	
1	
1	
1	
1	
1	
1	
1	
1	
1	
1	
1	
1	
1	
1	
1	
1	
1	
1	
1	
1	
1	
1	
1	
1	
1	
1	
1	
1	
1	
1	
1	
1	
1	
1	
1	
1	
1	
1	
1	
1	
1	
1	
1	
1	
1	
1	
1	
1	
1	
1	
1	
1	
1	
1	
1	
1	
1	
1	
1	
1	
1	
1	
1	
1	
1	
1	
1	
1	
1	
1	
1	
1	
1	
1	
1	
1	
1	
1	
1	
1	
1	
1	
1	
1	
1	
1	
1	
1	
1	
1	
1	
1	
1	
1	
1	
1	
1	
1	
1	
1	
1	
1	
1	
1	
1	
1	
1	
1	
1	
1	
1	
1	
1	
1	
1	
1	
1	
1	
1	
1	
1	
1	
1	
1	
1	
1	
1	
1	
1	
1	
1	
1	
1	
1	
1	
1	
1	
1	
1	
1	
1	
1	
1	
1	
1	
1	
1	
1	
1	
1	
1	
1	
1	
1	
1	
1	
1	
1	
1	
1	
1	
1	
1	
1	
1	
1	
1	
1	
1	
1	
1	
1	
1	
1	
1	
1	
1	
1	
1	
1	
1	
1	
1	
1	
1	
1	
1	
1	
1	
1	
1	
1	
1	
1	
1	
1	
1	
1	
1	
1	
1	
1	
1	
1	
1	
1	
1	
1	
1	
1	
1	
1	
1	
1	
1	
1	
1	
1	
1	
1	
1	
1	
1	
1	
1	
1	
1	
1	
1	
1	
1	
1	
1	
1	
1	
1	
1	
1	
1	
1	
1	
1	
1	
1	
1	
1	
1	
1	
1	
1	
1	
1	
1	
1	
1	
1	
1	
1	
1	
1	
1	
1	
1	
1	
1	
1	
1	
1	
1	
1	
1	
1	
1	
1	
1	
1	
1	
1	
1	
1	
1	
1	
1	
1	
1	
1	
1	
1	
1	
1	
1	
1	
1	
1	
1	
1	
1	
1	
1	
1	
1	
1	
1	
1	
1	
1	
1	
1	
1	
1	
1	
1	
1	
1	
1	
1	
1	
1	
1	
1	
1	
1	
1	
1	
1	
1	
1	
1	
1	
1	
1	
1	
1	
1	
1	
1	
1	
1	
1	
1	
1	
1	
1	
1	
1	
1	
1	
1	
1	
1	
1	
1	
1	
1	
1	
1	
1	
1	
1	
1	
1	
1	
1	
1	
1	
1	
1	
1	
1	
1	
1	
1	
1	
1	
1	
1	
1	
1	
1	
1	
1	
1	
1	
1	
1	
1	
1	
1	
1	
1	
1	
1	
1	
1	
1	
1	
1	
1	
1	
1	
1	
1	
1	
1	
1	
1	
1	
1	
1	
1	
1	
1	
1	
1	
1	
1	
1	
1	
1	
1	
1	
1	
1	
1	
1	
1	
1	
1	
1	
1	
1	
1	
1	
1	
1	
1	
1	
1	
1	
1	
1	
1	
1	
1	
1	
1	
1	
1	
1	
1	
1	
1	
1	
1	
1	
1	
1	
1	
1	
1	
1	
1	
1	
1	
1	
1	
1	
1	
1	
1	
1	
1	
1	
1	
1	
1	
1	
1	
1	
1	
1	
1	
1	
1	
1	
1	
1	
1	
1	
1	
1	
1	
1	
1	
1	
1	
1	
1	
1	
1	
1	
1	
1	
1	
1	
1	
1	
1	
1	
1	
1	
1	
1	
1	
1	
1	
1	
1	
1	
1	
1	
1	
1	
1	
1	
1	
1	
1	
1	
1	
1	
1	
1	
1	
1	
1	
1	
1	
1	
1	
1	
1	
1	
1	
1	
1	
1	
1	
1	
1	
1	
1	
1	
1	
1	
1	
1	
1	
1	
1	
1	
1	
1	
1	
1	
1	
1	
1	
1	
1	
1	
1	
1	
1	
1	
1	
1	
1	
1	
1	
1	
1	
1	
1	
1	
1	
1	
1	
1	
1	
1	
1	
1	
1	
1	
1	
1	
1	
1	
1	
1	
1	
1	
1	
1	
1	
1	
1	
1	
1	
1	
1	
1	
1	
1	
1	
1	
1	
1	
1	
1	
1	
1	
1	
1	
1	
1	
1	
1	
1	
1	
1	
1	
1	
1	
1	
1	
1	
1	
1	
1	
1	
1	
1	
1	
1	
1	
1	
1	
1	
1	
1	
1	
1	
1	
1	
1	
1	
1	
1	
1	
1	
1	
1	
1	
1	
1	
1	
1	
1	
1	
1	
1	
1	
1	
1	
1	
1	
1	
1	
1	
1	
1	
1	
1	
1	
1	
1	
1	
1	
1	
1	
1	
1	
1	
1	
1	
1	
1	
1	
1	
1	
1	
1	
1	
1	
1	
1	
1	
1	
1	
1	
1	
1	
1	
1	
1	
1	
1	
1	
1	
1	
1	
1	
1	
1	
1	
1	
1	
1	
1	
1	
1	
1	
1	
1	
1	
1	
1	
1	
1	
1	
1	
1	
1	
1	
1	
1	
1	
1	
1	
1	
1	
1	
1	
1	
1	
1	
1	
1	
1	
1	
1	
1	
1	
1	
1	
1	
1	
1	
1	
1	
1	
1	
1	
1	
1	
1	
1	
1	
1	
1	
1	
1	
1	
1	
1	
1	
1	
1	
1	
1	
1	
1	
1	
1	
1	
1	
1	
1	
1	
1	
1	
1	
1	
1	
1	
1	
1	
1	
1	
1	
1	
1	
1	
1	
1	
1	
1	
1	
1	
1	
1	
1	
1	
1	
1	
1	
1	
1	
1	
1	
1	
1	
1	
1	
1	
1	
1	
1	
1	
1	
1	
1	
1	
1	
1	
1	
1	
1	
1	
1	
1	
1	
1	
1	
1	
1	
1	
1	
1	
1	
1	
1	
1	
1	
1	
1	
1	
1	
1	
1	
1	
1	
1	
1	
1	
1	
1	
1	
1	
1	
1	
1	
1	
1	
1	
1	
1	
1	
1	
1	
1	
1	
1	
1	
1	
1	
1	
1	
1	
1	
1	
1	
1	
1	
1	
1	
1	
1	
1	
1	
1	
1	
1	
1	
1	
1	
1	
1	
1	
1	
1	
1	
1	
1	
1	
1	
1	
1	
1	
1	
1	
1	
1	
1	
1	
1	
1	
1	
1	
1	
1	
1	
1	
1	
1	
1	
1	
1	
1	
1	
1	
1	
1	
1	
1	
1	
1	
1	
1	
1	
1	
1	
1	
1	
1	
1	
1	
1	
1	
1	
1	
1	
1	
1	
1	
1	
1	
1	
1	
1	
1	
1	
1	
1	
1	
1	
1	
1	
1	
1	
1	
1	
1	
1	
1	
1	
1	
1	
1	
1	
1	
1	
1	
1	
1	
1	
1	
1	
1	
1	
1	
1	
1	
1	
1	
1	
1	
1	
1	
1	
1	
1	
1	
1	
1	
1	
1	
1	
1	
1	
1	
1	
1	
1	
1	
1	
1	
1	
1	
1	
1	
1	
1	
1	
1	
1	
1	
1	
1	
1	
1	
1	
1	
1	
1	
1	
1	
1	
1	
1	
1	
1	
1	
1	
1	
1	
1	
1	
1	
1	
1	
1	
1	
1	
1	
1	
1	
1	
1	
1	
1	
1	
1	
1	
1	
1	
1	
1	
1	
1	
1	
1	
1	
1	
1	
1	
1	
1	
1	
1	
1	
1	
1	
1	
1	
1	
1	
1	
1	
1	
1	
1	
1	
1	
1	
1	
1	
1	
1	
1	
1	
1	
1	
1	
1	
1	
1	
1	
1	
1	
1	
1	
1	
1	
1	
1	
1	
1	
1	
1	
1	
1	
1	
1	
1	
1	
1	
1	
1	
1	
1	
1	
1	
1	
1	
1	
1	
1	
1	
1	
1	
1	
1	
1	
1	
1	
1	
1	
1	
1	
1	
1	
1	
1	
1	
1	
1	
1	
1	
1	
1	
1	
1	
1	
1	
1	
1	
1	
1	
1	
1	
1	
1	
1	
1	
1	
1	
1	
1	
1	
1	
1	
1	
1	
1	
1	
1	
1	
1	
1	
1	
1	
1	
1	
1	
1	
1	
1	
1	
1	
1	
1	
1	
1	
1	
1	
1	
1	
1	
1	
1	
1	
1	
1	
1	
1	
1	
1	
1	
1	
1	
1	
1	
1	
1	
1	
1	
1	
1	
1	
1	
1	
1	
1	
1	
1	
1	
1	
1	
1	
1	
1	
1	
1	
1	
1	
1	
1	
1	
1	
1	
1	
1	
1	
1	
1	
1	
1	
1	
1	
1	
1	
1	
1	
1	
1	
1	
1	
1	
1	
1	
1	
1	
1	
1	
1	
1	
1	
1	
1	
1	
1	
1	
1	
1	
1	
1	
1	
1	
1	
1	
1	
1	
1	
1	
1	
1	
1	
1	
1	
1	
1	
1	
1	
1	
1	
1	
1	
1	
1	
1	
1	
1	
1	
1	
1	
1	
1	
1	
1	
1	
1	
1	
1	
1	
1	
1	
1	
1	
1	
1	
1	
1	
1	
1	
1	
1	
1	
1	
1	
1	
1	
1	
1	
1	
1	
1	
1	
1	
1	
1	
1	
1	
1	
1	
1	
1	
1	
1	
1	
1	
1	
1	
1	
1	
1	
1	
1	
1	
1	
1	
1	
1	
1	
1	
1	
1	
1	
1	
1	
1	
1	
1	
1	
1	
1	
1	
1	
1	
1	
1	
1	
1	
1	
1	
1	
1	
1	
1	
1	
1	
1	
1	
1	
1	
1	
1	
1	
1	
1	
1	
1	
1	
1	
1	
1	
1	
1	
1	
1	
1	
1	
1	
1	
1	
1	
1	
1	
1	
1	
1	
1	
1	
1	
1	
1	
1	
1	
1	
1	
1	
1	
1	
1	
1	
1	
1	
1	
1	
1	
1	
1	
1	
1	
1	
1	
1	
1	
1	
1	
1	
1	
1	
1	
1	
1	
1	
1	
1	
1	
1	
1	
1	
1	
1	
1	
1	
1	
1	
1	
1	
1	
1	
1	
1	
1	
1	
1	
1	
1	
1	
1	
1	
1	
1	
1	
1	
1	
1	
1	
1	
1	
1	
1	
1	
1	
1	
1	
1	
1	
1	
1	
1	
1	
1	
1	
1	
1	
1	
1	
1	
1	
1	
1	
1	
1	
1	
1	
1	
1	
1	
1	
1	
1	
1	
1	
1	
1	
1	
1	
1	
1	
1	
1	
1	
1	
1	
1	
1	
1	
1	
1	
1	
1	
1	
1	
1	
1	
1	
1	
1	
1	
1	
1	
1	
1	
1	
1	
1	
1	
1	
1	
1	
1	
1	
1	
1	
1	
1	
1	
1	
1	
1	
1	
1	
1	
1	
1	
1	
1	
1	
1	
1	
1	
1	
1	
1	
1	
1	
1	
1	
1	
1	
1	
1	
1	
1	
1	
1	
1	
1	
1	
1	
1	
1	
1	
1	
1	
1	
1	
1	
1	
1	
1	
1	
1	
1	
1	
1	
1	
1	
1	
1	
1	
1	
1	
1	
1	
1	
1	
1	
1	
1	
1	
1	
1	
1	
1	
1	
1	
1	
1	
1	
1	
1	
1	
1	
1	
1	
1	
1	
1	
1	
1	
1	
1	
1	
1	
1	
1	
1	
1	
1	
1	
1	
1	
1	
1	
1	
1	
1	
1	
1	
1	
1	
1	
1	
1	
1	
1	
1	
1	
1	
1	
1	
1	
1	
1	
1	
1	
1	
1	
1	
1	
1	
1	
1	
1	
1	
1	
1	
1	
1	
1	
1	
1	
1	
1	
1	
1	
1	
1	
1	
1	
1	
1	
1	
1	
1	
1	
1	
1	
1	
1	
1	
1	
1	
1	
1	
1	
1	
1	
1	
1	
1	
1	
1	
1	
1	
1	
1	
1	
1	
1	
1	
1	
1	
1	
1	
1	
1	
1	
1	
1	
1	
1	
1	
1	
1	
1	
1	
1	
1	
1	
1	
1	
1	
1	
1	
1	
1	
1	
1	
1	
1	
1	
1	
1	
1	
1	
1	
1	
1	
1	
1	
1	
1	
1	
1	
1	
1	
1	
1	
1	
1	
1	
1	
1	
1	
1	
1	
1	
1	
1	
1	
1	
1	
1	
1	
1	
1	
1	
1	
1	
1	
1	
1	
1	
1	
1	
1	
1	
1	
1	
1	
1	
1	
1	
1	
1	
1	
1	
1	
1	
1	
1	
1	
1	
1	
1	
1	
1	
1	
1	
1	
1	
1	
1	
1	
1	
1	
1	
1	
1	
1	
1	
1	
1	
1	
1	
1	
1	
1	
1	
1	
1	
1	
1	
1	
1	
1	
1	
1	
1	
1	
1	
1	
1	
1	
1	
1	
1	
1	
1	
1	
1	
1	
1	
1	
1	
1	
1	
1	
1	
1	
1	
1	
1	
1	
1	
1	
1	
1	
1	
1	
1	
1	
1	
1	
1	
1	
1	
1	
1	
1	
1	
1	
1	
1	
1	
1	
1	
1	
1	
1	
1	
1	
1	
1	
1	
1	
1	
1	
1	
1	
1	
1	
1	
1	
1	
1	
1	
1	
1	
1	
1	
1	
1	
1	
1	
1	
1	
1	
1	
1	
1	
1	
1	
1	
1	
1	
1	
1	
1	
1	
1	
1	
1	
1	
1	
1	
1	
1	
1	
1	
1	
1	
1	
1	
1	
1	
1	
1	
1	
1	
1	
1	
1	
1	
1	
1	
1	
1	
1	
1	
1	
1	
1	
1	
1	
1	
1	
1	
1	
1	
1	
1	
1	
1	
1	
1	
1	
1	
1	
1	
1	
1	
1	
1	
1	
1	
1	
1	
1	
1	
1	
1	
1	
1	
1	
1	
1	
1	
1	
1	
1	
1	
1	
1	
1	
1	
1	
1	
1	
1	
1	
1	
1	
1	
1	
1	
1	
1	
1	
1	
1	
1	
1	
1	
1	
1	
1	
1	
1	
1	
1	
1	
1	
1	
1	
1	
1	
1	
1	
1	
1	
1	
1	
1	
1	
1	
1	
1	
1	
1	
1	
1	
1	
1	
1	
1	
1	
1	
1	
1	
1	
1	
1	
1	
1	
1	
1	
1	
1	
1	
1	
1	
1	
1	
1	
1	
1	
1	
1	
1	
1	
1	
1	
1	
1	
1	
1	
1	
1	
1	
1	
1	
1	
1	
1	
1	
1	
1	
1	
1	
1	
1	
1	
1	
1	
1	
1	
1	
1	
1	
1	
1	
1	
1	
1	
1	
1	
1	
1	
1	
1	
1	
1	
1	
1	
1	
1	
1	
1	
1	
1	
1	
1	
1	
1	
1	
1	
1	
1	
1	
1	
1	
1	
1	
1	
1	
1	
1	
1	
1	
1	
1	
1	
1	
1	
1	
1	
1	
1	
1	
1	
1	
1	
1	
1	
1	
1	
1	
1	
1	
1	
1	
1	
1	
1	
1	
1	
1	
1	
1	
1	
1	
1	
1	
1	
1	
1	
1	
1	
1	
1	
1	
1	
1	
1	
1	
1	
1	
1	
1	
1	
1	
1	
1	
1	
1	
1	
1	
1	
1	
1	
1	
1	
1	
1	
1	
1	
1	
1	
1	
1	
1	
1	
1	
1	
1	
1	
1	
1	
1	
1	
1	
1	
1	
1	
1	
1	
1	
1	
1	
1	
1	
1	
1	
1	
1	
1	
1	
1	
1	
1	
1	
1	
1	
1	
1	
1	
1	
1	
1	
1	
1	
1	
1	
1	
1	
1	
1	
1	
1	
1	
1	
1	
1	
1	
1	
1	
1	
1	
1	
1	
1	
1	
1	
1	
1	
1	
1	
1	
1	
1	
1	
1	
1	
1	
1	
1	
1	
1	
1	
1	
1	
1	
1	
1	
1	
1	
1	
1	
1	
1	
1	
1	
1	
1	
1	
1	
1	
1	
1	
1	
1	
1	
1	
1	
1	
1	
1	
1	
1	
1	
1	
1	
1	
1	
1	
1	
1	
1	
1	
1	
1	
1	
1	
1	
1	
1	
1	
1	
1	
1	
1	
1	
1	
1	
1	
1	
1	
1	
1	
1	
1	
1	
1	
1	
1	
1	
1	
1	
1	
1	
1	
1	
1	
1	
1	
1	
1	
1	
1	
1	
1	
1	
1	
1	
1	
1	
1	
1	
1	
1	
1	
1	
1	
1	
1	
1	
1	
1	
1	
1	
1	
1	
1	
1	
1	
1	
1	
1	
1	
1	
1	
1	
1	
1	
1	
1	
1	
1	
1	
1	
1	
1	
1	
1	
1	
1	
1	
1	
1	
1	
1	
1	
1	
1	
1	
1	
1	
1	
1	
1	
1	
1	
1	
1	
1	
1	
1	
1	
1	
1	
1	
1	
1	
1	
1	
1	
1	
1	
1	
1	
1	
1	
1	
1	
1	
1	
1	
1	
1	
1	
1	
1	
1	
1	
1	
1	
1	
1	
1	
1	
1	
1	
1	
1	
1	
1	
1	
1	
1	
1	
1	
1	
1	
1	
1	
1	
1	
1	
1	
1	
1	
1	
1	
1	
1	
1	
1	
1	
1	
1	
1	
1	
1	
1	
1	
1	
1	
1	
1	
1	
1	
1	
1	
1	
1	
1	
1	
1	
1	
1	
1	
1	
1	
1	
1	
1	
1	
1	
1	
1	
1	
1	
1	
1	
1	
1	
1	
1	
1	
1	
1	
1	
1	
1	
1	
1	
1	
1	
1	
1	
1	
1	
1	
1	
1	
1	
1	
1	
1	
1	
1	
1	
1	
1	
1	
1	
1	
1	
1	
1	
1	
1	
1	
1	
1	
1	
1	
1	
1	
1	
1	
1	
1	
1	
1	
1	
1	
1	
1	
1	
1	
1	
1	
1	
1	
1	
1	
1	
1	
1	
1	
1	
1	
1	
1	
1	
1	
1	
1	
1	
1	
1	
1	
1	
1	
1	
1	
1	
1	
1	
1	
1	
1	
1	
1	
1	
1	
1	
1	
1	
1	
1	
1	
1	
1	
1	
1	
1	
1	
1	
1	
1	
1	
1	
1	
1	
1	
1	
1	
1	
1	
1	
1	
1	
1	
1	
1	
1	
1	
1	
1	
1	
1	
1	
1	
1	
1	
1	
1	
1	
1	
1	
1	
1	
1	
1	
1	
1	
1	
1	
1	
1	
1	
1	
1	
1	
1	
1	
1	
1	
1	
1	
1	
1	
1	
1	
1	
1	
1	
1	
1	
1	
1	
1	
1	
1	
1	
1	
1	
1	
1	
1	
1	
1	
1	
1	
1	
1	
1	
1	
1	
1	
1	
1	
1	
1	
1	
1	
1	
1	
1	
1	
1	
1	
1	
1	
1	
1	
1	
1	
1	
1	
1	
1	
1	
1	
1	
1	
1	
1	
1	
1	
1	
1	
1	
1	
1	
1	
1	
1	
1	
1	
1	
1	
1	
1	
1	
1	
1	
1	
1	
1	
1	
1	
1	
1	
1	
1	
1	
1	
1	
1	
1	
1	
1	
1	
1	
1	
1	
1	
1	
1	
1	
1	
1	
1	
1	
1	
1	
1	
1	
1	
1	
1	
1	
1	
1	
1	
1	
1	
1	
1	
1	
1	
1	
1	
1	
1	
1	
1	
1	
1	
1	
1	
1	
1	
1	
1	
1	
1	
1	
1	
1	
1	
1	
1	
1	
1	
1	
1	
1	
1	
1	
1	
1	
1	
1	
1	
1	
1	
1	
1	
1	
1	
1	
1	
1	
1	
1	
1	
1	
1	
1	
1	
1	
1	
1	
1	
1	
1	
1	
1	
1	
1	
1	
1	
1	
1	
1	
1	
1	
1	
1	
1	
1	
1	
1	
1	
1	
1	
1	
1	
1	
1	
1	
1	
1	
1	
1	
1	
1	
1	
1	
1	
1	
1	
1	
1	
1	
1	
1	
1	
1	
1	
1	
1	
1	
1	
1	
1	
1	
1	
1	
1	
1	
1	
1	
1	
1	
1	
1	
1	
1	
1	
1	
1	
1	
1	
1	
1	
1	
1	
1	
1	
1	
1	
1	
1	
1	
1	
1	
1	
1	
1	
1	
1	
1	
1	
1	
1	
1	
1	
1	
1	
1	
1	
1	
1	
1	
1	
1	
1	
1	
1	
1	
1	
1	
1	
1	
1	
1	
1	
1	
1	
1	
1	
1	
1	
1	
1	
1	
1	
1	
1	
1	
1	
1	
1	
1	
1	
1	
1	
1	
1	
1	
1	
1	
1	
1	
1	
1	
1	
1	
1	
1	
1	
1	
1	
1	
1	
1	
1	
1	
1	
1	
1	
1	
1	
1	
1	
1	
1	
1	
1	
1	
1	
1	
1	
1	
1	
1	
1	
1	
1	
1	
1	
1	
1	
1	
1	
1	
1	
1	
1	
1	
1	
1	
1	
1	
1	
1	
1	
1	
1	
1	
1	
1	
1	
1	
1	
1	
1	
1	
1	
1	
1	
1	
1	
1	
1	
1	
1	
1	
1	
1	
1	
1	
1	
1	
1	
1	
1	
1	
1	
1	
1	
1	
1	
1	
1	
1	
1	
1	
1	
1	
1	
1	
1	
1	
1	
1	
1	
1	
1	
1	
1	
1	
1	
1	
1	
1	
1	
1	
1	
1	
1	
1	
1	
1	
1	
1	
1	
1	
1	
1	
1	
1	
1	
1	
1	
1	
1	
1	
1	
1	
1	
1	
1	
1	
1	
1	
1	
1	
1	
1	
1	
1	
1	
1	
1	
1	
1	
1	
1	
1	
1	
1	
1	
1	
1	
1	
1	
1	
1	
1	
1	
1	
1	
1	
1	
1	
1	
1	
1	
1	
1	
1	
1	
1	
1	
1	
1	
1	
1	
1	
1	
1	
1	
1	
1	
1	
1	
1	
1	
1	
1	
1	
1	
1	
1	
1	
1	
1	
1	
1	
1	
1	
1	
1	
1	
1	
1	
1	
1	
1	
1	
1	
1	
1	
1	
1	
1	
1	
1	
1	
1	
1	
1	
1	
1	
1	
1	
1	
1	
1	
1	
1	
1	
1	
1	
1	
1	
1	
1	
1	
1	
1	
1	
1	
1	
1	
1	
1	
1	
1	
1	
1	
1	
1	
1	
1	
1	
1	
1	
1	
1	
1	
1	
1	
1	
1	
1	
1	
1	
1	
1	
1	
1	
1	
1	
1	
1	
1	
1	
1	
1	
1	
1	
1	
1	
1	
1	
1	
1	
1	
1	
1	
1	
1	
1	
1	
1	
1	
1	
1	
1	
1	
1	
1	
1	
1	
1	
1	
1	
1	
1	
1	
1	
1	
1	
1	
1	
1	
1	
1	
1	
1	
1	
1	
1	
1	
1	
1	
1	
1	
1	
1	
1	
1	
1	
1	
1	
1	
1	
1	
1	
1	
1	
1	
1	
1	
1	
1	
1	
1	
1	
1	
1	
1	
1	
1	
1	
1	
1	
1	
1	
1	
1	
1	
1	
1	
1	
1	
1	
1	
1	
1	
1	
1	
1	
1	
1	
1	
1	
1	
1	
1	
1	
1	
1	
1	
1	
1	
1	
1	
1	
1	
1	
1	
1	
1	
1	
1	
1	
1	
1	
1	
1	
1	
1	
1	
1	
1	
1	
1	
1	
1	
1	
1	
1	
1	
1	
1	
1	
1	
1	
1	
1	
1	
1	
1	
1	
1	
1	
1	
1	
1	
1	
1	
1	
1	
1	
1	
1	
1	
1	
1	
1	
1	
1	
1	
1	
1	
1	
1	
1	
1	
1	
1	
1	
1	
1	
1	
1	
1	
1	
1	
1	
1	
1	
1	
1	
1	
1	
1	
1	
1	
1	
1	
1	
1	
1	
1	
1	
1	
1	
1	
1	
1	
1	
1	
1	
1	
1	
1	
1	
1	
1	
1	
1	
1	
1	
1	
1	
1	
1	
1	
1	
1	
1	
1	
1	
1	
1	
1	
1	
1	
1	
1	
1	
1	
1	
1	
1	
1	
1	
1	
1	
1	
1	
1	
1	
1	
1	
1	
1	
1	
1	
1	
1	
1	
1	
1	
1	
1	
1	
1	
1	
1	
1	
1	
1	
1	
1	
1	
1	
1	
1	
1	
1	
1	
1	
1	
1	
1	
1	
1	
1	
1	
1	
1	
1	
1	
1	
1	
1	
1	
1	
1	
1	
1	
1	
1	
1	
1	
1	
1	
1	
1	
1	
1	
1	
1	
1	
1	
1	
1	
1	
1	
1	
1	
1	
1	
1	
1	
1	
1	
1	
1	
1	
1	
1	
1	
1	
1	
1	
1	
1	
1	
1	
1	
1	
1	
1	
1	
1	
1	
1	
1	
1	
1	
1	
1	
1	
1	
1	
1	
1	
1	
1	
1	
1	
1	
1	
1	
1	
1	
1	
1	
1	
1	
1	
1	
1	
1	
1	
1	
1	
1	
1	
1	
1	
1	
1	
1	
1	
1	
1	
1	
1	
1	
1	
1	
1	
1	
1	
1	
1	
1	
1	
1	
1	
1	
1	
1	
1	
1	
1	
1	
1	
1	
1	
1	
1	
1	
1	
1	
1	
1	
1	
1	
1	
1	
1	
1	
1	
1	
1	
1	
1	
1	
1	
1	
1	
1	
1	
1	
1	
1	
1	
1	
1	
1	
1	
1	
1	
1	
1	
1	
1	
1	
1	
1	
1	
1	
1	
1	
1	
1	
1	
1	
1	
1	
1	
1	
1	
1	
1	
1	
1	
1	
1	
1	
1	
1	
1	
1	
1	
1	
1	
1	
1	
1	
1	
1	
1	
1	
1	
1	
1	
1	
1	
1	
1	
1	
1	
1	
1	
1	
1	
1	
1	
1	
1	
1	
1	
1	
1	
1	
1	
1	
1	
1	
1	
1	
1	
1	
1	
1	
1	
1	
1	
1	
1	
1	
1	
1	
1	
1	
1	
1	
1	
1	
1	
1	
1	
1	
1	
1	
1	
1	
1	
1	
1	
1	
1	
1	
1	
1	
1	
1	
1	
1	
1	
1	
1	
1	
1	
1	
1	
1	
1	
1	
1	
1	
1	
1	
1	
1	
1	
1	
1	
1	
1	
1	
1	
1	
1	
1	
1	
1	
1	
1	
1	
1	
1	
1	
1	
1	
1	
1	
1	
1	
1	
1	
1	
1	
1	
1	
1	
1	
1	
1	
1	
1	
1	
1	
1	
1	
1	
1	
1	
1	
1	
1	
1	
1	
1	
1	
1	
1	
1	
1	
1	
1	
1	
1	
1	
1	
1	
1	
1	
1	
1	
1	
1	
1	
1	
1	
1	
1	
1	
1	
1	
1	
1	
1	
1	
1	
1	
1	
1	
1	
1	
1	
1	
1	
1	
1	
1	
1	
1	
1	
1	
1	
1	
1	
1	
1	
1	
1	
1	
1	
1	
1	
1	
1	
1	
1	
1	
1	
1	
1	
1	
1	
1	
1	
1	
1	
1	
1	
1	
1	
1	
1	
1	
1	
1	
1	
1	
1	
1	
1	
1	
1	
1	
1	
1	
1	
1	
1	
1	
1	
1	
1	
1	
1	
1	
1	
1	
1	
1	
1	
1	
1	
1	
1	
1	
1	
1	
1	
1	
1	
1	
1	
1	
1	
1	
1	
1	
1	
1	
1	
1	
1	
1	
1	
1	
1	
1	
1	
1	
1	
1	
1	
1	
1	
1	
1	
1	
1	
1	
1	
1	
1	
1	
1	
1	
1	
1	
1	
1	
1	
1	
1	
1	
1	
1	
1	
1	
1	
1	
1	
1	
1	
1	
1	
1	
1	
1	
1	
1	
1	
1	
1	
1	
1	
1	
1	
1	
1	
1	
1	
1	
1	
1	
1	
1	
1	
1	
1	
1	
1	
1	
1	
1	
1	
1	
1	
1	
1	
1	
1	
1	
1	
1	
1	
1	
1	
1	
1	
1	
1	
1	
1	
1	
1	
1	
1	
1	
1	
1	
1	
1	
1	
1	
1	
1	
1	
1	
1	
1	
1	
1	
1	
1	
1	
1	
1	
1	
1	
1	
1	
1	
1	
1	
1	
1	
1	
1	
1	
1	
1	
1	
1	
1	
1	
1	
1	
1	
1	
1	
1	
1	
1	
1	
1	
1	
1	
1	
1	
1	
1	
1	
1	
1	
1	
1	
1	
1	
1	
1	
1	
1	
1	
1	
1	
1	
1	
1	
1	
1	
1	
1	
1	
1	
1	
1	
1	
1	
1	
1	
1	
1	
1	
1	
1	
1	
1	
1	
1	
1	
1	
1	
1	
1	
1	
1	
1	
1	
1	
1	
1	
1	
1	
1	
1	
1	
1	
1	
1	
1	
1	
1	
1	
1	
1	
1	
1	
1	
1	
1	
1	
1	
1	
1	
1	
1	
1	
1	
1	
1	
1	
1	
1	
1	
1	
1	
1	
1	
1	
1	
1	
1	
1	
1	
1	
1	
1	
1	
1	
1	
1	
1	
1	
1	
1	
1	
1	
1	
1	
1	
1	
1	
1	
1	
1	
1	
1	
1	
1	
1	
1	
1	
1	
1	
1	
1	
1	
1	
1	
1	
1	
1	
1	
1	
1	
1	
1	
1	
1	
1	
1	
1	
1	
1	
1	
1	
1	
1	
1	
1	
1	
1	
1	
1	
1	
1	
1	
1	
1	
1	
1	
1	
1	
1	
1	
1	
1	
1	
1	
1	
1	
1	
1	
1	
1	
1	
1	
1	
1	
1	
1	
1	
1	
1	
1	
1	
1	
1	
1	
1	
1	
1	
1	
1	
1	
1	
1	
1	
1	
1	
1	
1	
1	
1	
1	
1	
1	
1	
1	
1	
1	
1	
1	
1	
1	
1	
1	
1	
1	
1	
1	
1	
1	
1	
1	
1	
1	
1	
1	
1	
1	
1	
1	
1	
1	
1	
1	
1	
1	
1	
1	
1	
1	
1	
1	
1	
1	
1	
1	
1	
1	
1	
1	
1	
1	
1	
1	
1	
1	
1	
1	
1	
1	
1	
1	
1	
1	
1	
1	
1	
1	
1	
1	
1	
1	
1	
1	
1	
1	
1	
1	
1	
1	
1	
1	
1	
1	
1	
1	
1	
1	
1	
1	
1	
1	
1	
1	
1	
1	
1	
1	
1	
1	
1	
1	
1	
1	
1	
1	
1	
1	
1	
1	
1	
1	
1	
1	
1	
1	
1	
1	
1	
1	
1	
1	
1	
1	
1	
1	
1	
1	
1	
1	
1	
1	
1	
1	
1	
1	
1	
1	
1	
1	
1	
1	
1	
1	
1	
1	
1	
1	
1	
1	
1	
1	
1	
1	
1	
1	
1	
1	
1	
1	
1	
1	
1	
1	
1	
1	
1	
1	
1	
1	
1	
1	
1	
1	
1	
1	
1	
1	
1	
1	
1	
1	
1	
1	
1	
1	
1	
1	
1	
1	
1	
1	
1	
1	
1	
1	
1	
1	
1	
1	
1	
1	
1	
1	
1	
1	
1	
1	
1	
1	
1	
1	
1	
1	
1	
1	
1	
1	
1	
1	
1	
1	
1	
1	
1	
1	
1	
1	
1	
1	
1	
1	
1	
1	
1	
1	
1	
1	
1	
1	
1	
1	
1	
1	
1	
1	
1	
1	
1	
1	
1	
1	
1	
1	
1	
1	
1	
1	
1	
1	
1	
1	
1	
1	
1	
1	
1	
1	
1	
1	
1	
1	
1	
1	
1	
1	
1	
1	
1	
1	
1	
1	
1	
1	
1	
1	
1	
1	
1	
1	
1	
1	
1	
1	
1	
1	
1	
1	
1	
1	
1	
1	
1	
1	
1	
1	
1	
1	
1	
1	
1	
1	
1	
1	
1	
1	
1	
1	
1	
1	
1	
1	
1	
1	
1	
1	
1	
1	
1	
1	
1	
1	
1	
1	
1	
1	
1	
1	
1	
1	
1	
1	
1	
1	
1	
1	
1	
1	
1	
1	
1	
1	
1	
1	
1	
1	
1	
1	
1	
1	
1	
1	
1	
1	
1	
1	
1	
1	
1	
1	
1	
1	
1	
1	
1	
1	
1	
1	
1	
1	
1	
1	
1	
1	
1	
1	
1	
1	
1	
1	
1	
1	
1	
1	
1	
1	
1	
1	
1	
1	
1	
1	
1	
1	
1	
1	
1	
1	
1	
1	
1	
1	
1	
1	
1	
1	
1	
1	
1	
1	
1	
1	
1	
1	
1	
1	
1	
1	
1	
1	
1	
1	
1	
1	
1	
1	
1	
1	
1	
1	
1	
1	
1	
1	
1	
1	
1	
1	
1	
1	
1	
1	
1	
1	
1	
1	
1	
1	
1	
1	
1	
1	
1	
1	
1	
1	
1	
1	
1	
1	
1	
1	
1	
1	
1	
1	
1	
1	
1	
1	
1	
1	
1	
1	
1	
1	
1	
1	
1	
1	
1	
1	
1	
1	
1	
1	
1	
1	
1	
1	
1	
1	
1	
1	
1	
1	
1	
1	
1	
1	
1	
1	
1	
1	
1	
1	
1	
1	
1	
1	
1	
1	
1	
1	
1	
1	
1	
1	
1	
1	
1	
1	
1	
1	
1	
1	
1	
1	
1	
1	
1	
1	
1	
1	
1	
1	
1	
1	
1	
1	
1	
1	
1	
1	
1	
1	
1	
1	
1	
1	
1	
1	
1	
1	
1	
1	
1	
1	
1	
1	
1	
1	
1	
1	
1	
1	
1	
1	
1	
1	
1	
1	
1	
1	
1	
1	
1	
1	
1	
1	
1	
1	
1	
1	
1	
1	
1	
1	
1	
1	
1	
1	
1	
1	
1	
1	
1	
1	
1	
1	
1	
1	
1	
1	
1	
1	
1	
1	
1	
1	
1	
1	
1	
1	
1	
1	
1	
1	
1	
1	
1	
1	
1	
1	
1	
1	
1	
1	
1	
1	
1	
1	
1	
1	
1	
1	
1	
1	
1	
1	
1	
1	
1	
1	
1	
1	
1	
1	
1	
1	
1	
1	
1	
1	
1	
1	
1	
1	
1	
1	
1	
1	
1	
1	
1	
1	
1	
1	
1	
1	
1	
1	
1	
1	
1	
1	
1	
1	
1	
1	
1	
1	
1	
1	
1	
1	
1	
1	
1	
1	
1	
1	
1	
1	
1	
1	
1	
1	
1	
1	
1	
1	
1	
1	
1	
1	
1	
1	
1	
1	
1	
1	
1	
1	
1	
1	
1	
1	
1	
1	
1	
1	
1	
1	
1	
1	
1	
1	
1	
1	
1	
1	
1	
1	
1	
1	
1	
1	
1	
1	
1	
1	
1	
1	
1	
1	
1	
1	
1	
1	
1	
1	
1	
1	
1	
1	
1	
1	
1	
1	
1	
1	
1	
1	
1	
1	
1	
1	
1	
1	
1	
1	
1	
1	
1	
1	
1	
1	
1	
1	
1	
1	
1	
1	
1	
1	
1	
1	
1	
1	
1	
1	
1	
1	
1	
1	
1	
1	
1	
1	
1	
1	
1	
1	
1	
1	
1	
1	
1	
1	
1	
1	
1	
1	
1	
1	
1	
1	
1	
1	
1	
1	
1	
1	
1	
1	
1	
1	
1	
1	
1	
1	
1	
1	
1	
1	
1	
1	
1	
1	
1	
1	
1	
1	
1	
1	
1	
1	
1	
1	
1	
1	
1	
1	
1	
1	
1	
1	
1	
1	
1	
1	
1	
1	
1	
1	
1	
1	
1	
1	
1	
1	
1	
1	
1	
1	
1	
1	
1	
1	
1	
1	
1	
1	
1	
1	
1	
1	
1	
1	
1	
1	
1	
1	
1	
1	
1	
1	
1	
1	
1	
1	
1	
1	
1	
1	
1	
1	
1	
1	
1	
1	
1	
1	
1	
1	
1	
1	
1	
1	
1	
1	
1	
1	
1	
1	
1	
1	
1	
1	
1	
1	
1	
1	
1	
