1
11
12
10
13
14
15
17
16
18
19
10
12
15
11
14
13
17
16
18
19
10
1
11
14
17
14
12
18
16
10
13
15
10
15
13
13
19
16
11
12
13
17
16
12
18
14
15
10
19
12
17
11
11
12
14
11
14
1
13
17
19
18
1
15
10
14
16
16
18
15
19
10
17
18
19
1
15
12
12
14
10
13
13
16
13
10
11
12
13
1
15
12
18
11
11
15
14
17
17
19
11
16
11
10
17
18
11
18
14
10
14
14
12
19
10
10
12
17
18
12
13
15
17
19
10
17
17
11
16
15
17
13
13
14
18
16
16
10
11
17
12
11
10
14
18
14
19
14
19
11
16
16
16
12
19
11
12
11
10
19
15
18
16
12
15
12
14
13
19
13
12
19
18
13
17
15
15
10
14
11
19
13
10
18
16
13
16
10
16
11
15
16
13
14
18
13
13
10
17
11
14
18
19
19
16
17
12
10
1
10
19
19
19
18
13
13
17
14
13
19
10
15
18
13
16
10
15
16
1
1
10
17
16
18
12
1
18
14
15
16
12
19
13
10
13
11
13
14
15
12
16
14
19
17
13
11
18
15
13
11
10
12
17
11
16
15
15
15
11
11
18
10
16
18
15
12
10
13
16
17
19
16
15
12
16
15
18
18
12
17
10
19
11
10
10
12
10
19
15
11
15
11
12
10
13
11
10
16
11
13
15
12
11
11
13
17
15
18
17
17
17
15
19
11
17
11
17
18
10
10
12
18
11
10
12
18
11
19
12
15
15
14
13
14
18
15
16
17
13
10
17
19
11
10
14
18
12
14
10
11
13
10
18
12
18
18
15
12
18
17
15
15
12
11
11
19
14
13
18
16
16
15
18
19
14
15
16
17
12
18
11
12
12
13
14
13
12
13
14
16
16
12
16
13
14
10
12
18
14
11
11
18
11
15
1.
17
15
19
16
10
12
17
18
18
14
17
13
11
19
14
19
14
10
18
19
11
12
12
14
11
18
15
10
12
11
16
15
14
12
12
11
17
12
15
13
16
10
16
17
16
16
13
16
10
16
10
10
17
11
19
11
16
18
18
12
14
14
16
16
10.
15
15
19
17
18
15
18
16
12
18
13
11
15
12
10
19
14
13
10
15
19
19
11
14
16
14
14
14
13
13
11
19
18
12
12.
16
12
10
15
14
18
13
13
13
11
13
13
18
13
10
13
11
17
18
17
17
15
13
19
16
14
15
16
18
19
19
19
13
16
15
13
13
13
19
16
17
19
13
17
11
13
11
19
11
13
12
16
12
11
11
15
19
10
18
19
13
16
12
10
19
16
11
12
15
19
14
19
10
13
18
15
18
10
16
12
11
19
16
10
19
17
15
11
13
14
12
11
11
15
18
14
16
18
15
12
14
11
10
16
10
19
11
12
15
16
11
16
17
16
15
11
18
11
13
12
13
18
18
18
15
17
15
15
14
17
13
14
12
17
16
18
11
14
13
10
17
17
10
16
13
19
12
15
13
16
19
17
14
11
19
17
17
12
19
17
16
11
13
11
13
11
16
16
19
11
14
17
17
12
13
10
14
18
16
12
19
16
18
14
14
14
12
13
10
17
18
15
18
18
18
176
17
12
10
117
17
19
10
17
11
15
10
11
11
13
16
10
15
18
15
15
13
14
12
161
18
18
16
14
12
15
14
14
16
17
15
10
17
18
17
11
12
11
14
14
16
14
148
14
13
13
10
14
119
10
12
17
19
14
19
12
16
16
17
17
17
12
17
17
13
13
13
13
17
158
17
13
19
18
14
17
17
16
119
14
17
12
17
18
12
135
135
15
12
141
14
15
10
17
16
16
17
12
19
18
16
16
165
19
12
16
10
156
12
19
10
13
19
13
13
16
13
17
15
12
16
13
163
19
11
128
12
146
12
174
14
14
11
19
10
13
10
11
15
17
14
12
10
11
11
11
14
14
10
12
121
17
115
121
10
120
12
11
13
12
11
17
118
118
18
15
14
101
19
17
12
19
18
18
17
15
16
13
11
12
17
18
126
11
105
126
19
17
105
12
13
148
12
12
18
11
16
17
166
16
155
101
12
15
14
12
12
19
13
15
12
15
167
10
14
152
15
11
19
18
13
11
11
14
120
14
16
17
19
19
108
10
157
16
12
12
15
108
19
10
103
14
103
10
14
11
11
150
150
15
19
11
136
18
16
18
17
18
15
10
12
12
13
107
107
11
16
12
10
17
13
10
15
16
123
14
16
12
11
15
13
11
12
15
18
160
14
17
14
10
19
15
19
10
19
123
13
13
15
13
16
11
17
14
13
13
13
15
16
11
12
13
110
19
15
11
16
17
15
10
12
137
19
14
18
17
137
11
13
13
10
12
12
16
13
12
11
16
17
11
15
17
12
19
11
12
14
14
19
11
10
19
102
19
16
11
102
168
140
19
14
10
15
140
19
13
14
109
109
14
153
16
16
12
19
14
17
134
127
11
11
13
16
127
11
11
19
16
19
13
16
11
11
159
19
110
19
14
13
134
13
15
17
10
17
10
18
18
12
14
128
10
11
15
162
12
12
12
12
13
104
19
13
14
15
10
16
11
13
19
13.
14
16
10
106
15
14
169
10
122
106
10
15
13
129
10
129
11
16
15
11
13
18
13
13
19
15
11
19
17
15
12
12
138
141
11
12
14
16
14
13
100
11
14
16
143
15
18
11
13
19
132
143
19
16
100
11
142
116
15
18
142
17
12
19
12
19
13
13
116
19
15
17
18
19
12
164
10
112
17
15
17
17
112
10
10
18
15
17
151
10
14
14
18
16
11
14
15
14
15
16
14
10
11
16
11
12
15
12
122
11
17
13
17
10
144
15
16
14
15
10
17
10
18
13
12
138
11
131
18
10
17
18
12
11
11
12
14
18
12
115
19
10
18
15
11
18
19
12
131
12
11
19
175
19
14
18
17
17
12
111
15
17
16
11
19
10
136
13
14
11
18
15
11
11
18
14
12
16
10
13
14
18
14
17
16
10
111
11
14
17
14
16
18
147
11
147
13
14
12
14
11
15
15
10
11
10
16
10
13
15
17
17
15
16
18
10
10
19
19
11
17
13
15
19
10
15
18
14
12
11
10
14
19
19
132
18
16
10
13
10
12
18
10
18
15
15
16
16
12
146
173
13
16
124
10
16
15
124
17
19
12
13
12
113
14
113
17
19
11
114
13
14
12
11
10
11
11.
15
11
10
18
18
13
18
11
17
16
13
15
18
145
19
11
14
125
14
17
12
139
14
145
16
15
13
11
11
14
10
13
15
10
11
10
12
17
16
14
13
16
16
117
14
14
10
13
11
171
10
12
18
10
15
18
17
19
19
13
18
16
12
14
14
15
11
19
10
14
14
17
104
13
16
19
17
17
18
149
12
14
149
11
18
114
19
12
12
12
12
14
172
10
19
13
18
14
15
12
13
13
16
15
12
11
11
11
133
13
19
17
133
10
16
154
12
19
19
14
17
16
10
19
10
13
16
18
17
130
130
144
14
170
14
19
14
11
19
18
16
125
19
13
12
15
17
15
17
13
15
10
139
