338	102	79	78	55	49	37	21	18	17	16	15	15	14	13	13	13	13	10	10	10	10	10	8	8	8	7	6	6	6	5	5	5	5	4	4	4	3	3	3	3	3	3	3	2	2	2	2	2	2	2	2	2	2	2	2	2	2	2	2	2	2	2	2	1	1	1	1	1	1	1	1	1	1	1	1	1	1	1	1	1	1	1	1	1	1	1	1	1	1	1	1	1	1	1	1	1	1	1	1	1	1	1	1	1	1	1	1	1	1	1	1	1	1	1	1	1	1	1	1	1	1	1	1	1	1	1	1	1	1	1	1	1	1	1	1	1	1	1	1	1	1	1	1	1	1	1	1	1	1	1	1	
66	32	24	18	18	17	10	6	6	5	5	5	5	4	4	4	4	4	4	4	3	3	3	3	3	3	2	2	2	2	2	2	2	2	2	2	2	2	2	2	2	2	1	1	1	1	1	1	1	1	1	1	1	1	1	1	1	1	1	1	1	1	1	1	1	1	1	1	1	1	1	1	1	1	1	1	1	1	1	1	1	1	1	1	1	1	1	1	1	1	1	1	1	1	1	1	1	1	1	1	1	1	1	1	1	1	1	
61	40	31	20	19	9	9	8	6	6	6	5	5	4	4	3	3	3	3	3	3	3	3	2	2	2	2	2	2	2	2	2	1	1	1	1	1	1	1	1	1	1	1	1	1	1	1	1	1	1	1	1	1	1	1	1	1	1	1	1	1	1	1	1	1	1	1	1	1	1	1	1	1	1	1	1	1	1	1	1	1	1	1	1	1	1	1	1	1	1	1	1	1	1	1	1	1	1	1	1	1	
61	33	27	15	14	12	8	7	7	7	5	4	4	3	3	3	3	3	3	2	2	2	2	2	2	2	2	2	2	2	2	2	2	2	2	2	2	2	2	2	2	2	1	1	1	1	1	1	1	1	1	1	1	1	1	1	1	1	1	1	1	1	1	1	1	1	1	1	1	1	1	1	1	1	1	1	1	1	1	1	1	1	1	1	1	1	1	1	1	1	1	1	1	1	1	1	1	1	1	1	1	1	1	1	1	1	1	1	1	1	1	1	1	1	1	1	1	
55	44	19	17	16	13	8	7	7	6	6	5	5	5	4	4	3	3	3	3	3	3	2	2	2	2	2	2	2	2	2	2	2	2	2	2	2	2	2	1	1	1	1	1	1	1	1	1	1	1	1	1	1	1	1	1	1	1	1	1	1	1	1	1	1	1	1	1	1	1	1	1	1	1	1	1	1	1	1	1	1	1	1	1	1	1	1	1	1	1	1	1	1	1	1	1	1	1	1	1	1	1	1	
54	41	23	22	15	13	9	9	9	4	3	3	3	3	3	3	3	3	3	2	2	2	2	2	2	2	2	2	2	2	2	2	2	2	1	1	1	1	1	1	1	1	1	1	1	1	1	1	1	1	1	1	1	1	1	1	1	1	1	1	1	1	1	1	1	1	1	1	1	1	1	1	1	1	1	1	1	1	1	1	1	1	1	1	1	1	1	1	1	1	1	1	1	1	1	1	1	1	1	1	1	1	1	1	1	1	1	1	1	1	
57	46	20	17	17	14	9	6	6	5	5	5	4	3	3	3	3	3	3	3	3	3	3	2	2	2	2	2	2	2	2	2	2	2	2	2	2	2	2	1	1	1	1	1	1	1	1	1	1	1	1	1	1	1	1	1	1	1	1	1	1	1	1	1	1	1	1	1	1	1	1	1	1	1	1	1	1	1	1	1	1	1	1	1	1	1	1	1	1	1	1	1	1	1	1	1	1	
65	39	22	18	14	12	7	7	6	6	5	5	5	5	4	4	4	3	3	3	3	2	2	2	2	2	2	2	2	2	1	1	1	1	1	1	1	1	1	1	1	1	1	1	1	1	1	1	1	1	1	1	1	1	1	1	1	1	1	1	1	1	1	1	1	1	1	1	1	1	1	1	1	1	1	1	1	1	1	1	1	1	1	1	
52	44	21	15	14	13	9	5	5	4	4	4	4	3	3	3	3	3	3	3	2	2	2	2	2	2	2	2	2	2	2	2	2	2	2	2	1	1	1	1	1	1	1	1	1	1	1	1	1	1	1	1	1	1	1	1	1	1	1	1	1	1	1	1	1	1	1	1	1	1	1	1	1	1	1	1	1	1	1	1	1	1	1	1	1	1	1	1	1	1	1	1	1	1	1	1	1	1	1	1	1	
57	32	18	14	12	9	6	6	6	5	4	4	4	3	3	3	3	3	3	3	3	3	2	2	2	2	2	2	2	2	2	2	2	2	1	1	1	1	1	1	1	1	1	1	1	1	1	1	1	1	1	1	1	1	1	1	1	1	1	1	1	1	1	1	1	1	1	1	1	1	1	1	1	1	1	1	1	1	1	1	1	1	1	1	1	1	1	1	1	1	1	1	1	1	1	1	1	1	1	1	1	1	1	1	1	
62	28	21	20	18	14	5	5	4	4	4	3	3	3	3	3	3	3	2	2	2	2	2	2	2	2	2	2	2	2	1	1	1	1	1	1	1	1	1	1	1	1	1	1	1	1	1	1	1	1	1	1	1	1	1	1	1	1	1	1	1	1	1	1	1	1	1	1	1	1	1	1	1	1	1	1	1	1	1	1	1	1	1	1	1	1	1	1	1	1	1	1	1	1	
56	6	6	6	5	4	4	3	3	3	2	2	2	2	2	2	2	2	2	2	2	2	1	1	1	1	1	1	1	1	1	1	1	1	1	1	1	1	1	1	1	1	1	1	1	1	1	1	1	1	1	1	1	1	1	
42	9	8	7	6	5	5	4	4	4	3	3	3	2	2	2	1	1	1	1	1	1	1	1	1	1	1	1	1	1	1	1	1	1	1	1	1	1	1	1	1	1	1	1	1	1	1	1	1	1	1	
45	11	7	5	3	3	3	3	2	2	2	2	2	2	2	1	1	1	1	1	1	1	1	1	1	1	1	1	1	1	1	1	1	1	1	1	1	1	1	1	1	1	1	1	1	1	1	1	
36	9	8	7	5	5	4	4	4	3	3	2	2	2	2	2	2	1	1	1	1	1	1	1	1	1	1	1	1	1	1	1	1	1	1	1	1	1	1	1	1	1	1	1	
35	11	7	6	5	5	3	3	3	2	2	2	2	2	2	1	1	1	1	1	1	1	1	1	1	1	1	1	1	1	1	1	1	1	1	1	1	1	1	1	1	1	
39	6	6	6	4	4	3	3	3	3	3	3	3	2	2	2	2	2	1	1	1	1	1	1	1	1	1	1	1	1	1	1	1	1	1	1	1	1	1	
30	6	6	6	5	4	3	3	3	2	2	2	2	2	1	1	1	1	1	1	1	1	1	1	1	1	1	1	1	1	1	1	1	1	1	1	1	1	1	1	1	1	1	
31	6	6	5	5	4	4	3	3	2	2	2	2	2	2	2	1	1	1	1	1	1	1	1	1	1	1	1	1	1	1	1	1	1	1	1	1	
24	13	8	3	3	3	2	2	2	2	2	2	1	1	1	1	1	1	1	1	1	1	1	1	1	1	1	1	1	1	1	1	1	1	1	1	1	
17	6	6	5	3	3	2	2	2	2	2	2	1	1	1	1	1	1	1	1	1	1	1	1	1	1	1	1	1	1	1	1	1	1	
8	7	4	4	4	3	3	3	2	2	2	2	2	1	1	1	1	1	1	1	1	1	1	1	1	1	1	1	1	1	1	1	1	1	1	1	1	
66	
12	5	4	3	3	2	2	2	2	2	2	1	1	1	1	1	1	1	1	1	1	1	1	1	1	1	1	1	1	1	1	1	1	
9	8	4	3	2	2	1	1	1	1	1	1	1	1	1	1	1	1	1	1	1	1	1	1	1	1	1	1	1	1	1	1	1	1	
13	5	4	3	2	2	2	2	2	1	1	1	1	1	1	1	1	1	1	1	1	1	1	1	1	1	1	
10	6	4	3	3	3	2	2	2	2	2	1	1	1	1	1	1	1	1	1	1	1	1	1	1	
12	4	3	3	2	2	2	2	1	1	1	1	1	1	1	1	1	1	1	1	1	1	1	1	1	1	1	1	
9	9	3	3	3	2	2	2	2	1	1	1	1	1	1	1	1	1	1	1	1	1	1	1	
7	4	3	2	2	2	2	2	2	1	1	1	1	1	1	1	1	1	1	1	1	1	1	1	1	1	1	1	1	1	1	1	
7	2	2	2	2	2	1	1	1	1	1	1	1	1	1	1	1	1	1	1	1	1	1	1	1	1	1	1	1	1	1	1	1	1	1	1	1	1	
7	5	4	3	2	2	2	2	2	1	1	1	1	1	1	1	1	1	1	1	1	1	1	1	1	1	1	1	
9	5	4	3	2	2	1	1	1	1	1	1	1	1	1	1	1	1	1	1	1	1	1	1	1	1	1	1	1	
9	4	3	3	2	1	1	1	1	1	1	1	1	1	1	1	1	1	1	1	1	1	1	1	1	1	1	1	1	
3	3	3	3	3	3	2	2	2	2	2	2	2	1	1	1	1	1	1	1	1	1	1	1	1	
9	5	5	2	2	2	2	2	1	1	1	1	1	1	1	1	1	1	1	1	1	1	1	
5	3	2	2	1	1	1	1	1	1	1	1	1	1	1	1	1	1	1	1	1	1	1	1	1	1	1	1	1	1	1	1	1	1	1	
3	3	2	2	1	1	1	1	1	1	1	1	1	1	1	1	1	1	1	1	1	1	1	1	1	1	1	1	1	1	1	1	1	1	1	1	
4	3	3	2	2	2	2	2	2	2	1	1	1	1	1	1	1	1	1	1	1	1	1	1	1	1	1	
11	4	3	2	2	1	1	1	1	1	1	1	1	1	1	1	1	1	1	1	1	1	1	1	
9	7	3	2	2	2	2	2	1	1	1	1	1	1	1	1	1	1	1	
8	4	3	3	2	2	1	1	1	1	1	1	1	1	1	1	1	1	1	1	1	1	1	1	
8	6	6	3	2	2	2	2	1	1	1	1	1	1	1	1	1	
5	2	1	1	1	1	1	1	1	1	1	1	1	1	1	1	1	1	1	1	1	1	1	1	1	1	1	1	1	1	1	1	1	1	
5	4	4	4	2	2	2	1	1	1	1	1	1	1	1	1	1	1	1	1	1	1	1	
6	5	3	3	2	2	2	2	1	1	1	1	1	1	1	1	1	1	1	1	1	
8	2	2	2	1	1	1	1	1	1	1	1	1	1	1	1	1	1	1	1	1	1	1	1	1	1	1	
5	3	2	1	1	1	1	1	1	1	1	1	1	1	1	1	1	1	1	1	1	1	1	1	1	1	1	1	1	1	
36	
9	4	2	2	1	1	1	1	1	1	1	1	1	1	1	1	1	1	1	1	1	1	1	
5	3	2	1	1	1	1	1	1	1	1	1	1	1	1	1	1	1	1	1	1	1	1	1	1	1	1	1	1	
4	3	2	2	2	2	2	1	1	1	1	1	1	1	1	1	1	1	1	1	1	1	1	1	1	
9	2	1	1	1	1	1	1	1	1	1	1	1	1	1	1	1	1	1	1	1	1	1	1	1	1	
34	
34	
9	4	2	2	2	2	2	1	1	1	1	1	1	1	1	1	1	1	
8	3	3	3	2	1	1	1	1	1	1	1	1	1	1	1	1	1	1	
10	8	4	2	2	1	1	1	1	1	1	
2	1	1	1	1	1	1	1	1	1	1	1	1	1	1	1	1	1	1	1	1	1	1	1	1	1	1	1	1	1	1	
32	
3	2	2	1	1	1	1	1	1	1	1	1	1	1	1	1	1	1	1	1	1	1	1	1	1	1	1	1	
6	4	2	2	1	1	1	1	1	1	1	1	1	1	1	1	1	1	1	1	1	
8	3	2	1	1	1	1	1	1	1	1	1	1	1	1	1	1	1	1	1	1	
2	1	1	1	1	1	1	1	1	1	1	1	1	1	1	1	1	1	1	1	1	1	1	1	1	1	1	1	1	
3	3	3	3	2	1	1	1	1	1	1	1	1	1	1	1	1	1	1	1	
9	3	2	2	1	1	1	1	1	1	1	1	1	1	1	1	1	
29	
4	4	2	2	2	1	1	1	1	1	1	1	1	1	1	1	1	1	1	1	
27	
4	4	2	2	1	1	1	1	1	1	1	1	1	1	1	1	1	1	1	
27	
4	3	3	2	2	2	1	1	1	1	1	1	1	1	
6	3	3	1	1	1	1	1	1	1	1	1	1	1	1	
24	
24	
24	
2	1	1	1	1	1	1	1	1	1	1	1	1	1	1	1	1	1	1	1	1	1	
6	4	2	2	1	1	1	1	1	1	1	1	
3	2	2	2	1	1	1	1	1	1	1	1	1	1	1	1	
7	5	3	1	1	1	1	1	
6	2	2	2	1	1	1	1	1	1	1	
6	2	2	2	1	1	1	1	1	1	1	
3	2	2	2	2	1	1	1	1	1	1	1	1	
4	1	1	1	1	1	1	1	1	1	1	1	1	1	1	1	
4	2	2	1	1	1	1	1	1	1	1	1	1	1	
9	3	1	1	1	1	1	1	1	
3	3	3	2	2	1	1	1	1	1	
3	2	2	2	1	1	1	1	1	1	1	1	1	
6	3	2	2	1	1	1	1	1	
3	3	2	1	1	1	1	1	1	1	1	1	1	
2	1	1	1	1	1	1	1	1	1	1	1	1	1	1	1	
6	3	2	1	1	1	1	1	1	
3	2	2	1	1	1	1	1	1	1	1	1	1	
2	2	2	1	1	1	1	1	1	1	1	1	1	1	
3	3	2	2	2	1	1	1	1	1	
3	3	2	2	1	1	1	1	1	1	1	
4	3	2	1	1	1	1	1	1	1	1	
3	1	1	1	1	1	1	1	1	1	1	1	1	1	
5	2	1	1	1	1	1	1	1	1	1	
5	3	2	2	1	1	1	1	
7	2	1	1	1	1	1	1	1	
3	2	2	1	1	1	1	1	1	1	1	1	
6	1	1	1	1	1	1	1	1	1	1	
3	3	2	1	1	1	1	1	1	1	1	
2	2	2	1	1	1	1	1	1	1	1	1	
2	2	2	1	1	1	1	1	1	1	1	1	
2	2	1	1	1	1	1	1	1	1	1	1	1	
2	2	2	1	1	1	1	1	1	1	1	1	
6	2	1	1	1	1	1	1	1	
8	2	1	1	1	1	1	
5	3	1	1	1	1	1	1	1	
2	2	2	1	1	1	1	1	1	1	1	1	
2	2	2	1	1	1	1	1	1	1	1	1	
4	1	1	1	1	1	1	1	1	1	1	1	
5	2	1	1	1	1	1	1	1	1	
4	3	1	1	1	1	1	1	1	
4	3	1	1	1	1	1	1	1	
3	2	2	1	1	1	1	1	1	1	
4	2	2	1	1	1	1	1	1	
2	2	2	1	1	1	1	1	1	1	1	
3	2	1	1	1	1	1	1	1	1	1	
2	2	1	1	1	1	1	1	1	1	1	1	
8	2	2	1	1	
3	2	1	1	1	1	1	1	1	1	1	
2	1	1	1	1	1	1	1	1	1	1	1	
3	2	1	1	1	1	1	1	1	1	
2	2	2	1	1	1	1	1	1	1	
7	3	1	1	1	
5	3	1	1	1	1	1	
3	2	2	1	1	1	1	1	1	
3	2	2	1	1	1	1	1	1	
3	2	1	1	1	1	1	1	1	1	
2	2	2	1	1	1	1	1	1	1	
4	2	1	1	1	1	1	1	
3	2	1	1	1	1	1	1	1	
6	2	1	1	1	1	
2	1	1	1	1	1	1	1	1	1	1	
4	1	1	1	1	1	1	1	1	
3	3	1	1	1	1	1	1	
12	
2	2	1	1	1	1	1	1	1	1	
2	2	2	1	1	1	1	1	
5	2	1	1	1	1	
2	1	1	1	1	1	1	1	1	1	
2	2	1	1	1	1	1	1	1	
3	1	1	1	1	1	1	1	1	
3	1	1	1	1	1	1	1	1	
2	1	1	1	1	1	1	1	1	1	
11	
3	2	1	1	1	1	1	1	
2	1	1	1	1	1	1	1	1	1	
4	1	1	1	1	1	1	1	
4	3	1	1	1	1	
2	2	1	1	1	1	1	1	
3	2	1	1	1	1	1	
2	2	2	1	1	1	1	
2	2	1	1	1	1	1	1	
4	3	1	1	1	
4	2	1	1	1	1	
2	2	1	1	1	1	1	1	
1	1	1	1	1	1	1	1	1	1	
3	1	1	1	1	1	1	1	
7	1	1	1	
2	1	1	1	1	1	1	1	1	
1	1	1	1	1	1	1	1	1	1	
2	2	1	1	1	1	1	1	
3	2	2	1	1	1	
2	1	1	1	1	1	1	1	1	
9	1	
4	1	1	1	1	1	
2	2	1	1	1	1	1	
4	2	1	1	1	
7	1	1	
3	2	1	1	1	1	
5	1	1	1	1	
2	2	1	1	1	1	1	
8	1	
2	1	1	1	1	1	1	1	
2	2	1	1	1	1	1	
2	1	1	1	1	1	1	
2	1	1	1	1	1	1	
5	1	1	1	
3	2	1	1	1	
5	1	1	1	
3	1	1	1	1	1	
6	1	1	
3	1	1	1	1	1	
5	1	1	1	
2	1	1	1	1	1	1	
5	1	1	1	
2	2	2	1	1	
4	2	1	1	
4	1	1	1	1	
2	2	1	1	1	1	
2	2	1	1	1	1	
3	1	1	1	1	1	
2	1	1	1	1	1	1	
2	1	1	1	1	1	
1	1	1	1	1	1	1	
1	1	1	1	1	1	1	
3	2	1	1	
5	1	1	
2	2	1	1	1	
4	1	1	1	
2	1	1	1	1	1	
3	2	1	1	
2	1	1	1	1	1	
7	
4	2	1	
2	1	1	1	1	1	
2	1	1	1	1	1	
3	1	1	1	1	
3	1	1	1	1	
4	1	1	1	
2	1	1	1	1	1	
1	1	1	1	1	1	
3	1	1	1	
4	1	1	
1	1	1	1	1	1	
3	2	1	
1	1	1	1	1	1	
3	1	1	1	
2	1	1	1	1	
1	1	1	1	1	1	
3	1	1	1	
4	1	1	
2	2	1	1	
3	1	1	1	
3	1	1	1	
2	1	1	1	1	
2	1	1	1	1	
5	1	
1	1	1	1	1	1	
2	1	1	1	1	
1	1	1	1	1	1	
1	1	1	1	1	1	
2	1	1	1	1	
2	2	1	1	
3	2	1	
2	2	1	1	
2	1	1	1	1	
6	
4	1	1	
1	1	1	1	1	1	
1	1	1	1	1	1	
1	1	1	1	1	1	
2	1	1	1	1	
2	1	1	1	1	
4	1	1	
2	1	1	1	1	
4	1	1	
5	1	
1	1	1	1	1	1	
1	1	1	1	1	
1	1	1	1	1	
1	1	1	1	1	
2	1	1	1	
1	1	1	1	1	
3	1	1	
1	1	1	1	1	
3	1	1	
4	1	
1	1	1	1	1	
5	
1	1	1	1	1	
1	1	1	1	1	
1	1	1	1	1	
1	1	1	1	1	
2	1	1	1	
3	1	1	
1	1	1	1	1	
1	1	1	1	1	
1	1	1	1	1	
2	1	1	1	
1	1	1	1	1	
1	1	1	1	1	
3	1	1	
2	1	1	1	
1	1	1	1	1	
2	1	1	1	
1	1	1	1	1	
2	1	1	1	
5	
3	1	1	
1	1	1	1	1	
2	1	1	1	
1	1	1	1	1	
2	1	1	1	
1	1	1	1	
2	1	1	
1	1	1	1	
1	1	1	1	
1	1	1	1	
1	1	1	1	
2	1	1	
2	1	1	
1	1	1	1	
1	1	1	1	
1	1	1	1	
2	1	1	
1	1	1	1	
2	1	1	
4	
1	1	1	1	
4	
1	1	1	1	
1	1	1	1	
2	2	
2	1	1	
2	1	1	
1	1	1	1	
1	1	1	1	
2	1	1	
1	1	1	1	
1	1	1	1	
2	1	1	
1	1	1	1	
1	1	1	1	
4	
1	1	1	1	
2	1	1	
1	1	1	1	
2	1	1	
1	1	1	1	
1	1	1	1	
1	1	1	1	
1	1	1	1	
4	
1	1	1	1	
1	1	1	1	
1	1	1	1	
3	1	
1	1	1	1	
3	1	
1	1	1	1	
1	1	1	1	
4	
1	1	1	1	
1	1	1	1	
3	1	
3	1	
1	1	1	1	
2	1	1	
1	1	1	1	
3	1	
2	1	1	
1	1	1	1	
1	1	1	1	
2	1	1	
1	1	1	1	
1	1	1	1	
1	1	1	1	
2	1	1	
2	1	1	
3	1	
1	1	1	1	
1	1	1	1	
1	1	1	1	
3	1	
2	1	1	
1	1	1	1	
3	
2	1	
2	1	
1	1	1	
2	1	
2	1	
1	1	1	
2	1	
2	1	
1	1	1	
2	1	
2	1	
1	1	1	
1	1	1	
2	1	
1	1	1	
1	1	1	
1	1	1	
2	1	
1	1	1	
1	1	1	
1	1	1	
1	1	1	
1	1	1	
2	1	
1	1	1	
2	1	
1	1	1	
1	1	1	
1	1	1	
2	1	
1	1	1	
2	1	
1	1	1	
1	1	1	
2	1	
2	1	
1	1	1	
2	1	
2	1	
1	1	1	
1	1	1	
1	1	1	
1	1	1	
1	1	1	
1	1	1	
1	1	1	
1	1	1	
1	1	1	
3	
2	1	
1	1	1	
3	
1	1	1	
2	1	
2	1	
3	
3	
1	1	1	
1	1	1	
1	1	1	
2	1	
2	1	
1	1	1	
1	1	1	
1	1	1	
3	
1	1	1	
1	1	1	
1	1	1	
1	1	1	
1	1	1	
1	1	1	
1	1	1	
1	1	1	
3	
1	1	1	
1	1	1	
2	1	
1	1	1	
3	
2	1	
1	1	1	
1	1	1	
3	
2	1	
2	1	
1	1	1	
2	1	
1	1	1	
2	1	
1	1	1	
1	1	1	
1	1	1	
1	1	1	
1	1	1	
2	1	
1	1	1	
1	1	1	
2	1	
1	1	1	
1	1	1	
1	1	1	
1	1	1	
3	
2	1	
1	1	1	
1	1	
1	1	
1	1	
1	1	
1	1	
1	1	
2	
1	1	
2	
1	1	
1	1	
2	
1	1	
2	
1	1	
2	
2	
2	
2	
1	1	
1	1	
1	1	
1	1	
2	
1	1	
1	1	
1	1	
1	1	
1	1	
1	1	
1	1	
1	1	
1	1	
2	
1	1	
1	1	
1	1	
1	1	
1	1	
1	1	
1	1	
1	1	
1	1	
1	1	
1	1	
1	1	
2	
1	1	
1	1	
1	1	
2	
1	1	
1	1	
1	1	
1	1	
1	1	
2	
1	1	
1	1	
2	
1	1	
1	1	
1	1	
1	1	
1	1	
1	1	
1	1	
2	
1	1	
1	1	
1	1	
2	
1	1	
1	1	
1	1	
1	1	
1	1	
1	1	
1	1	
1	1	
1	1	
2	
1	1	
1	1	
1	1	
1	1	
2	
2	
1	1	
1	1	
1	1	
2	
1	1	
1	1	
2	
1	1	
1	1	
2	
1	1	
1	1	
2	
1	1	
1	1	
2	
1	1	
1	1	
2	
1	1	
1	1	
2	
1	1	
1	1	
1	1	
1	1	
1	1	
1	1	
2	
1	1	
1	1	
1	1	
2	
1	1	
2	
1	1	
1	1	
2	
1	1	
1	1	
1	1	
1	1	
1	1	
1	1	
1	1	
2	
1	1	
1	1	
1	1	
1	1	
1	1	
1	1	
1	1	
1	1	
1	1	
1	1	
1	1	
1	1	
1	1	
2	
1	1	
2	
1	1	
1	1	
1	1	
1	1	
2	
1	1	
2	
2	
2	
1	1	
1	1	
2	
1	1	
1	1	
2	
1	1	
1	1	
1	1	
1	1	
1	1	
1	1	
2	
1	1	
2	
1	1	
2	
2	
1	1	
1	1	
1	1	
2	
1	1	
1	1	
1	1	
1	1	
1	1	
2	
1	1	
2	
1	1	
1	1	
2	
1	1	
1	1	
1	1	
1	
1	
1	
1	
1	
1	
1	
1	
1	
1	
1	
1	
1	
1	
1	
1	
1	
1	
1	
1	
1	
1	
1	
1	
1	
1	
1	
1	
1	
1	
1	
1	
1	
1	
1	
1	
1	
1	
1	
1	
1	
1	
1	
1	
1	
1	
1	
1	
1	
1	
1	
1	
1	
1	
1	
1	
1	
1	
1	
1	
1	
1	
1	
1	
1	
1	
1	
1	
1	
1	
1	
1	
1	
1	
1	
1	
1	
1	
1	
1	
1	
1	
1	
1	
1	
1	
1	
1	
1	
1	
1	
1	
1	
1	
1	
1	
1	
1	
1	
1	
1	
1	
1	
1	
1	
1	
1	
1	
1	
1	
1	
1	
1	
1	
1	
1	
1	
1	
1	
1	
1	
1	
1	
1	
1	
1	
1	
1	
1	
1	
1	
1	
1	
1	
1	
1	
1	
1	
1	
1	
1	
1	
1	
1	
1	
1	
1	
1	
1	
1	
1	
1	
1	
1	
1	
1	
1	
1	
1	
1	
1	
1	
1	
1	
1	
1	
1	
1	
1	
1	
1	
1	
1	
1	
1	
1	
1	
1	
1	
1	
1	
1	
1	
1	
1	
1	
1	
1	
1	
1	
1	
1	
1	
1	
1	
1	
1	
1	
1	
1	
1	
1	
1	
1	
1	
1	
1	
1	
1	
1	
1	
1	
1	
1	
1	
1	
1	
1	
1	
1	
1	
1	
1	
1	
1	
1	
1	
1	
1	
1	
1	
1	
1	
1	
1	
1	
1	
1	
1	
1	
1	
1	
1	
1	
1	
1	
1	
1	
1	
1	
1	
1	
1	
1	
1	
1	
1	
1	
1	
1	
1	
1	
1	
1	
1	
1	
1	
1	
1	
1	
1	
1	
1	
1	
1	
1	
1	
1	
1	
1	
1	
1	
1	
1	
1	
1	
1	
1	
1	
1	
1	
1	
1	
1	
1	
1	
1	
1	
1	
1	
1	
1	
1	
1	
1	
1	
1	
1	
1	
1	
1	
1	
1	
1	
1	
1	
1	
1	
1	
1	
1	
1	
1	
1	
1	
1	
1	
1	
1	
1	
1	
1	
1	
1	
1	
1	
1	
1	
1	
1	
1	
1	
1	
1	
1	
1	
1	
1	
1	
1	
1	
1	
1	
1	
1	
1	
1	
1	
1	
1	
1	
1	
1	
1	
1	
1	
1	
1	
1	
1	
1	
1	
1	
1	
1	
1	
1	
1	
1	
1	
1	
1	
1	
1	
1	
1	
1	
1	
1	
1	
1	
1	
1	
1	
1	
1	
1	
1	
1	
1	
1	
1	
1	
1	
1	
1	
1	
1	
1	
1	
1	
1	
1	
1	
1	
1	
1	
1	
1	
1	
1	
1	
1	
1	
1	
1	
1	
1	
1	
1	
1	
1	
1	
1	
1	
1	
1	
1	
1	
1	
1	
1	
1	
1	
1	
1	
1	
1	
1	
1	
1	
1	
1	
1	
1	
1	
1	
1	
1	
1	
1	
1	
1	
1	
1	
1	
1	
1	
1	
1	
1	
1	
1	
1	
1	
1	
1	
1	
1	
1	
1	
1	
1	
1	
1	
1	
1	
1	
1	
1	
1	
1	
1	
1	
1	
1	
1	
1	
1	
1	
1	
1	
1	
1	
1	
1	
1	
1	
1	
1	
1	
1	
1	
1	
1	
1	
1	
1	
1	
1	
1	
1	
1	
1	
1	
1	
1	
1	
1	
1	
1	
1	
1	
1	
1	
1	
1	
1	
1	
1	
1	
1	
1	
1	
1	
1	
1	
1	
1	
1	
1	
1	
1	
1	
1	
1	
1	
1	
1	
1	
1	
1	
1	
1	
1	
1	
1	
1	
1	
1	
1	
1	
1	
1	
1	
1	
1	
1	
1	
1	
1	
1	
1	
1	
1	
1	
1	
1	
1	
1	
1	
1	
1	
1	
1	
1	
1	
1	
1	
1	
1	
1	
1	
1	
1	
1	
1	
1	
1	
1	
1	
1	
1	
1	
1	
1	
1	
1	
1	
1	
1	
1	
1	
1	
1	
1	
1	
1	
1	
1	
1	
1	
1	
1	
1	
1	
1	
1	
1	
1	
1	
1	
1	
1	
1	
1	
1	
1	
1	
1	
1	
1	
1	
1	
1	
1	
1	
1	
1	
1	
1	
1	
1	
1	
1	
1	
1	
1	
1	
1	
1	
1	
1	
1	
1	
1	
1	
1	
1	
1	
1	
1	
1	
1	
1	
1	
1	
1	
1	
1	
1	
1	
1	
1	
1	
1	
1	
1	
1	
1	
1	
1	
1	
1	
1	
1	
1	
1	
1	
1	
1	
1	
1	
1	
1	
1	
1	
1	
1	
1	
1	
1	
1	
1	
1	
1	
1	
1	
1	
1	
1	
1	
1	
1	
1	
1	
1	
1	
1	
1	
1	
1	
1	
1	
1	
1	
1	
1	
1	
1	
1	
1	
1	
1	
1	
1	
1	
1	
1	
1	
1	
1	
1	
1	
1	
1	
1	
1	
1	
1	
1	
1	
1	
1	
1	
1	
1	
1	
1	
1	
1	
1	
1	
1	
1	
1	
1	
1	
1	
1	
1	
1	
1	
1	
1	
1	
1	
1	
1	
1	
1	
1	
1	
1	
1	
1	
1	
1	
1	
1	
1	
1	
1	
1	
1	
1	
1	
1	
1	
1	
1	
1	
1	
1	
1	
1	
1	
1	
1	
1	
1	
1	
1	
1	
1	
1	
1	
1	
1	
1	
1	
1	
1	
1	
1	
1	
1	
1	
1	
1	
1	
1	
1	
1	
1	
1	
1	
1	
1	
1	
1	
1	
1	
1	
1	
1	
1	
1	
1	
1	
1	
1	
1	
1	
1	
1	
1	
1	
1	
1	
1	
1	
1	
1	
1	
1	
1	
1	
1	
1	
1	
1	
1	
1	
1	
1	
1	
1	
1	
1	
1	
1	
1	
1	
1	
1	
1	
1	
1	
1	
1	
1	
1	
1	
