283	68	54	52	45	33	30	27	24	17	17	14	11	11	10	10	9	8	7	6	6	6	6	6	6	6	6	5	5	5	5	5	4	4	4	4	4	4	4	3	3	3	3	3	3	3	3	3	3	3	3	3	3	2	2	2	2	2	2	2	2	2	2	2	2	2	2	2	2	2	2	2	2	2	2	2	2	2	2	2	2	1	1	1	1	1	1	1	1	1	1	1	1	1	1	1	1	1	1	1	1	1	1	1	1	1	1	1	1	1	1	1	1	1	1	1	1	1	1	1	1	1	1	1	1	1	1	1	1	1	1	1	1	1	1	1	1	1	1	1	1	1	1	1	1	1	1	1	1	1	1	1	1	1	1	1	1	1	1	1	1	1	1	1	1	1	1	1	1	1	1	1	1	1	
26	24	22	21	19	19	18	18	17	17	16	16	16	15	14	14	14	13	13	13	12	12	12	10	10	9	7	7	7	6	6	5	5	5	5	4	3	3	3	3	3	3	3	3	2	2	2	2	2	2	2	2	2	2	2	1	1	1	1	1	1	1	1	1	1	1	1	1	1	1	1	1	1	1	1	1	1	1	1	1	1	1	1	1	1	1	1	1	1	1	1	1	1	1	1	1	
203	40	27	26	24	22	21	17	13	13	11	9	8	6	5	4	4	4	4	2	2	2	2	2	2	2	1	1	1	1	1	1	1	1	1	1	1	1	1	1	1	1	1	1	1	
32	25	18	15	11	6	6	6	5	5	4	4	4	3	3	3	3	3	3	3	3	2	2	2	2	2	2	2	2	2	2	2	2	2	2	2	2	2	2	2	1	1	1	1	1	1	1	1	1	1	1	1	1	1	1	1	1	1	1	1	1	1	1	1	1	1	1	1	1	1	1	1	1	1	1	1	1	1	1	1	1	1	1	1	1	1	1	1	1	
39	36	16	14	12	5	5	4	4	3	3	3	3	3	2	2	2	2	2	2	2	2	2	2	2	2	2	1	1	1	1	1	1	1	1	1	1	1	1	1	1	1	1	1	1	1	1	1	1	1	1	1	1	1	1	1	1	1	1	1	1	1	1	1	1	1	1	1	1	1	
25	9	9	8	8	8	6	6	5	5	4	4	4	3	3	3	2	2	2	2	2	2	2	1	1	1	1	1	1	1	1	1	1	1	1	1	1	1	1	1	1	1	1	1	1	1	1	1	1	1	1	1	1	1	1	1	1	1	1	1	1	1	1	1	1	1	1	1	1	1	1	1	
86	15	6	5	5	3	3	2	2	2	2	2	2	2	2	2	2	1	1	1	1	1	1	1	1	1	1	1	1	1	1	1	1	1	1	1	1	1	1	1	1	1	1	1	1	1	
33	17	7	6	5	4	4	4	4	3	3	2	2	2	2	2	2	1	1	1	1	1	1	1	1	1	1	1	1	1	1	1	1	1	1	1	1	1	1	1	1	1	1	1	1	1	1	1	1	1	1	1	1	1	1	1	1	1	1	1	
90	13	6	4	3	3	2	1	1	1	1	1	1	1	1	1	1	1	1	1	1	
38	16	10	10	7	6	5	5	5	4	3	3	3	2	2	2	2	2	1	1	1	1	1	1	1	1	1	
56	17	15	3	2	2	2	2	1	1	1	1	1	1	1	1	1	1	1	1	1	1	1	
19	8	7	5	5	3	3	3	3	3	3	2	2	2	2	2	2	2	1	1	1	1	1	1	1	1	1	1	1	1	1	1	1	1	1	1	1	1	1	1	1	1	1	1	1	1	1	1	1	1	
16	13	9	5	5	5	5	4	3	3	3	3	2	2	2	2	1	1	1	1	1	1	1	1	1	1	1	1	1	
15	10	9	6	6	5	4	4	4	3	3	3	2	2	2	2	1	1	1	1	1	1	1	1	1	
19	13	13	10	9	3	3	3	3	2	1	1	1	1	1	1	1	1	1	1	
33	9	7	5	4	3	2	2	2	2	1	1	1	1	1	1	1	1	1	1	1	1	1	1	1	1	1	1	1	
44	7	4	4	4	2	1	1	1	1	1	1	1	1	1	1	1	1	1	1	1	1	1	1	1	1	
25	5	5	5	4	4	4	4	3	3	3	2	2	2	1	1	1	1	1	1	1	1	1	1	1	1	
25	10	7	6	6	6	5	3	2	1	1	1	1	1	1	1	1	1	1	1	1	
31	14	7	5	3	2	2	2	2	2	1	1	1	1	1	1	1	1	1	1	1	
9	7	5	4	4	4	3	3	3	3	2	2	2	2	2	2	2	1	1	1	1	1	1	1	1	1	1	1	1	1	1	1	1	1	1	1	1	1	
35	16	4	3	2	2	2	2	1	1	1	1	1	1	1	1	1	1	1	1	1	
35	4	4	3	3	2	2	1	1	1	1	1	1	1	1	1	1	1	1	1	1	1	1	1	1	1	1	1	1	1	1	1	
10	6	5	4	4	3	2	2	2	2	2	2	2	1	1	1	1	1	1	1	1	1	1	1	1	1	1	1	1	1	1	1	1	1	1	1	1	1	1	1	1	1	
19	4	4	4	4	3	2	2	2	2	2	2	2	2	1	1	1	1	1	1	1	1	1	1	1	1	1	
24	8	7	4	3	3	2	2	2	1	1	1	1	1	1	1	1	1	1	
5	5	4	3	3	3	2	2	2	2	2	2	2	1	1	1	1	1	1	1	1	1	1	1	1	1	1	1	1	1	1	1	1	1	1	1	1	1	1	1	1	
7	5	4	4	3	3	3	2	2	2	2	2	2	2	2	1	1	1	1	1	1	1	1	1	1	1	1	1	1	1	1	1	1	1	
8	6	4	4	2	2	2	2	2	1	1	1	1	1	1	1	1	1	1	1	1	1	1	1	1	1	1	1	1	1	1	1	1	1	1	1	1	
5	4	4	4	3	3	3	2	2	2	2	2	2	2	1	1	1	1	1	1	1	1	1	1	1	1	1	1	1	1	1	1	1	1	
13	7	6	5	5	4	4	4	2	1	1	1	1	1	1	1	1	
29	5	3	2	1	1	1	1	1	1	1	1	1	1	1	1	1	1	1	1	1	1	
4	4	4	3	3	3	3	3	3	2	2	2	1	1	1	1	1	1	1	1	1	1	1	1	1	1	1	1	1	1	1	1	
7	6	5	5	3	3	2	2	2	2	1	1	1	1	1	1	1	1	1	1	1	1	1	1	1	1	1	1	1	
8	5	5	2	2	2	2	2	2	1	1	1	1	1	1	1	1	1	1	1	1	1	1	1	1	1	1	1	1	1	1	1	1	
33	4	3	1	1	1	1	1	1	1	1	1	1	1	1	1	1	
27	5	2	2	2	1	1	1	1	1	1	1	1	1	1	1	1	1	1	1	
4	3	3	3	3	2	2	2	2	2	2	1	1	1	1	1	1	1	1	1	1	1	1	1	1	1	1	1	1	1	1	1	1	1	1	1	
21	3	3	2	2	2	1	1	1	1	1	1	1	1	1	1	1	1	1	1	1	1	1	1	1	
13	8	5	5	4	4	3	2	2	1	1	1	1	1	
4	4	3	3	2	2	2	2	2	2	2	1	1	1	1	1	1	1	1	1	1	1	1	1	1	1	1	1	1	1	1	1	1	1	
4	3	3	3	3	3	2	2	2	2	2	2	1	1	1	1	1	1	1	1	1	1	1	1	1	1	1	1	1	1	
4	4	2	2	2	2	2	2	2	2	1	1	1	1	1	1	1	1	1	1	1	1	1	1	1	1	1	1	1	1	1	1	
25	3	3	2	2	2	2	1	1	1	1	1	1	1	
17	5	3	1	1	1	1	1	1	1	1	1	1	1	1	1	1	1	1	1	1	1	
3	3	3	2	2	2	2	2	2	2	1	1	1	1	1	1	1	1	1	1	1	1	1	1	1	1	1	1	1	1	
8	7	6	5	3	3	3	3	2	1	1	1	
15	7	7	3	2	1	1	1	1	1	1	1	1	1	
24	13	3	1	1	1	
22	4	3	2	2	2	1	1	1	1	1	1	1	
29	4	3	2	1	1	1	1	
21	18	2	1	
4	4	3	3	2	2	2	2	2	2	2	2	2	1	1	1	1	1	1	1	1	1	
5	5	4	4	2	2	2	2	2	1	1	1	1	1	1	1	1	1	1	1	1	1	
6	5	3	2	2	2	2	2	2	2	2	1	1	1	1	1	1	1	1	1	1	1	
10	3	2	2	2	2	1	1	1	1	1	1	1	1	1	1	1	1	1	1	1	1	1	1	1	1	
17	7	3	2	1	1	1	1	1	1	1	1	1	1	1	1	
5	3	3	3	2	2	2	2	2	2	2	1	1	1	1	1	1	1	1	1	1	1	1	
5	3	3	2	2	2	2	2	2	2	2	2	2	1	1	1	1	1	1	1	1	1	
16	8	3	3	2	2	1	1	1	1	1	1	
7	3	2	2	2	2	2	2	1	1	1	1	1	1	1	1	1	1	1	1	1	1	1	1	1	
7	5	4	4	4	2	1	1	1	1	1	1	1	1	1	1	1	1	1	
14	13	5	2	1	1	1	1	
8	4	4	3	2	2	2	2	1	1	1	1	1	1	1	1	1	1	
2	2	2	2	2	2	1	1	1	1	1	1	1	1	1	1	1	1	1	1	1	1	1	1	1	1	1	1	1	1	1	
15	4	3	3	2	1	1	1	1	1	1	1	1	1	1	
9	5	3	3	2	2	2	1	1	1	1	1	1	1	1	1	1	
9	6	4	3	3	3	2	1	1	1	1	1	1	
7	3	3	3	1	1	1	1	1	1	1	1	1	1	1	1	1	1	1	1	1	1	1	1	
33	1	1	
18	5	4	2	2	1	1	1	1	
12	3	2	1	1	1	1	1	1	1	1	1	1	1	1	1	1	1	1	1	1	
24	2	1	1	1	1	1	1	1	1	1	
18	5	3	3	2	1	1	1	1	
3	3	3	2	2	2	1	1	1	1	1	1	1	1	1	1	1	1	1	1	1	1	1	1	1	
13	2	2	2	1	1	1	1	1	1	1	1	1	1	1	1	1	1	1	
6	4	3	3	2	2	2	2	1	1	1	1	1	1	1	1	1	
7	7	4	1	1	1	1	1	1	1	1	1	1	1	1	1	1	1	
6	4	4	3	3	3	3	2	1	1	1	1	1	
4	2	1	1	1	1	1	1	1	1	1	1	1	1	1	1	1	1	1	1	1	1	1	1	1	1	1	1	
10	4	3	2	2	2	1	1	1	1	1	1	1	1	1	
10	7	6	5	1	1	1	1	
6	4	3	2	2	2	2	1	1	1	1	1	1	1	1	1	1	1	
11	6	2	1	1	1	1	1	1	1	1	1	1	1	1	1	
8	7	3	2	2	1	1	1	1	1	1	1	1	1	1	
15	3	2	2	1	1	1	1	1	1	1	1	1	1	
11	7	7	2	1	1	1	1	
7	4	3	2	2	1	1	1	1	1	1	1	1	1	1	1	1	1	
11	2	2	2	2	1	1	1	1	1	1	1	1	1	1	1	1	
12	5	3	3	2	1	1	1	1	1	
11	3	2	2	1	1	1	1	1	1	1	1	1	1	1	1	
5	4	3	2	2	2	2	1	1	1	1	1	1	1	1	1	1	
7	3	3	2	1	1	1	1	1	1	1	1	1	1	1	1	1	1	1	
9	3	2	2	2	1	1	1	1	1	1	1	1	1	1	1	1	
13	4	3	1	1	1	1	1	1	1	1	1	
7	5	2	2	2	2	1	1	1	1	1	1	1	1	1	
12	7	4	1	1	1	1	1	1	
11	4	2	2	1	1	1	1	1	1	1	1	1	1	
6	5	2	2	2	1	1	1	1	1	1	1	1	1	1	1	1	
9	6	3	2	2	1	1	1	1	1	1	1	
5	3	2	2	2	1	1	1	1	1	1	1	1	1	1	1	1	1	1	
13	5	3	3	2	1	1	
3	3	2	2	2	1	1	1	1	1	1	1	1	1	1	1	1	1	1	1	1	
3	3	2	2	2	1	1	1	1	1	1	1	1	1	1	1	1	1	1	1	1	
10	8	6	1	1	1	
2	2	2	2	1	1	1	1	1	1	1	1	1	1	1	1	1	1	1	1	1	1	1	
7	3	3	3	2	2	1	1	1	1	1	1	1	
15	4	3	2	1	1	
5	5	3	2	2	1	1	1	1	1	1	1	1	1	
26	
5	3	3	2	2	2	1	1	1	1	1	1	1	1	1	
6	6	5	3	1	1	1	1	1	1	
9	3	2	2	1	1	1	1	1	1	1	1	1	
13	2	2	2	1	1	1	1	1	1	
3	3	2	2	2	2	1	1	1	1	1	1	1	1	1	1	1	
3	2	2	1	1	1	1	1	1	1	1	1	1	1	1	1	1	1	1	1	1	
7	6	2	2	1	1	1	1	1	1	1	
5	3	2	2	2	2	1	1	1	1	1	1	1	1	
9	7	6	1	1	
5	4	1	1	1	1	1	1	1	1	1	1	1	1	1	1	
4	3	3	3	2	2	2	2	1	1	
7	2	1	1	1	1	1	1	1	1	1	1	1	1	1	1	
3	2	2	2	2	1	1	1	1	1	1	1	1	1	1	1	1	
13	4	4	1	1	
7	6	5	1	1	1	1	1	
9	5	4	1	1	1	1	
8	4	2	1	1	1	1	1	1	1	1	
2	2	2	2	1	1	1	1	1	1	1	1	1	1	1	1	1	1	
8	3	2	2	2	2	1	1	
2	2	2	2	2	1	1	1	1	1	1	1	1	1	1	
10	2	1	1	1	1	1	1	1	1	
7	5	3	2	1	1	1	
6	5	3	1	1	1	1	1	1	
3	3	2	1	1	1	1	1	1	1	1	1	1	1	1	
5	5	3	2	2	1	1	1	
2	2	2	1	1	1	1	1	1	1	1	1	1	1	1	1	1	
3	2	2	2	1	1	1	1	1	1	1	1	1	1	1	
5	4	3	2	2	1	1	1	
4	3	2	2	1	1	1	1	1	1	1	1	
4	2	1	1	1	1	1	1	1	1	1	1	1	1	1	
11	6	1	1	
6	4	1	1	1	1	1	1	1	1	1	
6	3	3	3	1	1	1	1	
9	4	2	1	1	1	1	
19	
10	1	1	1	1	1	1	1	1	
17	1	
8	2	1	1	1	1	1	1	1	1	
4	3	2	1	1	1	1	1	1	1	1	1	
5	2	1	1	1	1	1	1	1	1	1	1	1	
2	1	1	1	1	1	1	1	1	1	1	1	1	1	1	1	1	
7	5	2	1	1	1	
10	2	1	1	1	1	1	
6	3	1	1	1	1	1	1	1	1	
2	2	2	2	1	1	1	1	1	1	1	1	1	
8	3	2	2	1	1	
3	2	2	2	1	1	1	1	1	1	1	1	
4	2	2	2	1	1	1	1	1	1	1	
17	
10	5	1	1	
6	3	1	1	1	1	1	1	1	1	
8	2	1	1	1	1	1	1	
6	2	2	1	1	1	1	1	1	
6	4	3	2	1	
8	4	2	2	
5	4	2	1	1	1	1	1	
7	2	1	1	1	1	1	1	1	
3	3	2	2	1	1	1	1	1	1	
3	2	1	1	1	1	1	1	1	1	1	1	1	
11	4	
4	2	2	1	1	1	1	1	1	1	
4	2	2	1	1	1	1	1	1	1	
4	4	2	1	1	1	1	1	
8	3	1	1	1	1	
7	2	2	1	1	1	1	
3	2	2	1	1	1	1	1	1	1	1	
8	4	1	1	1	
4	1	1	1	1	1	1	1	1	1	1	1	
4	4	2	2	2	1	
6	6	1	1	1	
14	1	
5	2	2	2	1	1	1	1	
8	1	1	1	1	1	1	1	
2	2	1	1	1	1	1	1	1	1	1	1	1	
3	2	2	1	1	1	1	1	1	1	1	
3	3	1	1	1	1	1	1	1	1	1	
9	3	2	1	
5	2	2	2	1	1	1	1	
4	3	2	1	1	1	1	1	1	
6	3	2	1	1	1	
10	1	1	1	1	
3	2	1	1	1	1	1	1	1	1	1	
3	2	1	1	1	1	1	1	1	1	1	
3	2	1	1	1	1	1	1	1	1	1	
3	2	2	2	1	1	1	1	1	
6	2	2	2	1	1	
2	2	1	1	1	1	1	1	1	1	1	1	
3	2	2	1	1	1	1	1	1	1	
5	4	1	1	1	1	
3	2	1	1	1	1	1	1	1	1	
7	3	1	1	1	
2	2	1	1	1	1	1	1	1	1	1	
2	2	2	2	1	1	1	1	1	
2	2	1	1	1	1	1	1	1	1	1	
6	3	3	1	
6	3	2	1	1	
5	3	2	1	1	1	
12	1	
4	3	1	1	1	1	1	1	
4	2	2	1	1	1	1	1	
8	1	1	1	1	1	
2	2	1	1	1	1	1	1	1	1	1	
3	2	1	1	1	1	1	1	1	1	
3	2	1	1	1	1	1	1	1	
7	2	2	1	
2	2	2	1	1	1	1	1	1	
3	2	2	1	1	1	1	1	
5	1	1	1	1	1	1	1	
6	2	2	1	1	
2	2	2	1	1	1	1	1	1	
5	1	1	1	1	1	1	1	
7	4	1	
3	2	1	1	1	1	1	1	1	
3	2	1	1	1	1	1	1	1	
2	1	1	1	1	1	1	1	1	1	1	
4	3	2	1	1	1	
2	1	1	1	1	1	1	1	1	1	1	
7	1	1	1	1	1	
4	2	2	1	1	1	1	
3	2	1	1	1	1	1	1	1	
4	3	2	1	1	1	
4	3	1	1	1	1	1	
12	
3	3	2	2	1	1	
6	2	1	1	1	1	
4	3	1	1	1	1	
3	2	2	2	1	1	
2	2	1	1	1	1	1	1	1	
7	1	1	1	1	
5	1	1	1	1	1	1	
3	1	1	1	1	1	1	1	1	
1	1	1	1	1	1	1	1	1	1	1	
2	2	2	1	1	1	1	1	
2	2	2	2	1	1	1	
9	1	1	
4	1	1	1	1	1	1	1	
3	2	1	1	1	1	1	1	
8	2	1	
5	2	1	1	1	1	
5	1	1	1	1	1	1	
8	1	1	1	
11	
3	3	2	1	1	1	
6	2	1	1	1	
4	1	1	1	1	1	1	1	
7	2	1	1	
3	2	2	1	1	1	
5	2	1	1	1	
5	2	1	1	1	
2	2	2	2	1	1	
8	1	1	
3	3	1	1	1	1	
9	1	
10	
3	2	2	1	1	1	
3	1	1	1	1	1	1	1	
2	2	2	1	1	1	1	
8	1	1	
2	2	1	1	1	1	1	1	
4	2	1	1	1	1	
5	4	1	
5	1	1	1	1	1	
3	3	1	1	1	1	
7	3	
5	1	1	1	1	1	
4	1	1	1	1	1	1	
3	2	2	1	1	1	
7	2	1	
7	1	1	1	
3	3	1	1	1	1	
1	1	1	1	1	1	1	1	1	1	
3	2	1	1	1	1	
3	1	1	1	1	1	1	
3	2	1	1	1	1	
3	2	1	1	1	1	
9	
2	2	1	1	1	1	1	
3	2	2	1	1	
3	1	1	1	1	1	1	
2	1	1	1	1	1	1	1	
3	2	1	1	1	1	
8	1	
3	2	1	1	1	1	
3	1	1	1	1	1	1	
5	2	1	1	
3	3	1	1	1	
1	1	1	1	1	1	1	1	1	
3	2	1	1	1	1	
2	2	1	1	1	1	1	
3	2	1	1	1	1	
3	2	1	1	1	1	
5	2	2	
3	1	1	1	1	1	1	
2	2	1	1	1	1	1	
6	3	
2	1	1	1	1	1	1	1	
7	1	1	
2	2	1	1	1	1	1	
3	1	1	1	1	1	1	
2	1	1	1	1	1	1	1	
3	2	1	1	1	
2	2	2	1	1	
1	1	1	1	1	1	1	1	
3	1	1	1	1	1	
5	1	1	1	
2	2	1	1	1	1	
2	2	1	1	1	1	
3	2	1	1	1	
1	1	1	1	1	1	1	1	
1	1	1	1	1	1	1	1	
3	3	1	1	
2	1	1	1	1	1	1	
3	2	1	1	1	
2	1	1	1	1	1	1	
2	1	1	1	1	1	1	
1	1	1	1	1	1	1	1	
2	1	1	1	1	1	1	
3	1	1	1	1	1	
4	1	1	1	1	
3	2	1	1	1	
3	3	2	
3	2	2	1	
1	1	1	1	1	1	1	1	
2	1	1	1	1	1	1	
3	2	1	1	1	
7	1	
4	2	1	1	
1	1	1	1	1	1	1	1	
2	2	1	1	1	1	
4	2	1	1	
2	1	1	1	1	1	1	
3	2	1	1	1	
3	1	1	1	1	1	
2	2	1	1	1	1	
3	2	2	1	
2	1	1	1	1	1	1	
5	1	1	1	
2	1	1	1	1	1	1	
3	1	1	1	1	1	
6	1	1	
3	2	1	1	1	
4	2	1	1	
7	1	
2	2	1	1	1	1	
1	1	1	1	1	1	1	1	
1	1	1	1	1	1	1	1	
3	1	1	1	1	1	
1	1	1	1	1	1	1	1	
1	1	1	1	1	1	1	1	
2	1	1	1	1	1	1	
5	1	1	1	
5	1	1	
5	1	1	
3	2	1	1	
2	1	1	1	1	1	
3	1	1	1	1	
3	1	1	1	1	
3	3	1	
5	1	1	
3	2	1	1	
5	2	
2	2	1	1	1	
3	2	1	1	
3	2	1	1	
3	1	1	1	1	
2	2	1	1	1	
3	1	1	1	1	
3	1	1	1	1	
3	2	1	1	
2	1	1	1	1	1	
4	2	1	
2	1	1	1	1	1	
2	2	1	1	1	
2	1	1	1	1	1	
3	2	1	1	
3	1	1	1	1	
5	1	1	
6	1	
3	1	1	1	1	
3	1	1	1	1	
6	1	
2	1	1	1	1	1	
3	1	1	1	1	
2	1	1	1	1	1	
4	2	1	
3	2	1	1	
1	1	1	1	1	1	1	
4	2	1	
2	2	1	1	1	
3	2	2	
3	2	1	1	
1	1	1	1	1	1	1	
3	2	1	1	
7	
3	1	1	1	1	
4	1	1	1	
5	1	1	
3	1	1	1	1	
2	1	1	1	1	1	
4	1	1	1	
3	2	1	1	
4	1	1	1	
2	2	1	1	1	
3	2	1	1	
5	1	1	
3	1	1	1	
3	3	
2	2	1	1	
1	1	1	1	1	1	
4	2	
2	2	1	1	
2	1	1	1	1	
3	1	1	1	
3	1	1	1	
3	2	1	
1	1	1	1	1	1	
4	1	1	
2	1	1	1	1	
2	1	1	1	1	
2	2	1	1	
1	1	1	1	1	1	
6	
2	1	1	1	1	
1	1	1	1	1	1	
2	2	1	1	
2	1	1	1	1	
4	1	1	
6	
2	1	1	1	1	
4	1	1	
2	1	1	1	1	
2	1	1	1	1	
3	1	1	1	
4	2	
2	2	1	1	
5	1	
3	2	1	
4	1	1	
2	1	1	1	1	
1	1	1	1	1	1	
1	1	1	1	1	1	
4	1	1	
3	1	1	1	
2	2	1	1	
1	1	1	1	1	1	
3	1	1	1	
2	2	1	1	
2	1	1	1	1	
2	1	1	1	1	
2	2	1	1	
3	1	1	1	
5	1	
3	1	1	1	
4	1	1	
4	1	1	
2	1	1	1	1	
1	1	1	1	1	1	
3	1	1	1	
2	2	1	1	
1	1	1	1	1	1	
5	1	
4	1	1	
3	2	1	
2	1	1	1	1	
4	1	
1	1	1	1	1	
1	1	1	1	1	
2	1	1	1	
2	1	1	1	
1	1	1	1	1	
2	1	1	1	
2	1	1	1	
3	1	1	
1	1	1	1	1	
3	1	1	
2	1	1	1	
2	1	1	1	
1	1	1	1	1	
3	2	
2	1	1	1	
5	
2	1	1	1	
4	1	
2	2	1	
1	1	1	1	1	
2	2	1	
2	1	1	1	
3	1	1	
4	1	
2	1	1	1	
4	1	
3	1	1	
2	1	1	1	
4	1	
4	1	
2	1	1	1	
2	1	1	1	
2	1	1	1	
2	1	1	1	
2	1	1	1	
2	2	1	
1	1	1	1	1	
1	1	1	1	1	
3	1	1	
3	1	1	
1	1	1	1	1	
5	
1	1	1	1	1	
3	1	1	
2	1	1	1	
2	1	1	1	
2	1	1	1	
2	1	1	1	
2	1	1	1	
3	1	1	
1	1	1	1	1	
2	1	1	1	
2	1	1	1	
3	1	1	
2	2	1	
3	1	1	
4	1	
1	1	1	1	1	
4	1	
5	
2	1	1	1	
3	1	1	
2	1	1	1	
1	1	1	1	1	
4	1	
2	1	1	1	
3	1	1	
5	
2	2	1	
4	1	
3	1	1	
2	2	1	
2	1	1	1	
2	1	1	1	
2	1	1	1	
2	1	1	1	
2	1	1	1	
3	1	1	
2	1	1	1	
1	1	1	1	1	
3	1	1	
3	1	1	
2	1	1	1	
2	1	1	1	
4	1	
3	1	1	
1	1	1	1	1	
3	1	1	
5	
3	2	
1	1	1	1	1	
2	1	1	1	
2	1	1	1	
5	
3	1	1	
5	
2	1	1	1	
4	
2	1	1	
1	1	1	1	
1	1	1	1	
2	1	1	
1	1	1	1	
2	1	1	
2	1	1	
1	1	1	1	
4	
2	1	1	
1	1	1	1	
2	1	1	
2	2	
1	1	1	1	
1	1	1	1	
3	1	
2	1	1	
2	1	1	
2	1	1	
1	1	1	1	
2	2	
1	1	1	1	
2	1	1	
1	1	1	1	
4	
3	1	
2	1	1	
1	1	1	1	
3	1	
1	1	1	1	
2	1	1	
3	1	
1	1	1	1	
2	1	1	
2	1	1	
3	1	
2	1	1	
3	1	
1	1	1	1	
2	1	1	
1	1	1	1	
1	1	1	1	
2	1	1	
2	1	1	
2	1	1	
2	1	1	
1	1	1	1	
4	
2	1	1	
1	1	1	1	
2	1	1	
4	
2	1	1	
2	1	1	
2	1	1	
4	
3	1	
1	1	1	1	
1	1	1	1	
2	2	
1	1	1	1	
4	
2	1	1	
2	2	
2	1	1	
1	1	1	1	
2	1	1	
1	1	1	1	
2	1	1	
3	1	
3	1	
2	2	
1	1	1	1	
2	1	1	
3	1	
1	1	1	1	
3	1	
2	1	1	
2	1	1	
4	
1	1	1	1	
4	
2	1	1	
2	1	1	
2	1	1	
2	1	1	
2	1	1	
2	1	1	
3	1	
1	1	1	1	
3	1	
2	1	1	
1	1	1	1	
2	2	
1	1	1	1	
2	1	1	
3	1	
1	1	1	1	
1	1	1	1	
1	1	1	1	
1	1	1	1	
2	1	1	
1	1	1	1	
1	1	1	1	
2	1	1	
3	1	
3	1	
1	1	1	1	
4	
2	2	
2	2	
1	1	1	1	
2	1	1	
2	1	1	
1	1	1	1	
4	
2	1	1	
1	1	1	1	
2	1	1	
3	1	
1	1	1	1	
2	1	1	
2	1	1	
4	
1	1	1	1	
3	1	
2	1	1	
2	1	1	
2	2	
2	1	1	
2	1	1	
3	1	
2	1	1	
1	1	1	1	
1	1	1	1	
1	1	1	1	
2	1	1	
2	1	1	
2	1	1	
2	1	1	
1	1	1	1	
1	1	1	1	
2	1	1	
1	1	1	1	
1	1	1	1	
1	1	1	1	
2	1	1	
2	1	1	
1	1	1	1	
1	1	1	1	
1	1	1	
2	1	
2	1	
1	1	1	
1	1	1	
1	1	1	
1	1	1	
2	1	
2	1	
3	
1	1	1	
2	1	
2	1	
1	1	1	
2	1	
3	
2	1	
2	1	
2	1	
2	1	
1	1	1	
2	1	
2	1	
2	1	
1	1	1	
3	
1	1	1	
3	
2	1	
1	1	1	
1	1	1	
3	
1	1	1	
2	1	
2	1	
2	1	
1	1	1	
2	1	
1	1	1	
3	
2	1	
2	1	
1	1	1	
1	1	1	
1	1	1	
2	1	
1	1	1	
2	1	
1	1	1	
2	1	
1	1	1	
1	1	1	
1	1	1	
1	1	1	
2	1	
1	1	1	
1	1	1	
1	1	1	
1	1	1	
1	1	1	
1	1	1	
3	
1	1	1	
2	1	
2	1	
2	1	
2	1	
2	1	
2	1	
2	1	
1	1	1	
2	1	
2	1	
1	1	1	
1	1	1	
3	
3	
1	1	1	
1	1	1	
2	1	
2	1	
1	1	1	
2	1	
1	1	1	
1	1	1	
1	1	1	
2	1	
2	1	
3	
1	1	1	
1	1	1	
3	
3	
1	1	1	
1	1	1	
1	1	1	
1	1	1	
2	1	
3	
1	1	1	
1	1	1	
1	1	1	
1	1	1	
2	1	
1	1	1	
2	1	
2	1	
2	1	
1	1	1	
1	1	1	
3	
2	1	
1	1	1	
2	1	
1	1	1	
2	1	
1	1	1	
1	1	1	
2	1	
1	1	1	
1	1	1	
1	1	1	
1	1	1	
2	1	
1	1	1	
2	1	
1	1	1	
2	1	
1	1	1	
2	1	
1	1	1	
2	1	
3	
1	1	1	
3	
3	
2	1	
1	1	1	
2	1	
2	1	
1	1	1	
1	1	1	
1	1	1	
1	1	1	
2	1	
1	1	1	
1	1	1	
2	1	
1	1	1	
1	1	1	
3	
1	1	1	
1	1	1	
3	
3	
1	1	1	
1	1	1	
1	1	1	
2	1	
1	1	1	
3	
1	1	1	
1	1	1	
2	1	
1	1	1	
3	
2	1	
1	1	1	
1	1	1	
3	
2	1	
1	1	1	
3	
1	1	1	
3	
1	1	1	
1	1	1	
3	
2	1	
1	1	1	
1	1	1	
3	
3	
3	
3	
2	1	
3	
2	1	
2	1	
2	1	
2	1	
3	
1	1	1	
1	1	1	
1	1	1	
2	1	
2	1	
2	1	
2	1	
2	1	
1	1	1	
1	1	1	
1	1	1	
3	
3	
1	1	1	
1	1	1	
2	1	
1	1	1	
1	1	1	
1	1	1	
1	1	1	
3	
3	
1	1	1	
1	1	1	
1	1	1	
2	1	
2	1	
1	1	1	
3	
1	1	1	
2	1	
1	1	1	
2	1	
1	1	1	
2	1	
2	1	
1	1	1	
1	1	1	
1	1	1	
1	1	1	
2	1	
2	1	
3	
3	
2	1	
1	1	1	
1	1	1	
1	1	1	
2	1	
2	1	
2	1	
2	1	
1	1	1	
2	1	
1	1	1	
1	1	1	
1	1	1	
1	1	1	
1	1	
1	1	
2	
2	
1	1	
1	1	
1	1	
1	1	
2	
1	1	
1	1	
1	1	
1	1	
1	1	
2	
2	
1	1	
1	1	
2	
1	1	
1	1	
1	1	
1	1	
1	1	
2	
2	
1	1	
1	1	
2	
1	1	
1	1	
1	1	
2	
1	1	
1	1	
1	1	
2	
1	1	
2	
2	
1	1	
2	
2	
2	
1	1	
1	1	
1	1	
1	1	
1	1	
1	1	
1	1	
1	1	
1	1	
2	
1	1	
1	1	
1	1	
1	1	
1	1	
2	
1	1	
2	
1	1	
1	1	
1	1	
1	1	
1	1	
2	
2	
2	
1	1	
1	1	
1	1	
2	
1	1	
1	1	
2	
1	1	
2	
1	1	
2	
2	
1	1	
1	1	
1	1	
1	1	
1	1	
1	1	
1	1	
1	1	
1	1	
1	1	
1	1	
1	1	
1	1	
2	
1	1	
2	
1	1	
1	1	
2	
1	1	
1	1	
1	1	
1	1	
1	1	
1	1	
1	1	
1	1	
2	
1	1	
1	1	
2	
1	1	
1	1	
1	1	
1	1	
1	1	
1	1	
1	1	
1	1	
1	1	
2	
1	1	
2	
1	1	
2	
1	1	
2	
2	
2	
1	1	
1	1	
2	
1	1	
1	1	
1	1	
1	1	
2	
2	
1	1	
2	
2	
1	1	
1	1	
1	1	
2	
1	1	
1	1	
1	1	
1	1	
1	1	
1	1	
1	1	
1	1	
1	1	
1	1	
1	1	
1	1	
1	1	
1	1	
2	
1	1	
1	1	
1	1	
2	
1	1	
1	1	
1	1	
1	1	
2	
1	1	
1	1	
2	
2	
1	1	
1	1	
2	
1	1	
1	1	
2	
1	1	
1	1	
2	
2	
2	
1	1	
1	1	
2	
2	
1	1	
1	1	
1	1	
2	
1	1	
2	
1	1	
1	1	
1	1	
1	1	
1	1	
1	1	
1	1	
1	1	
2	
1	1	
1	1	
1	1	
2	
1	1	
2	
2	
2	
1	1	
1	1	
1	1	
1	1	
1	1	
2	
1	1	
1	1	
2	
2	
1	1	
1	1	
1	1	
1	1	
1	1	
1	1	
1	1	
1	1	
2	
2	
1	1	
1	1	
1	1	
1	1	
1	1	
1	1	
1	1	
2	
1	1	
2	
1	1	
2	
1	1	
1	1	
1	1	
1	1	
2	
1	1	
1	1	
1	1	
1	1	
1	1	
1	1	
1	1	
2	
1	1	
1	1	
1	1	
1	1	
2	
1	1	
1	1	
1	1	
1	1	
1	1	
1	1	
2	
2	
2	
1	1	
1	1	
1	1	
1	1	
1	1	
1	1	
2	
1	1	
1	1	
1	1	
2	
2	
1	1	
1	1	
1	1	
2	
2	
1	1	
2	
2	
1	1	
1	1	
1	1	
2	
1	1	
2	
1	1	
2	
1	1	
1	1	
1	1	
1	1	
1	1	
1	1	
1	1	
1	1	
1	1	
1	1	
1	1	
2	
1	1	
1	1	
1	1	
2	
1	1	
1	1	
1	1	
2	
2	
1	1	
1	1	
1	1	
2	
1	1	
2	
1	1	
2	
2	
2	
1	1	
1	1	
1	1	
1	1	
1	1	
1	1	
1	1	
1	1	
1	1	
2	
1	1	
1	1	
2	
1	1	
1	1	
1	1	
1	1	
2	
1	1	
2	
1	1	
2	
1	1	
2	
2	
2	
1	1	
2	
2	
2	
2	
1	1	
1	1	
1	1	
1	1	
1	1	
2	
1	1	
1	1	
2	
1	1	
2	
1	1	
2	
1	1	
2	
1	1	
1	1	
2	
1	1	
2	
1	1	
2	
1	1	
1	1	
1	1	
1	1	
1	1	
1	1	
1	1	
2	
1	1	
1	1	
1	1	
1	1	
2	
2	
1	1	
2	
1	1	
1	1	
2	
2	
1	1	
1	1	
1	1	
2	
1	1	
1	1	
2	
1	1	
2	
1	1	
2	
1	1	
1	1	
2	
1	1	
1	1	
1	1	
1	1	
1	1	
1	1	
1	1	
2	
2	
1	1	
1	1	
1	1	
1	1	
2	
1	1	
1	1	
1	1	
2	
1	1	
1	1	
2	
2	
1	1	
2	
1	1	
1	1	
1	1	
1	1	
2	
1	1	
1	1	
1	1	
1	1	
2	
1	1	
2	
1	1	
1	1	
2	
1	1	
1	1	
1	1	
1	1	
2	
2	
1	1	
1	1	
1	1	
1	1	
2	
1	1	
1	1	
1	1	
2	
1	1	
1	1	
1	1	
1	1	
2	
2	
1	1	
2	
1	1	
1	1	
1	1	
2	
2	
2	
1	1	
1	1	
1	1	
1	1	
2	
1	1	
1	1	
1	1	
1	1	
1	1	
2	
2	
2	
1	1	
1	1	
1	1	
2	
1	1	
1	1	
1	1	
1	1	
1	1	
1	1	
1	1	
1	1	
1	1	
1	1	
1	1	
1	1	
1	1	
1	1	
1	1	
1	1	
1	1	
1	1	
1	1	
1	1	
1	1	
2	
1	1	
1	1	
2	
1	1	
1	1	
2	
1	1	
1	1	
1	1	
1	1	
1	1	
2	
1	1	
1	1	
2	
2	
2	
1	1	
2	
1	1	
1	1	
1	1	
1	1	
1	1	
1	1	
1	1	
1	1	
2	
1	1	
1	1	
2	
2	
2	
1	1	
1	
1	
1	
1	
1	
1	
1	
1	
1	
1	
1	
1	
1	
1	
1	
1	
1	
1	
1	
1	
1	
1	
1	
1	
1	
1	
1	
1	
1	
1	
1	
1	
1	
1	
1	
1	
1	
1	
1	
1	
1	
1	
1	
1	
1	
1	
1	
1	
1	
1	
1	
1	
1	
1	
1	
1	
1	
1	
1	
1	
1	
1	
1	
1	
1	
1	
1	
1	
1	
1	
1	
1	
1	
1	
1	
1	
1	
1	
1	
1	
1	
1	
1	
1	
1	
1	
1	
1	
1	
1	
1	
1	
1	
1	
1	
1	
1	
1	
1	
1	
1	
1	
1	
1	
1	
1	
1	
1	
1	
1	
1	
1	
1	
1	
1	
1	
1	
1	
1	
1	
1	
1	
1	
1	
1	
1	
1	
1	
1	
1	
1	
1	
1	
1	
1	
1	
1	
1	
1	
1	
1	
1	
1	
1	
1	
1	
1	
1	
1	
1	
1	
1	
1	
1	
1	
1	
1	
1	
1	
1	
1	
1	
1	
1	
1	
1	
1	
1	
1	
1	
1	
1	
1	
1	
1	
1	
1	
1	
1	
1	
1	
1	
1	
1	
1	
1	
1	
1	
1	
1	
1	
1	
1	
1	
1	
1	
1	
1	
1	
1	
1	
1	
1	
1	
1	
1	
1	
1	
1	
1	
1	
1	
1	
1	
1	
1	
1	
1	
1	
1	
1	
1	
1	
1	
1	
1	
1	
1	
1	
1	
1	
1	
1	
1	
1	
1	
1	
1	
1	
1	
1	
1	
1	
1	
1	
1	
1	
1	
1	
1	
1	
1	
1	
1	
1	
1	
1	
1	
1	
1	
1	
1	
1	
1	
1	
1	
1	
1	
1	
1	
1	
1	
1	
1	
1	
1	
1	
1	
1	
1	
1	
1	
1	
1	
1	
1	
1	
1	
1	
1	
1	
1	
1	
1	
1	
1	
1	
1	
1	
1	
1	
1	
1	
1	
1	
1	
1	
1	
1	
1	
1	
1	
1	
1	
1	
1	
1	
1	
1	
1	
1	
1	
1	
1	
1	
1	
1	
1	
1	
1	
1	
1	
1	
1	
1	
1	
1	
1	
1	
1	
1	
1	
1	
1	
1	
1	
1	
1	
1	
1	
1	
1	
1	
1	
1	
1	
1	
1	
1	
1	
1	
1	
1	
1	
1	
1	
1	
1	
1	
1	
1	
1	
1	
1	
1	
1	
1	
1	
1	
1	
1	
1	
1	
1	
1	
1	
1	
1	
1	
1	
1	
1	
1	
1	
1	
1	
1	
1	
1	
1	
1	
1	
1	
1	
1	
1	
1	
1	
1	
1	
1	
1	
1	
1	
1	
1	
1	
1	
1	
1	
1	
1	
1	
1	
1	
1	
1	
1	
1	
1	
1	
1	
1	
1	
1	
1	
1	
1	
1	
1	
1	
1	
1	
1	
1	
1	
1	
1	
1	
1	
1	
1	
1	
1	
1	
1	
1	
1	
1	
1	
1	
1	
1	
1	
1	
1	
1	
1	
1	
1	
1	
1	
1	
1	
1	
1	
1	
1	
1	
1	
1	
1	
1	
1	
1	
1	
1	
1	
1	
1	
1	
1	
1	
1	
1	
1	
1	
1	
1	
1	
1	
1	
1	
1	
1	
1	
1	
1	
1	
1	
1	
1	
1	
1	
1	
1	
1	
1	
1	
1	
1	
1	
1	
1	
1	
1	
1	
1	
1	
1	
1	
1	
1	
1	
1	
1	
1	
1	
1	
1	
1	
1	
1	
1	
1	
1	
1	
1	
1	
1	
1	
1	
1	
1	
1	
1	
1	
1	
1	
1	
1	
1	
1	
1	
1	
1	
1	
1	
1	
1	
1	
1	
1	
1	
1	
1	
1	
1	
1	
1	
1	
1	
1	
1	
1	
1	
1	
1	
1	
1	
1	
1	
1	
1	
1	
1	
1	
1	
1	
1	
1	
1	
1	
1	
1	
1	
1	
1	
1	
1	
1	
1	
1	
1	
1	
1	
1	
1	
1	
1	
1	
1	
1	
1	
1	
1	
1	
1	
1	
1	
1	
1	
1	
1	
1	
1	
1	
1	
1	
1	
1	
1	
1	
1	
1	
1	
1	
1	
1	
1	
1	
1	
1	
1	
1	
1	
1	
1	
1	
1	
1	
1	
1	
1	
1	
1	
1	
1	
1	
1	
1	
1	
1	
1	
1	
1	
1	
1	
1	
1	
1	
1	
1	
1	
1	
1	
1	
1	
1	
1	
1	
1	
1	
1	
1	
1	
1	
1	
1	
1	
1	
1	
1	
1	
1	
1	
1	
1	
1	
1	
1	
1	
1	
1	
1	
1	
1	
1	
1	
1	
1	
1	
1	
1	
1	
1	
1	
1	
1	
1	
1	
1	
1	
1	
1	
1	
1	
1	
1	
1	
1	
1	
1	
1	
1	
1	
1	
1	
1	
1	
1	
1	
1	
1	
1	
1	
1	
1	
1	
1	
1	
1	
1	
1	
1	
1	
1	
1	
1	
1	
1	
1	
1	
1	
1	
1	
1	
1	
1	
1	
1	
1	
1	
1	
1	
1	
1	
1	
1	
1	
1	
1	
1	
1	
1	
1	
1	
1	
1	
1	
1	
1	
1	
1	
1	
1	
1	
1	
1	
1	
1	
1	
1	
1	
1	
1	
1	
1	
1	
1	
1	
1	
1	
1	
1	
1	
1	
1	
1	
1	
1	
1	
1	
1	
1	
1	
1	
1	
1	
1	
1	
1	
1	
1	
1	
1	
1	
1	
1	
1	
1	
1	
1	
1	
1	
1	
1	
1	
1	
1	
1	
1	
1	
1	
1	
1	
1	
1	
1	
1	
1	
1	
1	
1	
1	
1	
1	
1	
1	
1	
1	
1	
1	
1	
1	
1	
1	
1	
1	
1	
1	
1	
1	
1	
1	
1	
1	
1	
1	
1	
1	
1	
1	
1	
1	
1	
1	
1	
1	
1	
1	
1	
1	
1	
1	
1	
1	
1	
1	
1	
1	
1	
1	
1	
1	
1	
1	
1	
1	
1	
1	
1	
1	
1	
1	
1	
1	
1	
1	
1	
1	
1	
1	
1	
1	
1	
1	
1	
1	
1	
1	
1	
1	
1	
1	
1	
1	
1	
1	
1	
1	
1	
1	
1	
1	
1	
1	
1	
1	
1	
1	
1	
1	
1	
1	
1	
1	
1	
1	
1	
1	
1	
1	
1	
1	
1	
1	
1	
1	
1	
1	
1	
1	
1	
1	
1	
1	
1	
1	
1	
1	
1	
1	
1	
1	
1	
1	
1	
1	
1	
1	
1	
1	
1	
1	
1	
1	
1	
1	
1	
1	
1	
1	
1	
1	
1	
1	
1	
1	
1	
1	
1	
1	
1	
1	
1	
1	
1	
1	
1	
1	
1	
1	
1	
1	
1	
1	
1	
1	
1	
1	
1	
1	
1	
1	
1	
1	
1	
1	
1	
1	
1	
1	
1	
1	
1	
1	
1	
1	
1	
1	
1	
1	
1	
1	
1	
1	
1	
1	
1	
1	
1	
1	
1	
1	
1	
1	
1	
1	
1	
1	
1	
1	
1	
1	
1	
1	
1	
1	
1	
1	
1	
1	
1	
1	
1	
1	
1	
1	
1	
1	
1	
1	
1	
1	
1	
1	
1	
1	
1	
1	
1	
1	
1	
1	
1	
1	
1	
1	
1	
1	
1	
1	
1	
1	
1	
1	
1	
1	
1	
1	
1	
1	
1	
1	
1	
1	
1	
1	
1	
1	
1	
1	
1	
1	
1	
1	
1	
1	
1	
1	
1	
1	
1	
1	
1	
1	
1	
1	
1	
1	
1	
1	
1	
1	
1	
1	
1	
1	
1	
1	
1	
1	
1	
1	
1	
1	
1	
1	
1	
1	
1	
1	
1	
1	
1	
1	
1	
1	
1	
1	
1	
1	
1	
1	
1	
1	
1	
1	
1	
1	
1	
1	
1	
1	
1	
1	
1	
1	
1	
1	
1	
1	
1	
1	
1	
1	
1	
1	
1	
1	
1	
1	
1	
1	
1	
1	
1	
1	
1	
1	
1	
1	
1	
1	
1	
1	
1	
1	
1	
1	
1	
1	
1	
1	
1	
1	
1	
1	
1	
1	
1	
1	
1	
1	
1	
1	
1	
1	
1	
1	
1	
1	
1	
1	
1	
1	
1	
1	
1	
1	
1	
1	
1	
1	
1	
1	
1	
1	
1	
1	
1	
1	
1	
1	
1	
1	
1	
1	
1	
1	
1	
1	
1	
1	
1	
1	
1	
1	
1	
1	
1	
1	
1	
1	
1	
1	
1	
1	
1	
1	
1	
1	
1	
1	
1	
1	
1	
1	
1	
1	
1	
1	
1	
1	
1	
1	
1	
1	
1	
1	
1	
1	
1	
1	
1	
1	
1	
1	
1	
1	
1	
1	
1	
1	
1	
1	
1	
1	
1	
1	
1	
1	
1	
1	
1	
1	
1	
1	
1	
1	
1	
1	
1	
1	
1	
1	
1	
1	
1	
1	
1	
1	
1	
1	
1	
1	
1	
1	
1	
1	
1	
1	
1	
1	
1	
1	
1	
1	
1	
1	
1	
1	
1	
1	
1	
1	
1	
1	
1	
1	
1	
1	
1	
1	
1	
1	
1	
1	
1	
1	
1	
1	
1	
1	
1	
1	
1	
1	
1	
1	
1	
1	
1	
1	
1	
1	
1	
1	
1	
1	
1	
1	
1	
1	
1	
1	
1	
1	
1	
1	
1	
1	
1	
1	
1	
1	
1	
1	
1	
1	
1	
1	
1	
1	
1	
1	
1	
1	
1	
1	
1	
1	
1	
1	
1	
1	
1	
1	
1	
1	
1	
1	
1	
1	
1	
1	
1	
1	
1	
1	
1	
1	
1	
1	
1	
1	
1	
1	
1	
1	
1	
1	
1	
1	
1	
1	
1	
1	
1	
1	
1	
1	
1	
1	
1	
1	
1	
1	
1	
1	
1	
1	
1	
1	
1	
1	
1	
1	
1	
1	
1	
1	
1	
1	
1	
1	
1	
1	
1	
1	
1	
1	
1	
1	
1	
1	
1	
1	
1	
1	
1	
1	
1	
1	
1	
1	
1	
1	
1	
1	
1	
1	
1	
1	
1	
1	
1	
1	
1	
1	
1	
1	
1	
1	
1	
1	
1	
1	
1	
1	
1	
1	
1	
1	
1	
1	
1	
1	
1	
1	
1	
1	
1	
1	
1	
1	
1	
1	
1	
1	
1	
1	
1	
1	
1	
1	
1	
1	
1	
1	
1	
1	
1	
1	
1	
1	
1	
1	
1	
1	
1	
1	
1	
1	
1	
1	
1	
1	
1	
1	
1	
1	
1	
1	
1	
1	
1	
1	
1	
1	
1	
1	
1	
1	
1	
1	
1	
1	
1	
1	
1	
1	
1	
1	
1	
1	
1	
1	
1	
1	
1	
1	
1	
1	
1	
1	
1	
1	
1	
1	
1	
1	
1	
1	
1	
1	
1	
1	
1	
1	
1	
1	
1	
1	
1	
1	
1	
1	
1	
1	
1	
1	
1	
1	
1	
1	
1	
1	
1	
1	
1	
1	
1	
1	
1	
1	
1	
1	
1	
1	
1	
1	
1	
1	
1	
1	
1	
1	
1	
1	
1	
1	
1	
1	
1	
1	
1	
1	
1	
1	
1	
1	
1	
1	
1	
1	
1	
1	
1	
1	
1	
1	
1	
1	
1	
1	
1	
1	
1	
1	
1	
1	
1	
1	
1	
1	
1	
1	
1	
1	
1	
1	
1	
1	
1	
1	
1	
1	
1	
1	
1	
1	
1	
1	
1	
1	
1	
1	
1	
1	
1	
1	
1	
1	
1	
1	
1	
1	
1	
1	
1	
1	
1	
1	
1	
1	
1	
1	
1	
1	
1	
1	
1	
1	
1	
1	
1	
1	
1	
1	
1	
1	
1	
1	
1	
1	
1	
1	
1	
1	
1	
1	
1	
1	
1	
1	
1	
1	
1	
1	
1	
1	
1	
1	
1	
1	
1	
1	
1	
1	
1	
1	
1	
1	
1	
1	
1	
1	
1	
1	
1	
1	
1	
1	
1	
1	
1	
1	
1	
1	
1	
1	
1	
1	
1	
1	
1	
1	
1	
1	
1	
1	
1	
1	
1	
1	
1	
1	
1	
1	
1	
1	
1	
1	
1	
1	
1	
1	
1	
1	
1	
1	
1	
1	
1	
1	
1	
1	
1	
1	
1	
1	
1	
1	
1	
1	
1	
1	
1	
1	
1	
1	
1	
1	
1	
1	
1	
1	
1	
1	
1	
1	
1	
1	
1	
1	
1	
1	
1	
1	
1	
1	
1	
1	
1	
1	
1	
1	
1	
1	
1	
1	
1	
1	
1	
1	
1	
1	
1	
1	
1	
1	
1	
1	
1	
1	
1	
1	
1	
1	
1	
1	
1	
1	
1	
1	
1	
1	
1	
1	
1	
1	
1	
1	
1	
1	
1	
1	
1	
1	
1	
1	
1	
1	
1	
1	
1	
1	
1	
1	
1	
1	
1	
1	
1	
1	
1	
1	
1	
1	
1	
1	
1	
1	
1	
1	
1	
1	
1	
1	
1	
1	
1	
1	
1	
1	
1	
1	
1	
1	
1	
1	
1	
1	
1	
1	
1	
1	
1	
1	
1	
1	
1	
1	
1	
1	
1	
1	
1	
1	
1	
1	
1	
1	
1	
1	
1	
1	
1	
1	
1	
1	
1	
1	
1	
1	
1	
1	
1	
1	
1	
1	
1	
1	
1	
1	
1	
1	
1	
1	
1	
1	
1	
1	
1	
1	
1	
1	
1	
1	
1	
1	
1	
1	
1	
1	
1	
1	
1	
1	
1	
1	
1	
1	
1	
1	
1	
1	
1	
1	
1	
1	
1	
1	
1	
1	
1	
1	
1	
1	
1	
1	
1	
1	
1	
1	
1	
1	
1	
1	
1	
1	
1	
1	
1	
1	
1	
1	
1	
1	
1	
1	
1	
1	
1	
1	
1	
1	
1	
1	
1	
1	
1	
1	
1	
1	
1	
1	
1	
1	
1	
1	
1	
1	
1	
1	
1	
1	
1	
1	
1	
1	
1	
1	
1	
1	
1	
1	
