282	187	93	52	51	49	40	34	23	22	22	20	14	14	12	9	9	7	7	7	7	6	6	5	5	5	5	5	5	4	4	4	3	3	3	3	3	3	3	3	3	2	2	2	2	2	2	2	2	2	2	2	2	2	2	1	1	1	1	1	1	1	1	1	1	1	1	1	1	1	1	1	1	1	1	1	1	1	1	1	1	1	1	1	1	1	1	1	1	1	1	1	1	1	1	1	1	1	1	1	1	1	1	1	1	1	1	1	1	
122	106	57	52	31	30	29	22	21	19	18	17	15	13	13	13	12	11	11	10	9	9	9	9	9	8	8	7	6	6	6	6	5	5	5	5	5	5	5	5	4	4	4	4	4	4	4	4	4	4	4	3	3	3	3	3	3	3	3	3	3	3	3	3	3	2	2	2	2	2	2	2	2	2	2	2	2	2	2	2	2	2	2	2	2	2	2	2	2	2	2	2	2	2	2	2	2	2	2	2	2	2	2	2	2	2	2	2	2	1	1	1	1	1	1	1	1	1	1	1	1	1	1	1	1	1	1	1	1	1	1	1	1	1	1	1	1	1	1	1	1	1	1	1	1	1	1	1	1	1	1	1	1	1	1	1	1	1	1	1	1	1	1	1	1	1	1	1	1	1	1	1	1	1	1	1	1	1	1	1	1	1	1	1	1	1	1	1	1	1	1	1	1	1	1	1	1	1	1	1	1	1	1	1	1	1	1	1	1	1	1	1	1	1	1	1	1	1	1	1	1	1	1	1	1	1	1	1	1	1	1	1	1	1	1	1	1	1	1	1	1	1	1	1	1	1	1	1	1	1	1	1	1	1	1	1	1	1	1	1	1	1	1	1	1	1	1	1	1	1	1	1	1	1	1	1	1	1	1	1	1	
97	80	69	26	26	25	21	19	17	16	14	14	13	12	10	10	9	9	9	8	8	8	8	8	7	6	6	6	6	5	5	5	5	5	5	5	5	4	4	4	4	4	4	4	4	3	3	3	3	3	3	3	3	3	3	3	3	3	3	3	2	2	2	2	2	2	2	2	2	2	2	2	2	2	2	2	2	2	2	2	2	2	2	2	2	2	2	2	2	2	2	2	2	2	2	2	2	2	2	2	2	2	2	2	1	1	1	1	1	1	1	1	1	1	1	1	1	1	1	1	1	1	1	1	1	1	1	1	1	1	1	1	1	1	1	1	1	1	1	1	1	1	1	1	1	1	1	1	1	1	1	1	1	1	1	1	1	1	1	1	1	1	1	1	1	1	1	1	1	1	1	1	1	1	1	1	1	1	1	1	1	1	1	1	1	1	1	1	1	1	1	1	1	1	1	1	1	1	1	1	1	1	1	1	1	1	1	1	1	1	1	1	1	1	1	1	1	1	1	1	1	1	1	1	1	1	1	1	1	1	1	1	1	1	1	1	1	1	1	1	1	1	1	1	1	1	1	1	1	1	1	1	1	1	1	1	1	1	1	1	1	1	1	1	1	1	1	1	1	
270	52	20	19	17	12	9	9	9	7	6	6	6	6	5	5	5	5	5	5	5	4	4	4	4	4	4	4	3	3	3	3	3	3	3	3	3	3	2	2	2	2	2	2	2	2	2	2	2	2	2	2	2	2	2	2	2	2	2	1	1	1	1	1	1	1	1	1	1	1	1	1	1	1	1	1	1	1	1	1	1	1	1	1	1	1	1	1	1	1	1	1	1	1	1	1	1	1	1	1	1	1	1	1	1	1	1	1	1	1	1	1	1	1	1	1	1	1	1	1	1	1	1	1	1	1	1	
44	12	11	10	9	9	9	8	8	8	7	7	6	6	6	5	5	5	5	5	5	5	5	5	4	4	4	4	4	4	4	3	3	3	3	3	3	3	3	3	3	3	3	2	2	2	2	2	2	2	2	2	2	2	2	2	2	2	2	2	2	2	2	2	2	2	2	2	2	2	2	2	2	2	2	2	2	2	1	1	1	1	1	1	1	1	1	1	1	1	1	1	1	1	1	1	1	1	1	1	1	1	1	1	1	1	1	1	1	1	1	1	1	1	1	1	1	1	1	1	1	1	1	1	1	1	1	1	1	1	1	1	1	1	1	1	1	1	1	1	1	1	1	1	1	1	1	1	1	1	1	1	1	1	1	1	1	1	1	1	1	1	1	1	1	1	1	1	1	1	1	1	1	1	1	1	1	1	1	1	1	1	1	1	1	1	1	1	1	1	1	1	1	1	1	1	1	1	1	1	1	1	1	1	1	1	1	1	1	1	1	1	1	1	1	1	1	1	1	1	1	1	1	1	1	1	1	1	1	1	1	1	1	1	1	1	
59	33	19	15	6	6	6	6	5	4	4	4	4	4	3	3	3	3	3	3	2	2	2	2	2	2	2	2	2	2	2	2	2	2	1	1	1	1	1	1	1	1	1	1	1	1	1	1	1	1	1	1	1	1	1	1	1	1	1	1	1	1	1	1	1	1	1	1	1	1	1	1	1	1	1	1	1	1	1	1	1	1	1	1	1	1	1	1	1	1	1	1	1	1	1	
86	28	17	15	7	7	6	6	5	5	3	3	3	2	2	2	2	2	2	2	2	2	2	2	2	2	2	2	2	2	1	1	1	1	1	1	1	1	1	1	1	1	1	1	1	1	1	1	1	1	1	1	1	1	1	1	1	1	1	1	1	1	1	1	1	1	1	1	1	1	1	1	1	1	1	1	1	1	1	
115	13	12	12	7	6	5	5	4	4	4	3	3	3	3	2	2	2	2	2	2	1	1	1	1	1	1	1	1	1	1	1	1	1	1	1	1	1	1	1	1	1	1	1	1	1	1	1	1	1	1	1	1	1	
68	18	17	16	7	7	6	6	5	3	2	2	2	2	2	2	2	1	1	1	1	1	1	1	1	1	1	1	1	1	1	1	1	1	1	1	1	1	1	1	1	1	1	1	1	1	1	1	1	1	1	1	1	1	1	1	
67	19	19	16	11	8	6	4	3	3	3	3	3	3	2	2	1	1	1	1	1	1	1	1	1	1	1	1	
19	14	14	10	8	6	6	5	3	3	3	3	3	2	2	2	2	2	2	2	2	2	2	2	2	2	1	1	1	1	1	1	1	1	1	1	1	1	1	1	1	1	1	1	1	1	1	1	1	1	1	1	1	1	1	1	1	1	1	1	1	1	1	1	1	1	1	1	1	1	1	1	1	1	1	1	1	1	
29	27	21	16	10	8	8	8	7	6	5	5	4	3	2	2	2	2	1	1	1	1	1	1	1	1	1	
28	7	6	6	5	5	4	4	3	3	3	3	2	2	2	2	2	2	2	2	2	2	1	1	1	1	1	1	1	1	1	1	1	1	1	1	1	1	1	1	1	1	1	1	1	1	1	1	1	1	1	1	1	1	1	1	1	1	1	1	1	1	1	1	1	1	1	1	1	1	1	1	1	1	1	1	1	1	1	1	1	1	1	1	1	1	1	1	1	1	1	1	1	1	1	1	1	1	
24	11	8	8	7	6	5	5	5	5	4	4	4	4	3	3	3	3	3	3	2	2	2	2	2	2	2	2	2	2	1	1	1	1	1	1	1	1	1	1	1	1	1	1	1	1	1	1	1	1	1	1	1	1	1	1	1	1	1	1	1	1	1	1	1	
5	5	5	5	4	3	3	3	3	3	3	3	3	2	2	2	2	2	2	2	2	2	2	2	2	2	2	1	1	1	1	1	1	1	1	1	1	1	1	1	1	1	1	1	1	1	1	1	1	1	1	1	1	1	1	1	1	1	1	1	1	1	1	1	1	1	1	1	1	1	1	1	1	1	1	1	1	1	1	1	1	1	1	1	1	1	1	1	1	1	1	1	1	1	1	1	1	1	1	1	1	1	1	1	1	1	1	1	1	1	1	1	1	1	1	
42	21	13	9	6	4	3	3	3	2	2	2	2	2	2	2	2	2	1	1	1	1	1	1	1	1	1	1	1	1	1	1	1	1	1	1	1	1	1	1	1	1	1	1	1	1	1	1	1	1	1	1	1	1	1	1	1	1	1	1	
44	14	12	8	6	3	3	2	2	2	2	2	2	2	2	2	2	2	1	1	1	1	1	1	1	1	1	1	1	1	1	1	1	1	1	1	1	1	1	1	1	1	1	1	1	1	1	1	1	1	1	1	1	1	1	1	1	1	1	
42	36	24	9	4	3	3	2	2	2	2	2	2	2	1	1	1	1	1	1	1	1	1	1	1	1	1	1	
49	24	20	18	7	3	3	2	2	2	1	1	1	1	1	1	1	1	1	1	1	1	1	1	1	1	
54	12	8	6	5	3	2	2	2	2	2	2	2	1	1	1	1	1	1	1	1	1	1	1	1	1	1	1	1	1	1	1	1	1	1	1	1	1	1	1	1	1	1	1	1	1	1	1	1	1	1	
54	35	28	4	4	2	2	2	
34	15	14	6	6	5	4	4	3	3	3	2	2	1	1	1	1	1	1	1	1	1	1	1	1	1	1	1	1	1	1	1	1	
39	5	3	2	2	2	2	2	2	2	2	2	1	1	1	1	1	1	1	1	1	1	1	1	1	1	1	1	1	1	1	1	1	1	1	1	1	1	1	1	1	1	1	1	1	1	1	1	1	1	1	1	1	1	1	1	1	1	1	1	1	1	1	1	1	1	1	
32	21	13	10	8	7	4	3	3	2	2	2	1	1	1	1	1	1	1	
45	6	5	4	3	3	3	3	2	2	2	2	2	2	2	2	1	1	1	1	1	1	1	1	1	1	1	1	1	1	1	1	1	1	1	1	1	1	
82	7	5	3	2	2	2	1	1	1	1	1	1	
52	3	3	3	3	2	2	2	2	2	1	1	1	1	1	1	1	1	1	1	1	1	1	1	1	1	1	1	1	1	1	1	1	1	1	1	1	
18	14	12	11	5	4	4	3	3	3	2	2	2	2	2	1	1	1	1	1	1	1	1	1	1	1	1	
33	4	4	3	3	3	3	3	2	2	2	2	2	2	1	1	1	1	1	1	1	1	1	1	1	1	1	1	1	1	1	1	1	1	1	1	1	1	1	1	1	1	1	1	1	
36	7	4	4	3	3	3	2	2	2	2	2	1	1	1	1	1	1	1	1	1	1	1	1	1	1	1	1	1	1	1	1	1	1	1	1	1	1	1	1	1	
36	18	15	7	3	2	2	1	1	1	1	1	1	1	1	1	1	1	1	1	
32	25	12	9	3	2	2	1	1	1	1	1	1	1	1	1	1	
39	7	5	3	3	2	2	2	2	2	2	1	1	1	1	1	1	1	1	1	1	1	1	1	1	1	1	1	1	1	1	1	1	1	1	1	1	
24	24	8	7	5	3	2	2	2	2	1	1	1	1	1	1	1	1	1	1	1	1	1	1	
50	7	5	4	3	2	2	1	1	1	1	1	1	1	1	1	1	1	1	1	1	1	1	1	1	
24	8	5	5	4	3	2	2	2	2	2	2	2	2	2	1	1	1	1	1	1	1	1	1	1	1	1	1	1	1	1	1	1	1	1	1	1	1	
54	5	3	3	3	2	1	1	1	1	1	1	1	1	1	1	1	1	1	1	1	1	1	1	1	
65	8	4	3	1	1	1	1	1	1	1	
30	17	9	4	3	3	3	3	2	2	2	1	1	1	1	1	1	1	1	
11	6	5	5	4	3	3	3	2	2	1	1	1	1	1	1	1	1	1	1	1	1	1	1	1	1	1	1	1	1	1	1	1	1	1	1	1	1	1	1	1	1	1	1	1	1	1	1	1	1	1	1	
8	8	5	4	3	3	3	3	2	2	2	2	2	2	2	2	2	2	2	1	1	1	1	1	1	1	1	1	1	1	1	1	1	1	1	1	1	1	1	1	1	1	1	1	1	
16	14	6	3	3	3	3	2	2	2	2	2	2	2	1	1	1	1	1	1	1	1	1	1	1	1	1	1	1	1	1	1	1	1	
22	9	7	7	6	4	2	2	2	2	2	1	1	1	1	1	1	1	1	1	1	1	1	1	1	1	1	1	
9	5	5	4	4	3	3	3	3	3	3	2	2	2	2	1	1	1	1	1	1	1	1	1	1	1	1	1	1	1	1	1	1	1	1	1	1	1	1	1	1	1	1	1	
23	19	10	4	3	2	2	2	2	1	1	1	1	1	1	1	1	1	1	1	1	1	
23	5	4	4	4	3	3	2	2	2	1	1	1	1	1	1	1	1	1	1	1	1	1	1	1	1	1	1	1	1	1	1	1	1	1	
11	10	7	4	3	3	3	2	2	2	2	1	1	1	1	1	1	1	1	1	1	1	1	1	1	1	1	1	1	1	1	1	1	1	1	1	
20	11	11	6	4	4	4	4	1	1	1	1	1	1	1	1	1	1	
29	5	3	2	2	2	1	1	1	1	1	1	1	1	1	1	1	1	1	1	1	1	1	1	1	1	1	1	1	1	1	1	1	1	1	1	
5	4	3	3	3	2	2	2	2	2	2	2	2	2	2	2	2	2	1	1	1	1	1	1	1	1	1	1	1	1	1	1	1	1	1	1	1	1	1	1	1	1	1	1	1	1	
29	23	4	3	3	2	2	1	1	1	1	1	
15	11	10	8	7	5	3	2	2	1	1	1	1	1	1	1	1	
61	6	3	1	
11	11	10	10	8	6	2	2	2	1	1	1	1	1	1	1	1	
10	6	5	5	2	2	2	2	2	2	1	1	1	1	1	1	1	1	1	1	1	1	1	1	1	1	1	1	1	1	1	1	1	1	1	1	1	1	1	1	1	1	
9	4	4	3	3	3	3	3	2	2	2	2	2	2	2	2	2	1	1	1	1	1	1	1	1	1	1	1	1	1	1	1	1	1	1	
14	5	5	3	3	3	3	2	2	2	2	2	2	1	1	1	1	1	1	1	1	1	1	1	1	1	1	1	1	1	1	1	
17	7	5	3	3	3	3	3	2	2	2	2	1	1	1	1	1	1	1	1	1	1	1	1	1	1	1	
12	11	7	7	5	5	3	3	3	2	2	1	1	1	1	1	1	1	
32	10	5	5	5	4	1	1	1	1	
27	8	3	3	2	2	1	1	1	1	1	1	1	1	1	1	1	1	1	1	1	1	1	1	1	
18	12	11	5	3	2	1	1	1	1	1	1	1	1	1	1	1	1	1	
7	7	3	3	3	2	2	2	2	2	1	1	1	1	1	1	1	1	1	1	1	1	1	1	1	1	1	1	1	1	1	1	1	1	1	1	1	1	1	1	
12	8	6	6	5	5	4	3	2	2	2	2	2	1	1	1	1	
15	12	5	3	2	2	2	2	1	1	1	1	1	1	1	1	1	1	1	1	1	1	1	1	1	1	1	
7	6	4	3	3	2	2	2	2	2	1	1	1	1	1	1	1	1	1	1	1	1	1	1	1	1	1	1	1	1	1	1	1	1	1	1	1	1	1	
31	10	6	3	2	1	1	1	1	1	1	1	1	1	
6	5	4	4	4	4	4	4	3	2	2	2	1	1	1	1	1	1	1	1	1	1	1	1	1	1	1	1	1	
11	8	7	5	5	2	2	2	2	2	2	2	1	1	1	1	1	1	1	1	1	1	1	
10	9	4	3	3	3	2	2	2	2	2	2	1	1	1	1	1	1	1	1	1	1	1	1	1	1	1	
6	4	3	3	3	2	2	2	2	2	2	2	2	1	1	1	1	1	1	1	1	1	1	1	1	1	1	1	1	1	1	1	1	1	1	1	1	
19	7	6	6	6	3	2	2	2	1	1	1	1	1	1	
16	3	3	3	2	2	2	1	1	1	1	1	1	1	1	1	1	1	1	1	1	1	1	1	1	1	1	1	1	1	1	1	1	1	1	
4	3	3	2	2	2	2	2	2	2	2	2	2	2	1	1	1	1	1	1	1	1	1	1	1	1	1	1	1	1	1	1	1	1	1	1	1	1	1	
24	4	2	2	2	2	1	1	1	1	1	1	1	1	1	1	1	1	1	1	1	1	1	1	1	1	1	
17	8	7	6	2	2	2	2	2	2	1	1	1	1	1	1	1	
22	8	6	5	5	3	3	1	1	1	
55	
53	1	
12	4	3	3	3	2	2	2	1	1	1	1	1	1	1	1	1	1	1	1	1	1	1	1	1	1	1	1	1	
7	5	4	4	3	3	2	2	2	1	1	1	1	1	1	1	1	1	1	1	1	1	1	1	1	1	1	1	1	
12	6	3	1	1	1	1	1	1	1	1	1	1	1	1	1	1	1	1	1	1	1	1	1	1	1	1	1	1	1	1	1	1	
18	4	3	2	2	2	1	1	1	1	1	1	1	1	1	1	1	1	1	1	1	1	1	1	1	
14	7	5	2	2	2	2	2	1	1	1	1	1	1	1	1	1	1	1	1	1	1	
3	3	2	2	2	2	2	2	2	2	2	1	1	1	1	1	1	1	1	1	1	1	1	1	1	1	1	1	1	1	1	1	1	1	1	1	1	
9	8	8	5	4	4	2	2	1	1	1	1	1	1	1	1	
6	2	2	2	2	2	2	2	1	1	1	1	1	1	1	1	1	1	1	1	1	1	1	1	1	1	1	1	1	1	1	1	1	1	1	1	1	
14	7	4	3	3	2	2	2	2	1	1	1	1	1	1	1	1	1	1	
35	6	3	1	1	1	1	1	
16	4	3	3	3	3	2	2	2	2	1	1	1	1	1	1	1	1	1	
13	5	4	3	2	2	2	2	2	1	1	1	1	1	1	1	1	1	1	1	1	1	1	
11	7	7	4	3	3	3	3	2	1	1	1	
10	6	4	4	4	3	2	2	2	1	1	1	1	1	1	1	1	1	
8	4	3	2	2	2	2	2	1	1	1	1	1	1	1	1	1	1	1	1	1	1	1	1	1	1	1	1	
3	3	2	2	2	2	2	1	1	1	1	1	1	1	1	1	1	1	1	1	1	1	1	1	1	1	1	1	1	1	1	1	1	1	1	1	
18	4	3	3	2	2	1	1	1	1	1	1	1	1	1	1	1	1	1	
37	2	1	1	1	1	1	
12	3	2	2	2	2	1	1	1	1	1	1	1	1	1	1	1	1	1	1	1	1	1	1	1	1	1	
6	3	2	2	2	2	2	2	2	1	1	1	1	1	1	1	1	1	1	1	1	1	1	1	1	1	1	1	1	1	
19	15	3	2	1	1	1	1	
8	7	6	4	3	2	2	1	1	1	1	1	1	1	1	1	1	1	
14	13	3	2	2	2	2	1	1	1	1	1	
18	13	6	2	1	1	1	1	
6	6	6	5	4	2	2	2	2	1	1	1	1	1	1	1	1	
7	3	3	3	2	2	2	2	1	1	1	1	1	1	1	1	1	1	1	1	1	1	1	1	1	1	1	
36	2	1	1	1	1	
8	4	3	2	2	1	1	1	1	1	1	1	1	1	1	1	1	1	1	1	1	1	1	1	1	1	1	1	
22	4	2	2	1	1	1	1	1	1	1	1	1	1	1	1	
5	3	3	3	2	2	1	1	1	1	1	1	1	1	1	1	1	1	1	1	1	1	1	1	1	1	1	1	1	1	
11	10	6	5	4	3	2	1	
12	5	4	2	2	1	1	1	1	1	1	1	1	1	1	1	1	1	1	1	1	
5	5	5	4	3	2	1	1	1	1	1	1	1	1	1	1	1	1	1	1	1	1	1	
23	3	2	2	1	1	1	1	1	1	1	1	1	1	1	
15	3	2	2	1	1	1	1	1	1	1	1	1	1	1	1	1	1	1	1	1	1	1	
2	1	1	1	1	1	1	1	1	1	1	1	1	1	1	1	1	1	1	1	1	1	1	1	1	1	1	1	1	1	1	1	1	1	1	1	1	1	1	1	
5	4	3	2	2	2	1	1	1	1	1	1	1	1	1	1	1	1	1	1	1	1	1	1	1	1	1	1	1	
12	6	4	3	1	1	1	1	1	1	1	1	1	1	1	1	1	1	1	1	
9	7	4	4	3	3	3	2	2	1	1	1	1	
10	5	3	3	2	2	1	1	1	1	1	1	1	1	1	1	1	1	1	1	1	
18	8	5	4	2	1	1	1	
9	2	2	2	2	2	1	1	1	1	1	1	1	1	1	1	1	1	1	1	1	1	1	1	1	1	1	
35	2	1	1	1	
5	4	4	2	2	1	1	1	1	1	1	1	1	1	1	1	1	1	1	1	1	1	1	1	1	1	1	1	
4	4	3	3	3	2	2	2	2	2	2	1	1	1	1	1	1	1	1	1	1	
4	3	3	2	2	2	1	1	1	1	1	1	1	1	1	1	1	1	1	1	1	1	1	1	1	1	1	1	1	
10	8	6	2	1	1	1	1	1	1	1	1	1	1	1	1	1	
13	6	3	2	2	2	2	1	1	1	1	1	1	1	1	1	
12	5	3	3	2	2	2	1	1	1	1	1	1	1	1	1	
18	5	2	2	2	2	2	1	1	1	1	1	
12	11	9	3	1	1	1	
6	5	4	4	3	2	2	2	1	1	1	1	1	1	1	1	1	1	
15	11	5	1	1	1	1	1	1	
8	6	6	4	4	3	2	1	1	1	1	
5	4	3	3	3	3	3	2	2	1	1	1	1	1	1	1	1	1	
3	3	3	2	2	2	2	2	1	1	1	1	1	1	1	1	1	1	1	1	1	1	1	1	1	1	
7	4	2	2	2	2	2	2	1	1	1	1	1	1	1	1	1	1	1	1	1	1	
17	4	2	2	2	1	1	1	1	1	1	1	1	1	
8	7	5	3	3	2	2	1	1	1	1	1	1	
16	5	4	3	1	1	1	1	1	1	1	1	
9	7	4	3	3	2	2	2	1	1	1	1	
6	4	3	3	3	2	1	1	1	1	1	1	1	1	1	1	1	1	1	1	1	
10	9	6	4	2	1	1	1	1	1	
35	
16	3	3	2	2	2	1	1	1	1	1	1	1	
4	4	3	3	2	2	2	2	1	1	1	1	1	1	1	1	1	1	1	1	1	
23	4	3	1	1	1	1	1	
7	4	3	3	3	2	2	2	1	1	1	1	1	1	1	1	
11	3	3	2	2	1	1	1	1	1	1	1	1	1	1	1	1	1	
4	3	2	2	2	2	2	2	1	1	1	1	1	1	1	1	1	1	1	1	1	1	
21	4	2	1	1	1	1	1	1	
4	3	2	2	2	2	2	1	1	1	1	1	1	1	1	1	1	1	1	1	1	1	1	
6	3	3	2	2	2	1	1	1	1	1	1	1	1	1	1	1	1	1	1	1	
11	9	2	2	1	1	1	1	1	1	1	1	1	
17	3	2	2	2	1	1	1	1	1	1	1	
9	9	4	3	2	2	1	1	1	
8	5	3	2	2	2	2	2	1	1	1	1	1	1	
6	3	3	2	2	2	1	1	1	1	1	1	1	1	1	1	1	1	1	1	
4	3	3	2	2	2	2	2	2	1	1	1	1	1	1	1	1	1	1	
23	1	1	1	1	1	1	1	1	1	
18	5	5	1	1	1	1	
13	6	3	3	1	1	1	1	1	1	1	
9	7	3	3	2	2	2	1	1	1	1	
14	9	4	2	1	1	1	
17	2	2	1	1	1	1	1	1	1	1	1	1	
14	6	2	2	1	1	1	1	1	1	1	
18	3	2	1	1	1	1	1	1	1	1	
10	6	4	3	2	1	1	1	1	1	1	
5	4	3	3	3	2	2	1	1	1	1	1	1	1	1	1	
7	6	5	5	2	1	1	1	1	1	
18	3	2	1	1	1	1	1	1	1	
4	3	2	2	2	1	1	1	1	1	1	1	1	1	1	1	1	1	1	1	1	1	
5	3	2	1	1	1	1	1	1	1	1	1	1	1	1	1	1	1	1	1	1	1	1	
7	4	4	3	2	2	1	1	1	1	1	1	1	1	
3	3	2	2	2	2	2	2	1	1	1	1	1	1	1	1	1	1	1	1	
18	4	2	1	1	1	1	1	1	
14	6	4	3	1	1	1	
9	6	6	2	1	1	1	1	1	1	
9	3	2	2	1	1	1	1	1	1	1	1	1	1	1	1	1	
7	5	3	2	2	2	1	1	1	1	1	1	1	1	
6	6	3	2	1	1	1	1	1	1	1	1	1	1	1	1	
13	6	3	3	2	1	1	
9	5	2	2	1	1	1	1	1	1	1	1	1	1	1	
9	3	2	1	1	1	1	1	1	1	1	1	1	1	1	1	1	
10	4	4	3	2	2	1	1	1	
7	5	4	2	2	1	1	1	1	1	1	1	1	
8	5	4	2	2	1	1	1	1	1	1	1	
12	7	2	2	1	1	1	1	1	
9	6	6	2	2	1	1	1	
13	3	2	1	1	1	1	1	1	1	1	1	1	
4	2	2	2	1	1	1	1	1	1	1	1	1	1	1	1	1	1	1	1	1	1	
22	5	1	
12	8	3	2	1	1	1	
10	4	4	3	1	1	1	1	1	1	
7	3	3	2	1	1	1	1	1	1	1	1	1	1	1	1	
8	3	3	3	2	2	2	1	1	1	1	
4	3	3	3	2	2	1	1	1	1	1	1	1	1	1	1	
4	3	3	2	2	1	1	1	1	1	1	1	1	1	1	1	1	
7	4	4	2	1	1	1	1	1	1	1	1	1	
4	3	3	3	2	2	2	1	1	1	1	1	1	1	
16	2	1	1	1	1	1	1	1	1	
5	5	2	1	1	1	1	1	1	1	1	1	1	1	1	1	1	
5	4	1	1	1	1	1	1	1	1	1	1	1	1	1	1	1	1	
7	4	3	3	2	1	1	1	1	1	1	
13	3	2	2	1	1	1	1	1	
9	2	2	1	1	1	1	1	1	1	1	1	1	1	1	
7	6	3	2	2	2	1	1	1	
13	5	2	1	1	1	1	1	
9	7	3	1	1	1	1	1	1	
8	4	3	3	2	1	1	1	1	1	
8	4	2	2	2	2	1	1	1	1	1	
8	5	4	4	2	1	1	
12	7	3	1	1	1	
8	5	4	2	1	1	1	1	1	
3	2	1	1	1	1	1	1	1	1	1	1	1	1	1	1	1	1	1	1	1	
15	1	1	1	1	1	1	1	1	1	
22	2	
12	2	2	2	1	1	1	1	1	1	
4	2	2	2	2	1	1	1	1	1	1	1	1	1	1	1	1	
24	
4	3	3	2	2	2	2	2	1	1	1	1	
5	4	2	2	1	1	1	1	1	1	1	1	1	1	1	
9	4	2	1	1	1	1	1	1	1	1	1	
15	1	1	1	1	1	1	1	1	1	
4	4	3	2	2	1	1	1	1	1	1	1	1	1	
2	2	2	2	2	1	1	1	1	1	1	1	1	1	1	1	1	1	
13	2	1	1	1	1	1	1	1	1	
20	3	
7	2	2	1	1	1	1	1	1	1	1	1	1	1	1	
6	5	4	3	2	2	1	
9	2	1	1	1	1	1	1	1	1	1	1	1	1	
4	4	3	2	2	2	2	1	1	1	1	
2	2	2	2	2	1	1	1	1	1	1	1	1	1	1	1	1	1	
2	2	2	2	1	1	1	1	1	1	1	1	1	1	1	1	1	1	1	
6	2	2	1	1	1	1	1	1	1	1	1	1	1	1	1	
17	1	1	1	1	1	1	
3	2	2	2	2	2	2	2	1	1	1	1	1	1	
7	5	2	1	1	1	1	1	1	1	1	1	
5	2	1	1	1	1	1	1	1	1	1	1	1	1	1	1	1	1	
5	4	3	3	2	1	1	1	1	1	
9	4	1	1	1	1	1	1	1	1	1	
8	3	2	2	1	1	1	1	1	1	1	
4	4	3	2	2	1	1	1	1	1	1	1	
5	4	2	2	2	2	1	1	1	1	1	
6	4	2	1	1	1	1	1	1	1	1	1	1	
4	2	2	1	1	1	1	1	1	1	1	1	1	1	1	1	1	
10	4	2	1	1	1	1	1	1	
5	4	3	3	1	1	1	1	1	1	
7	4	2	2	1	1	1	1	1	1	
7	4	2	2	1	1	1	1	1	1	
12	2	2	1	1	1	1	1	
6	3	3	2	1	1	1	1	1	1	1	
8	5	4	2	2	
20	1	
10	3	2	1	1	1	1	1	1	
12	5	2	1	1	
7	4	1	1	1	1	1	1	1	1	1	1	
2	2	2	2	2	2	1	1	1	1	1	1	1	1	
4	3	2	2	2	2	2	1	1	1	
9	3	3	3	1	1	
8	4	2	1	1	1	1	1	1	
4	3	2	2	2	1	1	1	1	1	1	1	
4	3	2	2	1	1	1	1	1	1	1	1	1	
8	2	1	1	1	1	1	1	1	1	1	1	
6	4	3	2	1	1	1	1	1	
8	3	3	2	1	1	1	1	
7	2	2	1	1	1	1	1	1	1	1	1	
10	3	2	2	1	1	1	
3	3	3	2	2	2	2	1	1	1	
11	3	2	1	1	1	1	
7	3	2	2	1	1	1	1	1	1	
7	2	1	1	1	1	1	1	1	1	1	1	1	
8	4	2	2	1	1	1	1	
8	4	3	1	1	1	1	1	
7	3	2	1	1	1	1	1	1	1	
4	3	2	2	1	1	1	1	1	1	1	1	
17	1	1	
2	2	1	1	1	1	1	1	1	1	1	1	1	1	1	1	1	
8	2	1	1	1	1	1	1	1	1	1	
13	1	1	1	1	1	1	
18	1	
14	2	1	1	1	
5	5	2	1	1	1	1	1	1	1	
6	6	2	1	1	1	1	1	
3	3	3	2	2	1	1	1	1	1	
4	3	2	1	1	1	1	1	1	1	1	1	
4	4	2	1	1	1	1	1	1	1	1	
7	4	2	1	1	1	1	1	
8	4	3	2	1	
6	4	3	2	1	1	1	
2	2	1	1	1	1	1	1	1	1	1	1	1	1	1	1	
15	2	1	
6	4	1	1	1	1	1	1	1	1	
3	2	2	1	1	1	1	1	1	1	1	1	1	1	
4	3	2	2	1	1	1	1	1	1	1	
18	
10	2	2	2	1	1	
7	4	3	1	1	1	1	
3	3	3	2	2	2	1	1	1	
3	3	3	2	2	1	1	1	1	1	
6	2	1	1	1	1	1	1	1	1	1	1	
5	3	2	2	1	1	1	1	1	
2	2	2	2	1	1	1	1	1	1	1	1	1	
6	4	3	1	1	1	1	
8	6	1	1	1	
6	3	2	1	1	1	1	1	1	
8	2	2	1	1	1	1	1	
5	3	2	2	2	1	1	1	
14	1	1	1	
5	4	2	2	1	1	1	1	
3	3	1	1	1	1	1	1	1	1	1	1	1	
3	2	2	2	2	1	1	1	1	1	1	
5	2	2	2	1	1	1	1	1	1	
6	2	1	1	1	1	1	1	1	1	1	
7	4	2	1	1	1	1	
13	1	1	1	
4	2	2	1	1	1	1	1	1	1	1	
4	3	3	1	1	1	1	1	1	
3	2	2	1	1	1	1	1	1	1	1	1	
4	4	3	1	1	1	1	1	
4	2	2	2	1	1	1	1	1	1	
9	4	1	1	1	
4	3	3	2	1	1	1	1	
4	4	3	3	1	1	
6	3	1	1	1	1	1	1	1	
12	1	1	1	1	
5	5	3	1	1	1	
11	2	1	1	1	
4	4	2	1	1	1	1	1	1	
4	1	1	1	1	1	1	1	1	1	1	1	1	
6	4	2	1	1	1	1	
6	3	3	1	1	1	1	
12	1	1	1	1	
16	
7	2	2	2	1	1	1	
9	2	2	1	1	1	
5	2	2	1	1	1	1	1	1	1	
3	2	1	1	1	1	1	1	1	1	1	1	1	
3	3	1	1	1	1	1	1	1	1	1	1	
5	5	2	1	1	1	
8	4	2	1	
10	4	1	
8	5	1	1	
5	2	2	1	1	1	1	1	1	
7	4	2	1	1	
3	3	2	2	2	1	1	1	
2	2	1	1	1	1	1	1	1	1	1	1	1	
2	2	1	1	1	1	1	1	1	1	1	1	1	
5	4	2	2	1	1	
11	2	1	1	
9	1	1	1	1	1	1	
4	1	1	1	1	1	1	1	1	1	1	1	
10	1	1	1	1	1	
4	3	2	2	1	1	1	1	
3	2	1	1	1	1	1	1	1	1	1	1	
7	1	1	1	1	1	1	1	1	
7	6	2	
6	2	1	1	1	1	1	1	1	
4	3	2	1	1	1	1	1	1	
5	2	2	2	1	1	1	1	
3	3	3	2	2	1	1	
5	4	2	1	1	1	1	
2	2	2	2	1	1	1	1	1	1	1	
10	2	2	1	
11	2	1	1	
7	2	2	2	1	1	
6	3	2	2	1	1	
6	4	2	1	1	1	
5	3	2	1	1	1	1	
2	2	1	1	1	1	1	1	1	1	1	1	
9	2	1	1	1	
9	1	1	1	1	1	
6	2	1	1	1	1	1	1	
3	2	1	1	1	1	1	1	1	1	1	
5	2	2	1	1	1	1	1	
4	3	3	2	1	1	
5	4	1	1	1	1	1	
4	3	2	2	1	1	1	
2	2	2	1	1	1	1	1	1	1	1	
5	3	2	1	1	1	1	
7	4	1	1	1	
13	1	
3	3	2	1	1	1	1	1	1	
6	2	1	1	1	1	1	1	
7	2	1	1	1	1	1	
6	3	2	1	1	1	
4	4	2	1	1	1	1	
2	1	1	1	1	1	1	1	1	1	1	1	1	
12	1	1	
3	3	2	1	1	1	1	1	1	
2	2	1	1	1	1	1	1	1	1	1	1	
11	2	1	
5	3	1	1	1	1	1	1	
7	2	2	1	1	1	
10	4	
8	1	1	1	1	1	1	
3	1	1	1	1	1	1	1	1	1	1	1	
10	1	1	1	1	
4	2	1	1	1	1	1	1	1	1	
2	2	1	1	1	1	1	1	1	1	1	
2	2	1	1	1	1	1	1	1	1	1	
2	2	1	1	1	1	1	1	1	1	1	
4	2	1	1	1	1	1	1	1	
11	1	1	
8	1	1	1	1	1	
7	1	1	1	1	1	1	
3	3	1	1	1	1	1	1	1	
4	4	1	1	1	1	1	
5	3	1	1	1	1	1	
3	2	1	1	1	1	1	1	1	1	
5	3	2	1	1	1	
3	2	2	2	1	1	1	1	
4	2	1	1	1	1	1	1	1	
3	2	2	2	1	1	1	1	
3	3	1	1	1	1	1	1	1	
6	3	1	1	1	1	
1	1	1	1	1	1	1	1	1	1	1	1	1	
3	1	1	1	1	1	1	1	1	1	1	
4	3	2	1	1	1	1	
5	3	2	1	1	1	
6	1	1	1	1	1	1	1	
4	3	2	1	1	1	1	
1	1	1	1	1	1	1	1	1	1	1	1	1	
4	1	1	1	1	1	1	1	1	1	
5	2	1	1	1	1	1	1	
6	2	2	1	1	1	
6	2	2	1	1	1	
2	1	1	1	1	1	1	1	1	1	1	1	
7	2	2	1	1	
2	1	1	1	1	1	1	1	1	1	1	1	
3	2	1	1	1	1	1	1	1	1	
2	1	1	1	1	1	1	1	1	1	1	1	
4	3	1	1	1	1	1	
4	1	1	1	1	1	1	1	1	
6	1	1	1	1	1	1	
5	3	1	1	1	1	
3	2	2	1	1	1	1	1	
4	2	2	1	1	1	1	
3	2	2	2	1	1	1	
5	2	1	1	1	1	1	
3	2	2	1	1	1	1	1	
3	3	1	1	1	1	1	1	
5	2	2	1	1	1	
3	1	1	1	1	1	1	1	1	1	
6	3	1	1	1	
7	2	2	1	
5	2	2	1	1	1	
5	3	2	1	1	
4	2	2	1	1	1	1	
2	1	1	1	1	1	1	1	1	1	1	
5	1	1	1	1	1	1	1	
3	2	2	1	1	1	1	1	
3	3	3	1	1	1	
8	2	1	1	
12	
4	1	1	1	1	1	1	1	1	
7	2	2	1	
3	2	1	1	1	1	1	1	1	
1	1	1	1	1	1	1	1	1	1	1	1	
4	2	1	1	1	1	1	1	
3	1	1	1	1	1	1	1	1	1	
2	2	2	1	1	1	1	1	1	
3	3	2	1	1	1	1	
12	
4	2	2	2	1	1	
2	2	1	1	1	1	1	1	1	1	
3	2	2	1	1	1	1	1	
7	4	1	
6	1	1	1	1	1	
2	2	1	1	1	1	1	1	1	
10	1	
8	2	1	
4	2	2	1	1	1	
4	2	1	1	1	1	1	
2	1	1	1	1	1	1	1	1	1	
6	2	1	1	1	
1	1	1	1	1	1	1	1	1	1	1	
6	2	1	1	1	
5	1	1	1	1	1	1	
2	1	1	1	1	1	1	1	1	1	
2	1	1	1	1	1	1	1	1	1	
4	3	2	1	1	
2	1	1	1	1	1	1	1	1	1	
4	3	1	1	1	1	
4	2	2	1	1	1	
6	3	1	1	
7	2	1	1	
9	2	
3	2	1	1	1	1	1	1	
5	3	1	1	1	
4	2	1	1	1	1	1	
5	4	1	1	
9	2	
2	1	1	1	1	1	1	1	1	1	
4	3	2	1	1	
3	2	2	1	1	1	1	
6	1	1	1	1	1	
3	2	1	1	1	1	1	1	
3	2	2	2	1	1	
2	2	2	1	1	1	1	1	
6	2	1	1	1	
3	2	1	1	1	1	1	1	
2	1	1	1	1	1	1	1	1	1	
2	2	2	1	1	1	1	1	
2	1	1	1	1	1	1	1	1	1	
6	4	1	
3	2	1	1	1	1	1	1	
2	2	1	1	1	1	1	1	1	
4	2	2	1	1	
2	1	1	1	1	1	1	1	1	
6	2	1	1	
7	2	1	
3	2	2	1	1	1	
5	2	1	1	1	
5	3	2	
5	4	1	
1	1	1	1	1	1	1	1	1	1	
2	2	1	1	1	1	1	1	
3	3	2	2	
8	1	1	
6	4	
6	2	1	1	
2	1	1	1	1	1	1	1	1	
3	2	2	1	1	1	
3	2	2	1	1	1	
2	1	1	1	1	1	1	1	1	
4	3	1	1	1	
2	2	2	1	1	1	1	
5	1	1	1	1	1	
8	1	1	
6	2	1	1	
4	2	1	1	1	1	
4	2	2	1	1	
2	2	1	1	1	1	1	1	
4	3	2	1	
2	2	2	1	1	1	1	
4	2	1	1	1	1	
3	2	2	1	1	1	
5	1	1	1	1	1	
2	1	1	1	1	1	1	1	1	
7	2	1	
2	2	1	1	1	1	1	1	
8	2	
3	1	1	1	1	1	1	1	
3	1	1	1	1	1	1	1	
3	2	2	1	1	1	
3	2	2	1	1	1	
5	2	1	1	1	
3	2	1	1	1	1	1	
5	1	1	1	1	1	
4	2	1	1	1	1	
4	2	1	1	1	1	
4	2	1	1	1	1	
6	2	1	1	
2	1	1	1	1	1	1	1	1	
2	2	2	1	1	1	1	
4	3	1	1	1	
1	1	1	1	1	1	1	1	1	
9	
2	2	2	2	1	
8	1	
9	
2	2	2	1	1	1	
5	1	1	1	1	
3	3	1	1	1	
8	1	
2	2	1	1	1	1	1	
5	3	1	
8	1	
8	1	
5	2	1	1	
3	2	1	1	1	1	
4	3	1	1	
2	2	1	1	1	1	1	
2	1	1	1	1	1	1	1	
3	1	1	1	1	1	1	
7	1	1	
2	1	1	1	1	1	1	1	
3	2	1	1	1	1	
2	2	2	1	1	1	
3	2	2	1	1	
2	2	1	1	1	1	1	
2	2	2	1	1	1	
1	1	1	1	1	1	1	1	1	
2	1	1	1	1	1	1	1	
3	2	1	1	1	1	
1	1	1	1	1	1	1	1	1	
3	2	2	2	
2	1	1	1	1	1	1	1	
3	2	2	1	1	
3	2	2	2	
8	1	
7	1	1	
4	3	1	1	
5	1	1	1	1	
3	2	1	1	1	1	
2	1	1	1	1	1	1	1	
2	1	1	1	1	1	1	1	
3	1	1	1	1	1	1	
5	1	1	1	1	
4	1	1	1	1	1	
2	1	1	1	1	1	1	1	
3	2	1	1	1	1	
4	1	1	1	1	1	
5	1	1	1	1	
7	1	1	
3	2	1	1	1	1	
3	2	2	1	1	
2	2	2	1	1	1	
7	1	1	
4	2	2	1	
2	2	1	1	1	1	1	
1	1	1	1	1	1	1	1	1	
5	1	1	1	1	
2	1	1	1	1	1	1	1	
5	1	1	1	1	
3	2	1	1	1	1	
5	1	1	1	1	
5	2	1	1	
2	1	1	1	1	1	1	1	
2	2	1	1	1	1	1	
2	1	1	1	1	1	1	1	
6	2	1	
4	2	1	1	1	
1	1	1	1	1	1	1	1	1	
2	1	1	1	1	1	1	1	
4	1	1	1	1	1	
7	1	1	
9	
1	1	1	1	1	1	1	1	1	
2	1	1	1	1	1	1	1	
5	4	
6	1	1	1	
3	2	1	1	1	1	
2	2	1	1	1	1	1	
4	2	1	1	1	
6	1	1	1	
2	2	1	1	1	1	1	
2	2	1	1	1	1	1	
3	2	2	1	1	
2	2	1	1	1	1	1	
2	1	1	1	1	1	1	1	
7	1	
2	2	1	1	1	1	
2	1	1	1	1	1	1	
6	1	1	
4	2	1	1	
5	1	1	1	
3	2	1	1	1	
8	
2	1	1	1	1	1	1	
2	2	1	1	1	1	
3	1	1	1	1	1	
7	1	
5	2	1	
2	1	1	1	1	1	1	
4	2	1	1	
5	3	
5	3	
4	1	1	1	1	
2	1	1	1	1	1	1	
3	1	1	1	1	1	
4	1	1	1	1	
3	1	1	1	1	1	
2	2	1	1	1	1	
5	1	1	1	
2	2	1	1	1	1	
2	1	1	1	1	1	1	
2	2	2	1	1	
8	
8	
2	1	1	1	1	1	1	
3	1	1	1	1	1	
2	1	1	1	1	1	1	
3	2	1	1	1	
2	1	1	1	1	1	1	
2	2	2	1	1	
2	2	1	1	1	1	
1	1	1	1	1	1	1	1	
7	1	
7	1	
1	1	1	1	1	1	1	1	
3	2	1	1	1	
3	2	1	1	1	
6	1	1	
2	1	1	1	1	1	1	
2	2	1	1	1	1	
8	
1	1	1	1	1	1	1	1	
6	1	1	
2	1	1	1	1	1	1	
4	2	1	1	
8	
2	1	1	1	1	1	1	
6	1	1	
2	2	1	1	1	1	
3	2	1	1	1	
2	1	1	1	1	1	1	
2	2	1	1	1	1	
3	2	1	1	1	
2	2	1	1	1	1	
1	1	1	1	1	1	1	1	
1	1	1	1	1	1	1	1	
6	2	
2	2	1	1	1	1	
3	1	1	1	1	1	
5	2	1	
5	1	1	1	
1	1	1	1	1	1	1	1	
4	2	1	1	
4	1	1	1	1	
4	3	
1	1	1	1	1	1	1	
3	2	1	1	
2	1	1	1	1	1	
2	1	1	1	1	1	
7	
6	1	
3	2	1	1	
2	1	1	1	1	1	
1	1	1	1	1	1	1	
2	2	1	1	1	
6	1	
5	1	1	
6	1	
1	1	1	1	1	1	1	
3	1	1	1	1	
5	1	1	
2	1	1	1	1	1	
2	1	1	1	1	1	
2	1	1	1	1	1	
4	2	1	
4	1	1	1	
2	1	1	1	1	1	
2	1	1	1	1	1	
3	1	1	1	1	
1	1	1	1	1	1	1	
2	1	1	1	1	1	
2	2	1	1	1	
3	2	1	1	
6	1	
3	3	1	
3	1	1	1	1	
4	1	1	1	
1	1	1	1	1	1	1	
2	1	1	1	1	1	
7	
3	2	1	1	
4	1	1	1	
4	3	
3	2	1	1	
1	1	1	1	1	1	1	
2	1	1	1	1	1	
2	1	1	1	1	1	
3	2	1	1	
4	1	1	1	
4	1	1	1	
3	1	1	1	1	
1	1	1	1	1	1	1	
7	
2	1	1	1	1	1	
1	1	1	1	1	1	1	
2	2	1	1	1	
4	1	1	1	
2	1	1	1	1	1	
7	
2	1	1	1	1	1	
2	1	1	1	1	1	
2	1	1	1	1	1	
3	2	1	1	
3	2	2	
5	2	
3	1	1	1	1	
6	1	
3	2	1	1	
2	1	1	1	1	1	
3	1	1	1	1	
2	1	1	1	1	1	
5	1	1	
1	1	1	1	1	1	1	
4	2	1	
1	1	1	1	1	1	1	
3	2	1	1	
3	1	1	1	1	
6	1	
3	1	1	1	1	
3	1	1	1	1	
4	1	1	1	
5	1	1	
4	1	1	1	
4	1	1	
3	2	1	
5	1	
1	1	1	1	1	1	
4	1	1	
2	2	1	1	
3	1	1	1	
5	1	
2	1	1	1	1	
4	1	1	
2	2	1	1	
1	1	1	1	1	1	
2	1	1	1	1	
3	1	1	1	
5	1	
3	1	1	1	
3	2	1	
2	1	1	1	1	
3	1	1	1	
1	1	1	1	1	1	
2	1	1	1	1	
1	1	1	1	1	1	
1	1	1	1	1	1	
1	1	1	1	1	1	
5	1	
1	1	1	1	1	1	
4	1	1	
2	1	1	1	1	
3	1	1	1	
2	1	1	1	1	
3	1	1	1	
1	1	1	1	1	1	
2	1	1	1	1	
5	1	
5	1	
1	1	1	1	1	1	
3	2	1	
2	1	1	1	1	
5	1	
2	2	1	1	
3	1	1	1	
3	3	
6	
2	2	2	
2	1	1	1	1	
1	1	1	1	1	1	
1	1	1	1	1	1	
6	
3	2	1	
3	1	1	1	
6	
4	1	1	
5	1	
3	1	1	1	
2	1	1	1	1	
2	2	1	1	
4	1	1	
2	1	1	1	1	
3	1	1	1	
2	1	1	1	1	
3	2	1	
4	1	1	
3	2	1	
2	1	1	1	1	
2	1	1	1	1	
2	1	1	1	1	
2	1	1	1	1	
4	2	
4	1	1	
4	1	1	
2	1	1	1	1	
2	2	1	1	
4	2	
3	2	1	
3	1	1	1	
2	1	1	1	1	
2	1	1	1	1	
4	1	1	
4	1	1	
3	1	1	1	
2	2	1	1	
3	2	1	
2	1	1	1	1	
4	2	
2	1	1	1	1	
6	
2	1	1	1	1	
5	1	
1	1	1	1	1	1	
1	1	1	1	1	1	
6	
5	1	
3	2	1	
2	1	1	1	1	
2	2	1	1	
1	1	1	1	1	1	
2	2	1	1	
3	1	1	1	
1	1	1	1	1	1	
3	2	1	
6	
2	2	1	1	
1	1	1	1	1	1	
2	1	1	1	1	
2	1	1	1	1	
1	1	1	1	1	1	
4	1	1	
2	2	1	1	
6	
4	1	1	
3	2	1	
2	1	1	1	1	
6	
1	1	1	1	1	1	
2	1	1	1	1	
2	2	1	1	
3	2	1	
1	1	1	1	1	1	
3	3	
2	1	1	1	1	
4	1	1	
4	1	1	
2	1	1	1	1	
4	1	1	
2	1	1	1	1	
1	1	1	1	1	1	
1	1	1	1	1	1	
1	1	1	1	1	1	
2	1	1	1	1	
2	2	1	1	
4	1	1	
4	1	1	
3	1	1	1	
3	1	1	1	
2	1	1	1	1	
6	
6	
3	2	1	
3	1	1	1	
4	1	1	
2	1	1	1	1	
2	1	1	1	1	
2	1	1	1	1	
4	1	1	
4	1	1	
2	2	1	1	
2	2	1	1	
5	1	
4	1	1	
1	1	1	1	1	1	
5	1	
5	1	
4	1	1	
3	2	1	
2	1	1	1	1	
5	1	
3	1	1	
2	2	1	
2	1	1	1	
3	1	1	
3	1	1	
1	1	1	1	1	
1	1	1	1	1	
3	1	1	
2	1	1	1	
3	1	1	
2	1	1	1	
2	1	1	1	
1	1	1	1	1	
2	2	1	
2	1	1	1	
1	1	1	1	1	
4	1	
3	1	1	
3	1	1	
5	
1	1	1	1	1	
2	1	1	1	
4	1	
1	1	1	1	1	
4	1	
1	1	1	1	1	
2	1	1	1	
4	1	
2	1	1	1	
5	
2	1	1	1	
4	1	
2	1	1	1	
2	2	1	
2	2	1	
2	1	1	1	
1	1	1	1	1	
3	1	1	
3	1	1	
3	1	1	
5	
2	1	1	1	
2	1	1	1	
1	1	1	1	1	
2	1	1	1	
1	1	1	1	1	
3	1	1	
1	1	1	1	1	
3	1	1	
1	1	1	1	1	
4	1	
3	1	1	
4	1	
5	
5	
2	1	1	1	
1	1	1	1	1	
4	1	
5	
3	2	
4	1	
2	2	1	
2	1	1	1	
5	
3	1	1	
1	1	1	1	1	
1	1	1	1	1	
3	1	1	
1	1	1	1	1	
4	1	
1	1	1	1	1	
4	1	
1	1	1	1	1	
2	1	1	1	
2	2	1	
2	1	1	1	
1	1	1	1	1	
4	1	
2	1	1	1	
3	1	1	
2	1	1	1	
2	1	1	1	
2	1	1	1	
2	1	1	1	
2	1	1	1	
2	2	1	
1	1	1	1	1	
1	1	1	1	1	
1	1	1	1	1	
2	2	1	
5	
2	1	1	1	
1	1	1	1	1	
2	1	1	1	
2	1	1	1	
5	
1	1	1	1	1	
3	1	1	
3	1	1	
3	1	1	
2	2	1	
1	1	1	1	1	
2	1	1	1	
1	1	1	1	1	
4	1	
3	1	1	
3	1	1	
5	
2	1	1	1	
1	1	1	1	1	
2	1	1	1	
3	2	
1	1	1	1	1	
1	1	1	1	1	
1	1	1	1	1	
2	2	1	
2	1	1	1	
1	1	1	1	1	
4	1	
2	2	1	
2	1	1	1	
3	2	
3	1	1	
4	1	
2	1	1	1	
2	1	1	1	
3	2	
3	2	
3	1	1	
2	1	1	1	
1	1	1	1	1	
2	2	1	
2	2	1	
5	
2	1	1	1	
2	1	1	1	
2	2	1	
2	2	1	
2	1	1	1	
2	2	1	
2	2	1	
3	2	
2	2	1	
5	
3	2	
3	2	
4	1	
1	1	1	1	1	
1	1	1	1	1	
1	1	1	1	1	
4	1	
3	1	1	
3	1	1	
3	1	1	
2	1	1	1	
3	1	1	
5	
5	
2	2	1	
3	1	1	
2	1	1	1	
5	
2	2	1	
2	1	1	1	
2	1	1	1	
2	1	1	1	
2	1	1	1	
2	1	1	1	
3	1	1	
1	1	1	1	1	
2	1	1	1	
3	1	1	
1	1	1	1	1	
3	1	1	
3	1	1	
2	2	1	
3	1	1	
3	1	1	
2	1	1	1	
2	1	1	1	
1	1	1	1	1	
2	2	1	
2	1	1	1	
4	1	
1	1	1	1	1	
2	1	1	1	
2	2	1	
4	
1	1	1	1	
3	1	
4	
2	1	1	
3	1	
3	1	
4	
4	
4	
1	1	1	1	
2	1	1	
2	1	1	
2	1	1	
3	1	
3	1	
3	1	
1	1	1	1	
1	1	1	1	
3	1	
4	
3	1	
2	1	1	
2	1	1	
1	1	1	1	
4	
2	1	1	
1	1	1	1	
3	1	
1	1	1	1	
1	1	1	1	
1	1	1	1	
1	1	1	1	
2	1	1	
2	1	1	
4	
1	1	1	1	
4	
2	1	1	
3	1	
1	1	1	1	
1	1	1	1	
2	1	1	
2	2	
1	1	1	1	
3	1	
3	1	
3	1	
1	1	1	1	
3	1	
2	2	
2	1	1	
2	1	1	
2	1	1	
1	1	1	1	
1	1	1	1	
2	1	1	
4	
1	1	1	1	
4	
2	1	1	
4	
1	1	1	1	
1	1	1	1	
2	1	1	
1	1	1	1	
2	1	1	
2	1	1	
1	1	1	1	
1	1	1	1	
2	1	1	
2	1	1	
2	1	1	
1	1	1	1	
1	1	1	1	
2	1	1	
2	1	1	
2	1	1	
1	1	1	1	
2	1	1	
1	1	1	1	
1	1	1	1	
2	1	1	
1	1	1	1	
3	1	
3	1	
1	1	1	1	
1	1	1	1	
3	1	
1	1	1	1	
1	1	1	1	
1	1	1	1	
2	1	1	
2	1	1	
2	1	1	
2	1	1	
2	2	
2	1	1	
2	1	1	
1	1	1	1	
2	1	1	
1	1	1	1	
2	1	1	
2	1	1	
2	1	1	
3	1	
2	1	1	
4	
1	1	1	1	
3	1	
1	1	1	1	
2	1	1	
1	1	1	1	
1	1	1	1	
2	1	1	
2	1	1	
1	1	1	1	
3	1	
1	1	1	1	
2	1	1	
4	
3	1	
1	1	1	1	
1	1	1	1	
3	1	
2	1	1	
3	1	
1	1	1	1	
3	1	
2	1	1	
2	1	1	
2	1	1	
1	1	1	1	
4	
2	1	1	
1	1	1	1	
1	1	1	1	
2	1	1	
3	1	
4	
2	1	1	
2	1	1	
1	1	1	1	
2	1	1	
4	
3	1	
3	1	
3	1	
3	1	
2	1	1	
3	1	
1	1	1	1	
3	1	
1	1	1	1	
4	
2	1	1	
2	1	1	
3	1	
1	1	1	1	
3	1	
2	1	1	
3	1	
4	
1	1	1	1	
2	1	1	
1	1	1	1	
2	1	1	
1	1	1	1	
1	1	1	1	
2	1	1	
4	
3	1	
3	1	
3	1	
3	1	
2	1	1	
1	1	1	1	
1	1	1	1	
1	1	1	1	
3	1	
1	1	1	1	
2	1	1	
3	1	
2	1	1	
1	1	1	1	
1	1	1	1	
2	2	
3	1	
1	1	1	1	
4	
4	
3	1	
2	1	1	
2	1	1	
2	1	1	
2	1	1	
1	1	1	1	
1	1	1	1	
4	
1	1	1	1	
3	1	
2	1	1	
1	1	1	1	
2	1	1	
2	1	1	
3	1	
2	1	1	
3	1	
2	1	1	
3	1	
1	1	1	1	
3	1	
1	1	1	1	
1	1	1	1	
1	1	1	1	
3	1	
1	1	1	1	
2	1	1	
1	1	1	1	
2	1	1	
4	
1	1	1	1	
1	1	1	1	
3	1	
2	1	1	
4	
2	1	1	
2	2	
2	1	1	
2	1	1	
2	1	1	
3	1	
2	1	1	
4	
2	1	1	
1	1	1	1	
1	1	1	1	
2	1	1	
4	
2	1	1	
3	1	
2	1	1	
1	1	1	1	
1	1	1	1	
3	1	
1	1	1	1	
1	1	1	1	
1	1	1	1	
1	1	1	1	
3	1	
2	1	1	
1	1	1	1	
1	1	1	1	
2	1	1	
2	1	1	
2	1	1	
2	1	1	
2	1	1	
2	1	1	
1	1	1	1	
4	
1	1	1	1	
1	1	1	1	
2	1	1	
3	1	
2	1	1	
1	1	1	1	
1	1	1	1	
1	1	1	1	
4	
1	1	1	1	
2	1	1	
1	1	1	1	
1	1	1	1	
3	1	
2	1	1	
1	1	1	1	
2	1	1	
2	1	1	
2	1	1	
4	
4	
1	1	1	1	
1	1	1	1	
2	1	1	
2	1	1	
1	1	1	1	
2	1	1	
1	1	1	1	
2	1	1	
1	1	1	1	
1	1	1	1	
1	1	1	1	
2	1	1	
4	
1	1	1	1	
1	1	1	1	
1	1	1	1	
2	2	
4	
1	1	1	
2	1	
1	1	1	
1	1	1	
1	1	1	
1	1	1	
1	1	1	
2	1	
2	1	
1	1	1	
1	1	1	
1	1	1	
3	
1	1	1	
2	1	
1	1	1	
2	1	
1	1	1	
3	
1	1	1	
2	1	
2	1	
1	1	1	
3	
1	1	1	
1	1	1	
2	1	
3	
2	1	
1	1	1	
1	1	1	
1	1	1	
1	1	1	
1	1	1	
1	1	1	
2	1	
1	1	1	
2	1	
1	1	1	
3	
2	1	
3	
1	1	1	
1	1	1	
1	1	1	
1	1	1	
2	1	
1	1	1	
1	1	1	
2	1	
1	1	1	
1	1	1	
3	
2	1	
1	1	1	
1	1	1	
2	1	
1	1	1	
2	1	
2	1	
2	1	
1	1	1	
2	1	
1	1	1	
3	
1	1	1	
1	1	1	
3	
1	1	1	
3	
2	1	
1	1	1	
1	1	1	
1	1	1	
1	1	1	
3	
2	1	
3	
1	1	1	
1	1	1	
3	
2	1	
3	
2	1	
2	1	
1	1	1	
2	1	
1	1	1	
1	1	1	
1	1	1	
2	1	
1	1	1	
1	1	1	
1	1	1	
1	1	1	
2	1	
1	1	1	
1	1	1	
2	1	
1	1	1	
1	1	1	
1	1	1	
2	1	
2	1	
2	1	
2	1	
1	1	1	
2	1	
1	1	1	
1	1	1	
2	1	
1	1	1	
1	1	1	
1	1	1	
3	
1	1	1	
1	1	1	
1	1	1	
1	1	1	
2	1	
2	1	
1	1	1	
2	1	
2	1	
2	1	
2	1	
3	
2	1	
1	1	1	
2	1	
2	1	
1	1	1	
1	1	1	
3	
2	1	
3	
1	1	1	
3	
2	1	
3	
3	
2	1	
3	
1	1	1	
2	1	
2	1	
2	1	
1	1	1	
2	1	
2	1	
3	
2	1	
1	1	1	
2	1	
1	1	1	
3	
3	
1	1	1	
3	
1	1	1	
3	
2	1	
1	1	1	
2	1	
1	1	1	
3	
1	1	1	
1	1	1	
2	1	
2	1	
3	
3	
1	1	1	
3	
2	1	
2	1	
1	1	1	
1	1	1	
3	
2	1	
3	
1	1	1	
3	
1	1	1	
2	1	
3	
3	
1	1	1	
1	1	1	
2	1	
1	1	1	
1	1	1	
3	
3	
3	
3	
1	1	1	
1	1	1	
2	1	
1	1	1	
1	1	1	
1	1	1	
1	1	1	
1	1	1	
3	
2	1	
1	1	1	
1	1	1	
2	1	
3	
3	
1	1	1	
3	
2	1	
1	1	1	
1	1	1	
2	1	
1	1	1	
1	1	1	
2	1	
2	1	
1	1	1	
1	1	1	
1	1	1	
1	1	1	
2	1	
1	1	1	
2	1	
2	1	
1	1	1	
1	1	1	
1	1	1	
2	1	
1	1	1	
3	
2	1	
2	1	
2	1	
1	1	1	
2	1	
1	1	1	
1	1	1	
2	1	
3	
1	1	1	
2	1	
2	1	
2	1	
1	1	1	
1	1	1	
2	1	
1	1	1	
1	1	1	
1	1	1	
1	1	1	
2	1	
2	1	
2	1	
1	1	1	
1	1	1	
2	1	
1	1	1	
1	1	1	
2	1	
1	1	1	
3	
3	
1	1	1	
1	1	1	
2	1	
3	
1	1	1	
2	1	
1	1	1	
2	1	
1	1	1	
2	1	
2	1	
1	1	1	
1	1	1	
1	1	1	
2	1	
2	1	
3	
1	1	1	
1	1	1	
1	1	1	
3	
1	1	1	
1	1	1	
2	1	
1	1	1	
2	1	
3	
2	1	
1	1	1	
2	1	
2	1	
1	1	1	
1	1	1	
3	
3	
1	1	1	
2	1	
2	1	
1	1	1	
2	1	
2	1	
1	1	1	
3	
2	1	
1	1	1	
3	
1	1	1	
2	1	
3	
1	1	1	
1	1	1	
1	1	1	
2	1	
2	1	
2	1	
1	1	1	
2	1	
1	1	1	
3	
2	1	
1	1	1	
1	1	1	
2	1	
1	1	1	
2	1	
1	1	1	
1	1	1	
3	
3	
3	
1	1	1	
2	1	
2	1	
1	1	1	
2	1	
1	1	1	
2	1	
1	1	1	
2	1	
3	
2	1	
2	1	
2	1	
2	1	
1	1	1	
2	1	
2	1	
3	
1	1	1	
1	1	1	
1	1	1	
3	
2	1	
2	1	
1	1	1	
1	1	1	
1	1	1	
1	1	1	
2	1	
2	1	
1	1	1	
3	
1	1	1	
2	1	
1	1	1	
3	
2	1	
3	
1	1	1	
1	1	1	
1	1	1	
2	1	
1	1	1	
1	1	1	
1	1	1	
1	1	1	
3	
1	1	1	
1	1	1	
1	1	1	
3	
1	1	1	
1	1	1	
2	1	
1	1	1	
1	1	1	
1	1	1	
1	1	1	
3	
2	1	
1	1	1	
2	1	
2	1	
1	1	1	
2	1	
1	1	1	
1	1	1	
1	1	1	
3	
2	1	
2	1	
2	1	
1	1	1	
1	1	1	
2	1	
1	1	1	
2	1	
1	1	1	
1	1	1	
2	1	
3	
1	1	1	
1	1	1	
3	
2	1	
2	1	
2	1	
2	1	
1	1	1	
1	1	1	
3	
2	1	
3	
2	1	
2	1	
2	1	
1	1	1	
2	1	
2	1	
1	1	1	
1	1	1	
1	1	1	
1	1	1	
1	1	1	
1	1	1	
2	1	
2	1	
2	1	
1	1	1	
1	1	1	
2	1	
2	1	
1	1	1	
2	1	
1	1	1	
1	1	1	
2	1	
1	1	1	
1	1	1	
2	1	
1	1	1	
1	1	1	
1	1	1	
1	1	1	
3	
3	
1	1	1	
2	1	
1	1	1	
1	1	1	
1	1	1	
2	1	
1	1	1	
1	1	1	
2	1	
1	1	1	
2	1	
3	
2	1	
1	1	1	
1	1	1	
1	1	1	
1	1	1	
3	
1	1	1	
1	1	1	
1	1	1	
3	
1	1	1	
2	1	
1	1	1	
2	1	
2	1	
1	1	1	
2	1	
2	1	
2	1	
2	1	
3	
1	1	1	
2	1	
2	1	
3	
1	1	1	
2	1	
3	
3	
3	
1	1	1	
1	1	1	
1	1	1	
2	1	
2	1	
3	
2	1	
3	
2	1	
2	1	
1	1	1	
3	
2	1	
2	1	
1	1	1	
1	1	1	
2	1	
1	1	1	
3	
2	1	
1	1	1	
2	1	
3	
2	1	
2	1	
1	1	1	
1	1	1	
1	1	1	
1	1	1	
1	1	1	
1	1	1	
1	1	1	
1	1	1	
1	1	1	
2	1	
2	1	
1	1	1	
2	1	
1	1	1	
2	1	
2	1	
1	1	1	
1	1	1	
2	1	
3	
3	
3	
1	1	1	
2	1	
3	
2	1	
2	1	
2	1	
2	1	
1	1	1	
1	1	1	
1	1	1	
1	1	1	
1	1	1	
3	
2	1	
2	1	
2	1	
2	1	
2	1	
1	1	
1	1	
1	1	
1	1	
1	1	
1	1	
1	1	
1	1	
1	1	
1	1	
2	
1	1	
1	1	
1	1	
2	
1	1	
2	
1	1	
1	1	
2	
2	
1	1	
1	1	
1	1	
1	1	
1	1	
1	1	
1	1	
1	1	
1	1	
1	1	
1	1	
1	1	
2	
1	1	
1	1	
1	1	
2	
1	1	
1	1	
2	
1	1	
1	1	
1	1	
1	1	
2	
1	1	
1	1	
1	1	
1	1	
1	1	
1	1	
2	
1	1	
1	1	
1	1	
2	
2	
2	
2	
1	1	
1	1	
1	1	
2	
2	
1	1	
2	
2	
2	
2	
1	1	
1	1	
2	
1	1	
1	1	
1	1	
2	
1	1	
1	1	
1	1	
1	1	
1	1	
1	1	
1	1	
1	1	
2	
2	
1	1	
2	
2	
1	1	
1	1	
1	1	
1	1	
1	1	
1	1	
1	1	
2	
1	1	
2	
1	1	
1	1	
2	
2	
1	1	
1	1	
1	1	
1	1	
1	1	
1	1	
2	
2	
1	1	
2	
2	
2	
2	
1	1	
2	
1	1	
1	1	
1	1	
1	1	
2	
2	
2	
1	1	
2	
1	1	
1	1	
1	1	
2	
1	1	
2	
1	1	
1	1	
2	
2	
2	
1	1	
1	1	
1	1	
1	1	
1	1	
2	
1	1	
2	
1	1	
2	
2	
1	1	
1	1	
1	1	
1	1	
1	1	
1	1	
1	1	
1	1	
2	
1	1	
1	1	
1	1	
1	1	
2	
1	1	
2	
2	
2	
1	1	
1	1	
1	1	
1	1	
2	
1	1	
1	1	
1	1	
1	1	
1	1	
1	1	
2	
1	1	
1	1	
2	
1	1	
1	1	
1	1	
1	1	
2	
2	
2	
2	
1	1	
1	1	
1	1	
1	1	
1	1	
2	
1	1	
2	
2	
1	1	
1	1	
2	
1	1	
1	1	
2	
2	
1	1	
2	
1	1	
1	1	
2	
1	1	
1	1	
1	1	
2	
2	
1	1	
2	
1	1	
2	
2	
2	
1	1	
1	1	
1	1	
1	1	
1	1	
1	1	
1	1	
2	
1	1	
1	1	
1	1	
1	1	
1	1	
2	
2	
1	1	
1	1	
2	
1	1	
1	1	
1	1	
2	
2	
1	1	
1	1	
1	1	
2	
1	1	
1	1	
2	
1	1	
2	
1	1	
1	1	
1	1	
1	1	
2	
2	
2	
1	1	
1	1	
1	1	
1	1	
1	1	
1	1	
2	
1	1	
2	
2	
1	1	
1	1	
2	
1	1	
2	
1	1	
1	1	
1	1	
2	
1	1	
2	
1	1	
2	
1	1	
1	1	
2	
1	1	
1	1	
2	
1	1	
1	1	
1	1	
1	1	
2	
1	1	
1	1	
1	1	
1	1	
2	
1	1	
1	1	
2	
1	1	
1	1	
1	1	
2	
2	
1	1	
1	1	
1	1	
1	1	
2	
1	1	
1	1	
1	1	
2	
1	1	
2	
1	1	
1	1	
2	
1	1	
1	1	
1	1	
2	
1	1	
1	1	
1	1	
1	1	
1	1	
2	
1	1	
2	
1	1	
2	
1	1	
1	1	
1	1	
2	
1	1	
1	1	
1	1	
2	
2	
2	
2	
1	1	
1	1	
1	1	
1	1	
1	1	
1	1	
1	1	
1	1	
1	1	
2	
1	1	
2	
1	1	
1	1	
1	1	
2	
1	1	
1	1	
1	1	
2	
1	1	
2	
2	
1	1	
1	1	
2	
2	
1	1	
2	
1	1	
2	
1	1	
1	1	
1	1	
2	
1	1	
1	1	
1	1	
1	1	
1	1	
1	1	
1	1	
1	1	
1	1	
1	1	
2	
2	
1	1	
1	1	
1	1	
1	1	
1	1	
1	1	
1	1	
2	
1	1	
1	1	
1	1	
1	1	
1	1	
2	
1	1	
1	1	
2	
1	1	
2	
1	1	
1	1	
2	
1	1	
1	1	
1	1	
1	1	
1	1	
1	1	
1	1	
2	
1	1	
2	
2	
1	1	
1	1	
1	1	
2	
1	1	
1	1	
1	1	
1	1	
1	1	
2	
2	
1	1	
1	1	
1	1	
2	
2	
2	
1	1	
2	
2	
1	1	
1	1	
2	
1	1	
1	1	
1	1	
2	
2	
1	1	
2	
1	1	
1	1	
1	1	
1	1	
1	1	
1	1	
1	1	
1	1	
1	1	
1	1	
1	1	
1	1	
1	1	
2	
1	1	
1	1	
2	
2	
1	1	
1	1	
2	
1	1	
1	1	
1	1	
1	1	
2	
1	1	
2	
2	
1	1	
1	1	
1	1	
1	1	
1	1	
2	
2	
1	1	
1	1	
1	1	
1	1	
1	1	
1	1	
1	1	
1	1	
2	
2	
2	
1	1	
1	1	
1	1	
1	1	
1	1	
1	1	
1	1	
1	1	
2	
2	
1	1	
2	
1	1	
1	1	
1	1	
2	
1	1	
2	
1	1	
2	
1	1	
2	
1	1	
1	1	
1	1	
1	1	
1	1	
2	
1	1	
2	
1	1	
1	1	
1	1	
1	1	
1	1	
1	1	
1	1	
2	
2	
2	
1	1	
1	1	
1	1	
1	1	
1	1	
1	1	
1	1	
1	1	
2	
1	1	
2	
1	1	
1	1	
2	
1	1	
1	1	
1	1	
1	1	
1	1	
1	1	
1	1	
1	1	
1	1	
2	
1	1	
1	1	
2	
1	1	
1	1	
1	1	
1	1	
1	1	
1	1	
2	
2	
1	1	
1	1	
2	
1	1	
1	1	
1	1	
1	1	
1	1	
1	1	
2	
2	
2	
1	1	
1	1	
1	1	
1	1	
2	
1	1	
2	
1	1	
2	
1	1	
1	1	
1	1	
1	1	
1	1	
2	
1	1	
1	1	
1	1	
1	1	
2	
1	1	
1	1	
1	1	
1	1	
2	
1	1	
1	1	
2	
2	
2	
1	1	
1	1	
2	
1	1	
1	1	
1	1	
1	1	
1	1	
2	
1	1	
2	
1	1	
1	1	
1	1	
1	1	
2	
1	1	
1	1	
1	1	
1	1	
1	1	
2	
1	1	
1	1	
1	1	
1	1	
1	1	
1	1	
2	
1	1	
2	
1	1	
1	1	
1	1	
1	1	
1	1	
1	1	
2	
1	1	
1	1	
2	
1	1	
1	1	
2	
2	
1	1	
2	
1	1	
1	1	
2	
1	1	
2	
1	1	
2	
1	1	
2	
1	1	
1	1	
1	1	
1	1	
1	1	
1	1	
1	1	
2	
1	1	
2	
1	1	
1	1	
1	1	
1	1	
1	1	
1	1	
1	1	
2	
1	1	
2	
1	1	
1	1	
2	
2	
2	
2	
1	1	
2	
1	1	
2	
1	1	
1	1	
2	
1	1	
1	1	
1	1	
2	
1	1	
2	
2	
1	1	
1	1	
1	1	
1	1	
1	1	
1	1	
2	
2	
1	1	
1	1	
1	1	
1	1	
1	1	
1	1	
2	
1	1	
1	1	
2	
1	1	
1	1	
1	1	
1	1	
2	
1	1	
2	
2	
2	
1	1	
1	1	
2	
2	
2	
1	1	
2	
1	1	
1	1	
2	
1	1	
1	1	
2	
2	
1	1	
1	1	
1	1	
1	1	
1	1	
1	1	
1	1	
2	
1	1	
1	1	
2	
1	1	
1	1	
1	1	
1	1	
1	1	
1	1	
1	1	
2	
1	1	
2	
2	
1	1	
1	1	
2	
1	1	
1	1	
2	
2	
2	
2	
2	
1	1	
1	1	
1	1	
1	1	
2	
2	
2	
1	1	
1	1	
1	1	
2	
1	1	
1	1	
1	1	
1	1	
1	1	
1	1	
2	
1	1	
1	1	
1	1	
1	1	
1	1	
1	1	
1	1	
2	
2	
1	1	
2	
2	
2	
1	1	
2	
1	1	
1	1	
1	1	
2	
2	
2	
2	
1	1	
2	
2	
1	1	
1	1	
1	1	
2	
1	1	
1	1	
2	
1	1	
2	
2	
1	1	
1	1	
1	1	
1	1	
1	1	
2	
1	1	
1	1	
1	1	
1	1	
1	1	
1	1	
2	
2	
1	1	
1	1	
1	1	
1	1	
2	
2	
1	1	
1	1	
1	1	
2	
2	
1	1	
1	1	
1	1	
1	1	
2	
1	1	
2	
2	
2	
1	1	
2	
1	1	
1	1	
2	
1	1	
1	1	
1	1	
2	
1	1	
1	1	
1	1	
1	1	
1	1	
1	1	
1	1	
1	1	
1	1	
2	
2	
1	1	
1	1	
1	1	
1	1	
1	1	
1	1	
2	
1	1	
2	
1	1	
1	1	
1	1	
1	1	
1	1	
1	1	
1	1	
1	1	
2	
1	1	
1	1	
2	
2	
2	
1	1	
1	1	
1	1	
1	1	
1	1	
1	1	
1	1	
1	1	
2	
2	
1	1	
1	1	
2	
2	
1	1	
1	1	
1	1	
1	1	
1	1	
1	1	
1	1	
2	
2	
1	1	
2	
2	
1	1	
1	1	
1	1	
2	
1	1	
2	
2	
1	1	
2	
1	1	
1	1	
2	
1	1	
1	1	
2	
2	
2	
2	
1	1	
2	
2	
2	
1	1	
2	
1	1	
1	1	
1	1	
1	1	
1	1	
1	1	
1	1	
1	1	
2	
1	1	
1	1	
1	1	
1	1	
2	
1	1	
2	
1	1	
1	1	
1	1	
2	
2	
1	1	
1	1	
2	
1	1	
1	1	
2	
1	1	
1	1	
2	
1	1	
2	
1	1	
1	1	
1	1	
2	
1	1	
1	1	
1	1	
2	
1	1	
2	
1	1	
2	
2	
1	1	
1	1	
1	1	
2	
1	1	
1	1	
1	1	
2	
1	1	
2	
1	1	
1	1	
1	1	
1	1	
1	1	
1	1	
1	1	
1	1	
2	
1	1	
2	
2	
2	
2	
2	
1	1	
2	
1	1	
1	1	
1	1	
2	
2	
2	
1	1	
2	
2	
1	1	
1	1	
1	1	
1	1	
1	1	
1	1	
1	1	
2	
1	1	
1	1	
1	1	
1	1	
1	1	
2	
2	
1	1	
2	
1	1	
1	1	
1	1	
1	1	
2	
2	
1	1	
1	1	
2	
2	
1	1	
1	1	
2	
1	1	
1	1	
2	
2	
1	1	
1	1	
1	1	
1	1	
1	1	
2	
2	
1	1	
2	
1	1	
1	1	
2	
1	1	
1	1	
2	
2	
2	
1	1	
1	1	
2	
1	1	
1	1	
1	1	
1	1	
1	1	
1	1	
2	
2	
1	1	
1	1	
2	
1	1	
2	
1	1	
1	1	
1	1	
1	1	
2	
1	1	
1	1	
1	1	
1	1	
1	1	
1	1	
1	1	
2	
2	
1	1	
1	1	
1	1	
1	1	
1	1	
2	
1	1	
1	1	
1	1	
2	
1	1	
1	1	
2	
2	
2	
1	1	
2	
1	1	
1	1	
2	
1	1	
1	1	
2	
1	1	
1	1	
1	
1	
1	
1	
1	
1	
1	
1	
1	
1	
1	
1	
1	
1	
1	
1	
1	
1	
1	
1	
1	
1	
1	
1	
1	
1	
1	
1	
1	
1	
1	
1	
1	
1	
1	
1	
1	
1	
1	
1	
1	
1	
1	
1	
1	
1	
1	
1	
1	
1	
1	
1	
1	
1	
1	
1	
1	
1	
1	
1	
1	
1	
1	
1	
1	
1	
1	
1	
1	
1	
1	
1	
1	
1	
1	
1	
1	
1	
1	
1	
1	
1	
1	
1	
1	
1	
1	
1	
1	
1	
1	
1	
1	
1	
1	
1	
1	
1	
1	
1	
1	
1	
1	
1	
1	
1	
1	
1	
1	
1	
1	
1	
1	
1	
1	
1	
1	
1	
1	
1	
1	
1	
1	
1	
1	
1	
1	
1	
1	
1	
1	
1	
1	
1	
1	
1	
1	
1	
1	
1	
1	
1	
1	
1	
1	
1	
1	
1	
1	
1	
1	
1	
1	
1	
1	
1	
1	
1	
1	
1	
1	
1	
1	
1	
1	
1	
1	
1	
1	
1	
1	
1	
1	
1	
1	
1	
1	
1	
1	
1	
1	
1	
1	
1	
1	
1	
1	
1	
1	
1	
1	
1	
1	
1	
1	
1	
1	
1	
1	
1	
1	
1	
1	
1	
1	
1	
1	
1	
1	
1	
1	
1	
1	
1	
1	
1	
1	
1	
1	
1	
1	
1	
1	
1	
1	
1	
1	
1	
1	
1	
1	
1	
1	
1	
1	
1	
1	
1	
1	
1	
1	
1	
1	
1	
1	
1	
1	
1	
1	
1	
1	
1	
1	
1	
1	
1	
1	
1	
1	
1	
1	
1	
1	
1	
1	
1	
1	
1	
1	
1	
1	
1	
1	
1	
1	
1	
1	
1	
1	
1	
1	
1	
1	
1	
1	
1	
1	
1	
1	
1	
1	
1	
1	
1	
1	
1	
1	
1	
1	
1	
1	
1	
1	
1	
1	
1	
1	
1	
1	
1	
1	
1	
1	
1	
1	
1	
1	
1	
1	
1	
1	
1	
1	
1	
1	
1	
1	
1	
1	
1	
1	
1	
1	
1	
1	
1	
1	
1	
1	
1	
1	
1	
1	
1	
1	
1	
1	
1	
1	
1	
1	
1	
1	
1	
1	
1	
1	
1	
1	
1	
1	
1	
1	
1	
1	
1	
1	
1	
1	
1	
1	
1	
1	
1	
1	
1	
1	
1	
1	
1	
1	
1	
1	
1	
1	
1	
1	
1	
1	
1	
1	
1	
1	
1	
1	
1	
1	
1	
1	
1	
1	
1	
1	
1	
1	
1	
1	
1	
1	
1	
1	
1	
1	
1	
1	
1	
1	
1	
1	
1	
1	
1	
1	
1	
1	
1	
1	
1	
1	
1	
1	
1	
1	
1	
1	
1	
1	
1	
1	
1	
1	
1	
1	
1	
1	
1	
1	
1	
1	
1	
1	
1	
1	
1	
1	
1	
1	
1	
1	
1	
1	
1	
1	
1	
1	
1	
1	
1	
1	
1	
1	
1	
1	
1	
1	
1	
1	
1	
1	
1	
1	
1	
1	
1	
1	
1	
1	
1	
1	
1	
1	
1	
1	
1	
1	
1	
1	
1	
1	
1	
1	
1	
1	
1	
1	
1	
1	
1	
1	
1	
1	
1	
1	
1	
1	
1	
1	
1	
1	
1	
1	
1	
1	
1	
1	
1	
1	
1	
1	
1	
1	
1	
1	
1	
1	
1	
1	
1	
1	
1	
1	
1	
1	
1	
1	
1	
1	
1	
1	
1	
1	
1	
1	
1	
1	
1	
1	
1	
1	
1	
1	
1	
1	
1	
1	
1	
1	
1	
1	
1	
1	
1	
1	
1	
1	
1	
1	
1	
1	
1	
1	
1	
1	
1	
1	
1	
1	
1	
1	
1	
1	
1	
1	
1	
1	
1	
1	
1	
1	
1	
1	
1	
1	
1	
1	
1	
1	
1	
1	
1	
1	
1	
1	
1	
1	
1	
1	
1	
1	
1	
1	
1	
1	
1	
1	
1	
1	
1	
1	
1	
1	
1	
1	
1	
1	
1	
1	
1	
1	
1	
1	
1	
1	
1	
1	
1	
1	
1	
1	
1	
1	
1	
1	
1	
1	
1	
1	
1	
1	
1	
1	
1	
1	
1	
1	
1	
1	
1	
1	
1	
1	
1	
1	
1	
1	
1	
1	
1	
1	
1	
1	
1	
1	
1	
1	
1	
1	
1	
1	
1	
1	
1	
1	
1	
1	
1	
1	
1	
1	
1	
1	
1	
1	
1	
1	
1	
1	
1	
1	
1	
1	
1	
1	
1	
1	
1	
1	
1	
1	
1	
1	
1	
1	
1	
1	
1	
1	
1	
1	
1	
1	
1	
1	
1	
1	
1	
1	
1	
1	
1	
1	
1	
1	
1	
1	
1	
1	
1	
1	
1	
1	
1	
1	
1	
1	
1	
1	
1	
1	
1	
1	
1	
1	
1	
1	
1	
1	
1	
1	
1	
1	
1	
1	
1	
1	
1	
1	
1	
1	
1	
1	
1	
1	
1	
1	
1	
1	
1	
1	
1	
1	
1	
1	
1	
1	
1	
1	
1	
1	
1	
1	
1	
1	
1	
1	
1	
1	
1	
1	
1	
1	
1	
1	
1	
1	
1	
1	
1	
1	
1	
1	
1	
1	
1	
1	
1	
1	
1	
1	
1	
1	
1	
1	
1	
1	
1	
1	
1	
1	
1	
1	
1	
1	
1	
1	
1	
1	
1	
1	
1	
1	
1	
1	
1	
1	
1	
1	
1	
1	
1	
1	
1	
1	
1	
1	
1	
1	
1	
1	
1	
1	
1	
1	
1	
1	
1	
1	
1	
1	
1	
1	
1	
1	
1	
1	
1	
1	
1	
1	
1	
1	
1	
1	
1	
1	
1	
1	
1	
1	
1	
1	
1	
1	
1	
1	
1	
1	
1	
1	
1	
1	
1	
1	
1	
1	
1	
1	
1	
1	
1	
1	
1	
1	
1	
1	
1	
1	
1	
1	
1	
1	
1	
1	
1	
1	
1	
1	
1	
1	
1	
1	
1	
1	
1	
1	
1	
1	
1	
1	
1	
1	
1	
1	
1	
1	
1	
1	
1	
1	
1	
1	
1	
1	
1	
1	
1	
1	
1	
1	
1	
1	
1	
1	
1	
1	
1	
1	
1	
1	
1	
1	
1	
1	
1	
1	
1	
1	
1	
1	
1	
1	
1	
1	
1	
1	
1	
1	
1	
1	
1	
1	
1	
1	
1	
1	
1	
1	
1	
1	
1	
1	
1	
1	
1	
1	
1	
1	
1	
1	
1	
1	
1	
1	
1	
1	
1	
1	
1	
1	
1	
1	
1	
1	
1	
1	
1	
1	
1	
1	
1	
1	
1	
1	
1	
1	
1	
1	
1	
1	
1	
1	
1	
1	
1	
1	
1	
1	
1	
1	
1	
1	
1	
1	
1	
1	
1	
1	
1	
1	
1	
1	
1	
1	
1	
1	
1	
1	
1	
1	
1	
1	
1	
1	
1	
1	
1	
1	
1	
1	
1	
1	
1	
1	
1	
1	
1	
1	
1	
1	
1	
1	
1	
1	
1	
1	
1	
1	
1	
1	
1	
1	
1	
1	
1	
1	
1	
1	
1	
1	
1	
1	
1	
1	
1	
1	
1	
1	
1	
1	
1	
1	
1	
1	
1	
1	
1	
1	
1	
1	
1	
1	
1	
1	
1	
1	
1	
1	
1	
1	
1	
1	
1	
1	
1	
1	
1	
1	
1	
1	
1	
1	
1	
1	
1	
1	
1	
1	
1	
1	
1	
1	
1	
1	
1	
1	
1	
1	
1	
1	
1	
1	
1	
1	
1	
1	
1	
1	
1	
1	
1	
1	
1	
1	
1	
1	
1	
1	
1	
1	
1	
1	
1	
1	
1	
1	
1	
1	
1	
1	
1	
1	
1	
1	
1	
1	
1	
1	
1	
1	
1	
1	
1	
1	
1	
1	
1	
1	
1	
1	
1	
1	
1	
1	
1	
1	
1	
1	
1	
1	
1	
1	
1	
1	
1	
1	
1	
1	
1	
1	
1	
1	
1	
1	
1	
1	
1	
1	
1	
1	
1	
1	
1	
1	
1	
1	
1	
1	
1	
1	
1	
1	
1	
1	
1	
1	
1	
1	
1	
1	
1	
1	
1	
1	
1	
1	
1	
1	
1	
1	
1	
1	
1	
1	
1	
1	
1	
1	
1	
1	
1	
1	
1	
1	
1	
1	
1	
1	
1	
1	
1	
1	
1	
1	
1	
1	
1	
1	
1	
1	
1	
1	
1	
1	
1	
1	
1	
1	
1	
1	
1	
1	
1	
1	
1	
1	
1	
1	
1	
1	
1	
1	
1	
1	
1	
1	
1	
1	
1	
1	
1	
1	
1	
1	
1	
1	
1	
1	
1	
1	
1	
1	
1	
1	
1	
1	
1	
1	
1	
1	
1	
1	
1	
1	
1	
1	
1	
1	
1	
1	
1	
1	
1	
1	
1	
1	
1	
1	
1	
1	
1	
1	
1	
1	
1	
1	
1	
1	
1	
1	
1	
1	
1	
1	
1	
1	
1	
1	
1	
1	
1	
1	
1	
1	
1	
1	
1	
1	
1	
1	
1	
1	
1	
1	
1	
1	
1	
1	
1	
1	
1	
1	
1	
1	
1	
1	
1	
1	
1	
1	
1	
1	
1	
1	
1	
1	
1	
1	
1	
1	
1	
1	
1	
1	
1	
1	
1	
1	
1	
1	
1	
1	
1	
1	
1	
1	
1	
1	
1	
1	
1	
1	
1	
1	
1	
1	
1	
1	
1	
1	
1	
1	
1	
1	
1	
1	
1	
1	
1	
1	
1	
1	
1	
1	
1	
1	
1	
1	
1	
1	
1	
1	
1	
1	
1	
1	
1	
1	
1	
1	
1	
1	
1	
1	
1	
1	
1	
1	
1	
1	
1	
1	
1	
1	
1	
1	
1	
1	
1	
1	
1	
1	
1	
1	
1	
1	
1	
1	
1	
1	
1	
1	
1	
1	
1	
1	
1	
1	
1	
1	
1	
1	
1	
1	
1	
1	
1	
1	
1	
1	
1	
1	
1	
1	
1	
1	
1	
1	
1	
1	
1	
1	
1	
1	
1	
1	
1	
1	
1	
1	
1	
1	
1	
1	
1	
1	
1	
1	
1	
1	
1	
1	
1	
1	
1	
1	
1	
1	
1	
1	
1	
1	
1	
1	
1	
1	
1	
1	
1	
1	
1	
1	
1	
1	
1	
1	
1	
1	
1	
1	
1	
1	
1	
1	
1	
1	
1	
1	
1	
1	
1	
1	
1	
1	
1	
1	
1	
1	
1	
1	
1	
1	
1	
1	
1	
1	
1	
1	
1	
1	
1	
1	
1	
1	
1	
1	
1	
1	
1	
1	
1	
1	
1	
1	
1	
1	
1	
1	
1	
1	
1	
1	
1	
1	
1	
1	
1	
1	
1	
1	
1	
1	
1	
1	
1	
1	
1	
1	
1	
1	
1	
1	
1	
1	
1	
1	
1	
1	
1	
1	
1	
1	
1	
1	
1	
1	
1	
1	
1	
1	
1	
1	
1	
1	
1	
1	
1	
1	
1	
1	
1	
1	
1	
1	
1	
1	
1	
1	
1	
1	
1	
1	
1	
1	
1	
1	
1	
1	
1	
1	
1	
1	
1	
1	
1	
1	
1	
1	
1	
1	
1	
1	
1	
1	
1	
1	
1	
1	
1	
1	
1	
1	
1	
1	
1	
1	
1	
1	
1	
1	
1	
1	
1	
1	
1	
1	
1	
1	
1	
1	
1	
1	
1	
1	
1	
1	
1	
1	
1	
1	
1	
1	
1	
1	
1	
1	
1	
1	
1	
1	
1	
1	
1	
1	
1	
1	
1	
1	
1	
1	
1	
1	
1	
1	
1	
1	
1	
1	
1	
1	
1	
1	
1	
1	
1	
1	
1	
1	
1	
1	
1	
1	
1	
1	
1	
1	
1	
1	
1	
1	
1	
1	
1	
1	
1	
1	
1	
1	
1	
1	
1	
1	
1	
1	
1	
1	
1	
1	
1	
1	
1	
1	
1	
1	
1	
1	
1	
1	
1	
1	
1	
1	
1	
1	
1	
1	
1	
1	
1	
1	
1	
1	
1	
1	
1	
1	
1	
1	
1	
1	
1	
1	
1	
1	
1	
1	
1	
1	
1	
1	
1	
1	
1	
1	
1	
1	
1	
1	
1	
1	
1	
1	
1	
1	
1	
1	
1	
1	
1	
1	
1	
1	
1	
1	
1	
1	
1	
1	
1	
1	
1	
1	
1	
1	
1	
1	
1	
1	
1	
1	
1	
1	
1	
1	
1	
1	
1	
1	
1	
1	
1	
1	
1	
1	
1	
1	
1	
1	
1	
1	
1	
1	
1	
1	
1	
1	
1	
1	
1	
1	
1	
1	
1	
1	
1	
1	
1	
1	
1	
1	
1	
1	
1	
1	
1	
1	
1	
1	
1	
1	
1	
1	
1	
1	
1	
1	
1	
1	
1	
1	
1	
1	
1	
1	
1	
1	
1	
1	
1	
1	
1	
1	
1	
1	
1	
1	
1	
1	
1	
1	
1	
1	
1	
1	
1	
1	
1	
1	
1	
1	
1	
1	
1	
1	
1	
1	
1	
1	
1	
1	
1	
1	
1	
1	
1	
1	
1	
1	
1	
1	
1	
1	
1	
1	
1	
1	
1	
1	
1	
1	
1	
1	
1	
1	
1	
1	
1	
1	
1	
1	
1	
1	
1	
1	
1	
1	
1	
1	
1	
1	
1	
1	
1	
1	
1	
1	
1	
1	
1	
1	
1	
1	
1	
1	
1	
1	
1	
1	
1	
1	
1	
1	
1	
1	
1	
1	
1	
1	
1	
1	
1	
1	
1	
1	
1	
1	
1	
1	
1	
1	
1	
1	
1	
1	
1	
1	
1	
1	
1	
1	
1	
1	
1	
1	
1	
1	
1	
1	
1	
1	
1	
1	
1	
1	
1	
1	
1	
1	
1	
1	
1	
1	
1	
1	
1	
1	
1	
1	
1	
1	
1	
1	
1	
1	
1	
1	
1	
1	
1	
1	
1	
1	
1	
1	
1	
1	
1	
1	
1	
1	
1	
1	
1	
1	
1	
1	
1	
1	
1	
1	
1	
1	
1	
1	
1	
1	
1	
1	
1	
1	
1	
1	
1	
1	
1	
1	
1	
1	
1	
1	
1	
1	
1	
1	
1	
1	
1	
1	
1	
1	
1	
1	
1	
1	
1	
1	
1	
1	
1	
1	
1	
1	
1	
1	
1	
1	
1	
1	
1	
1	
1	
1	
1	
1	
1	
1	
1	
1	
1	
1	
1	
1	
1	
1	
1	
1	
1	
1	
1	
1	
1	
1	
1	
1	
1	
1	
1	
1	
1	
1	
1	
1	
1	
1	
1	
1	
1	
1	
1	
1	
1	
1	
1	
1	
1	
1	
1	
1	
1	
1	
1	
1	
1	
1	
1	
1	
1	
1	
1	
1	
1	
1	
1	
1	
1	
1	
1	
1	
1	
1	
1	
1	
1	
1	
1	
1	
1	
1	
1	
1	
1	
1	
1	
1	
1	
1	
1	
1	
1	
1	
1	
1	
1	
1	
1	
1	
1	
1	
1	
1	
1	
1	
1	
1	
1	
1	
1	
1	
1	
1	
1	
1	
1	
1	
1	
1	
1	
1	
1	
1	
1	
1	
1	
1	
1	
1	
1	
1	
1	
1	
1	
1	
1	
1	
1	
1	
1	
1	
1	
1	
1	
1	
1	
1	
1	
1	
1	
1	
1	
1	
1	
1	
1	
1	
1	
1	
1	
1	
1	
1	
1	
1	
1	
1	
1	
1	
1	
1	
1	
1	
1	
1	
1	
1	
1	
1	
1	
1	
1	
1	
1	
1	
1	
1	
1	
1	
1	
1	
1	
1	
1	
1	
1	
1	
1	
1	
1	
1	
1	
1	
1	
1	
1	
1	
1	
1	
1	
1	
1	
1	
1	
1	
1	
1	
1	
1	
1	
1	
1	
1	
1	
1	
1	
1	
1	
1	
1	
1	
1	
1	
1	
1	
1	
1	
1	
1	
1	
1	
1	
1	
1	
1	
1	
1	
1	
1	
1	
1	
1	
1	
1	
1	
1	
1	
1	
1	
1	
1	
1	
1	
1	
1	
1	
1	
1	
1	
1	
1	
1	
1	
1	
1	
1	
1	
1	
1	
1	
1	
1	
1	
1	
1	
1	
1	
1	
1	
1	
1	
1	
1	
1	
1	
1	
1	
1	
1	
1	
1	
1	
1	
1	
1	
1	
1	
1	
1	
1	
1	
1	
1	
1	
1	
1	
1	
1	
1	
1	
1	
1	
1	
1	
1	
1	
1	
1	
1	
1	
1	
1	
1	
1	
1	
1	
1	
1	
1	
1	
1	
1	
1	
1	
1	
1	
1	
1	
1	
1	
1	
1	
1	
1	
1	
1	
1	
1	
1	
1	
1	
1	
1	
1	
1	
1	
1	
1	
1	
1	
1	
1	
1	
1	
1	
1	
1	
1	
1	
1	
1	
1	
1	
1	
1	
1	
1	
1	
1	
1	
1	
1	
1	
1	
1	
1	
1	
1	
1	
1	
1	
1	
1	
1	
1	
1	
1	
1	
1	
1	
1	
1	
1	
1	
1	
1	
1	
1	
1	
1	
1	
1	
1	
1	
1	
1	
1	
1	
1	
1	
1	
1	
1	
1	
1	
1	
1	
1	
1	
1	
1	
1	
1	
1	
1	
1	
1	
1	
1	
1	
1	
1	
1	
1	
1	
1	
1	
1	
1	
1	
1	
1	
1	
1	
1	
1	
1	
1	
1	
1	
1	
1	
1	
1	
1	
1	
1	
1	
1	
1	
1	
1	
1	
1	
1	
1	
1	
1	
1	
1	
1	
1	
1	
1	
1	
1	
1	
1	
1	
1	
1	
1	
1	
1	
1	
1	
1	
1	
1	
1	
1	
1	
1	
1	
1	
1	
1	
1	
1	
1	
1	
1	
1	
1	
1	
1	
1	
1	
1	
1	
1	
1	
1	
1	
1	
1	
1	
1	
1	
1	
1	
1	
1	
1	
1	
1	
1	
1	
1	
1	
1	
1	
1	
1	
1	
1	
1	
1	
1	
1	
1	
1	
1	
1	
1	
1	
1	
1	
1	
1	
1	
1	
1	
1	
1	
1	
1	
1	
1	
1	
1	
1	
1	
1	
1	
1	
1	
1	
1	
1	
1	
1	
1	
1	
1	
1	
1	
1	
1	
1	
1	
1	
1	
1	
1	
1	
1	
1	
1	
1	
1	
1	
1	
1	
1	
1	
1	
1	
1	
1	
1	
1	
1	
1	
1	
1	
1	
1	
1	
1	
1	
1	
1	
1	
1	
1	
1	
1	
1	
1	
1	
1	
1	
1	
1	
1	
1	
1	
1	
1	
1	
1	
1	
1	
1	
1	
1	
1	
1	
1	
1	
1	
1	
1	
1	
1	
1	
1	
1	
1	
1	
1	
1	
1	
1	
1	
1	
1	
1	
1	
1	
1	
1	
1	
1	
1	
1	
1	
1	
1	
1	
1	
1	
1	
1	
1	
1	
1	
1	
1	
1	
1	
1	
1	
1	
1	
1	
1	
1	
1	
1	
1	
1	
1	
1	
1	
1	
1	
1	
1	
1	
1	
1	
1	
1	
1	
1	
1	
1	
1	
1	
1	
1	
1	
1	
1	
1	
1	
1	
1	
1	
1	
1	
1	
1	
1	
1	
1	
1	
1	
1	
1	
1	
1	
1	
1	
1	
1	
1	
1	
1	
1	
1	
1	
1	
1	
1	
1	
1	
1	
1	
1	
1	
1	
1	
1	
1	
1	
1	
1	
1	
1	
1	
1	
1	
1	
1	
1	
1	
1	
1	
1	
1	
1	
1	
1	
1	
1	
1	
1	
1	
1	
1	
1	
1	
1	
1	
1	
1	
1	
1	
1	
1	
1	
1	
1	
1	
1	
1	
1	
1	
1	
1	
1	
1	
1	
1	
1	
1	
1	
1	
1	
1	
1	
1	
1	
1	
1	
1	
1	
1	
1	
1	
1	
1	
1	
1	
1	
1	
1	
1	
1	
1	
1	
1	
1	
1	
1	
1	
1	
1	
1	
1	
1	
1	
1	
1	
1	
1	
1	
1	
1	
1	
1	
1	
1	
1	
1	
1	
1	
1	
1	
1	
1	
1	
1	
1	
1	
1	
1	
1	
1	
1	
1	
1	
1	
1	
1	
1	
1	
1	
1	
1	
1	
1	
1	
1	
1	
1	
1	
1	
1	
1	
1	
1	
1	
1	
1	
1	
1	
1	
1	
1	
1	
1	
1	
1	
1	
1	
1	
1	
1	
1	
1	
1	
1	
1	
1	
1	
1	
1	
1	
1	
1	
1	
1	
1	
1	
1	
1	
1	
1	
1	
1	
1	
1	
1	
1	
1	
1	
1	
1	
1	
1	
1	
1	
1	
1	
1	
1	
1	
1	
1	
1	
1	
1	
1	
1	
1	
1	
1	
1	
1	
1	
1	
1	
1	
1	
1	
1	
1	
1	
1	
1	
1	
1	
1	
1	
1	
1	
1	
1	
1	
1	
1	
1	
1	
1	
1	
1	
1	
1	
1	
1	
1	
1	
1	
1	
1	
1	
1	
1	
1	
1	
1	
1	
1	
1	
1	
1	
1	
1	
1	
1	
1	
1	
1	
1	
1	
1	
1	
1	
1	
1	
1	
1	
1	
1	
1	
1	
1	
1	
1	
1	
1	
1	
1	
1	
1	
1	
1	
1	
1	
1	
1	
1	
1	
1	
1	
1	
1	
1	
1	
1	
1	
1	
1	
1	
1	
1	
1	
1	
1	
1	
1	
1	
1	
1	
1	
1	
1	
1	
1	
1	
1	
1	
1	
1	
1	
1	
1	
1	
1	
1	
1	
1	
1	
1	
1	
1	
1	
1	
1	
1	
1	
1	
1	
1	
1	
1	
1	
1	
1	
1	
1	
1	
1	
1	
1	
1	
1	
1	
1	
1	
1	
1	
1	
1	
1	
1	
1	
1	
1	
1	
1	
1	
1	
1	
1	
1	
1	
1	
1	
1	
1	
1	
1	
1	
1	
1	
1	
1	
1	
1	
1	
1	
1	
1	
1	
1	
1	
1	
1	
1	
1	
1	
1	
1	
1	
1	
1	
1	
1	
1	
1	
1	
1	
1	
1	
1	
1	
1	
1	
1	
1	
1	
1	
1	
1	
1	
1	
1	
1	
1	
1	
1	
1	
1	
1	
1	
1	
1	
1	
1	
1	
1	
1	
1	
1	
1	
1	
1	
1	
1	
1	
1	
1	
1	
1	
1	
1	
1	
1	
1	
1	
1	
1	
1	
1	
1	
1	
1	
1	
1	
1	
1	
1	
1	
1	
1	
1	
1	
1	
1	
1	
1	
1	
1	
1	
1	
1	
1	
1	
1	
1	
1	
1	
1	
1	
1	
1	
1	
1	
1	
1	
1	
1	
1	
1	
1	
1	
1	
1	
1	
1	
1	
1	
1	
1	
1	
1	
1	
1	
1	
1	
1	
1	
1	
1	
1	
1	
1	
1	
1	
1	
1	
1	
1	
1	
1	
1	
1	
1	
1	
1	
1	
1	
1	
1	
1	
1	
1	
1	
1	
1	
1	
1	
1	
1	
1	
1	
1	
1	
1	
1	
1	
1	
1	
1	
1	
1	
1	
1	
1	
1	
1	
1	
1	
1	
1	
1	
1	
1	
1	
1	
1	
1	
1	
1	
1	
1	
1	
1	
1	
1	
1	
1	
1	
1	
1	
1	
1	
1	
1	
1	
1	
1	
1	
1	
1	
1	
1	
1	
1	
1	
1	
1	
1	
1	
1	
1	
1	
1	
1	
1	
1	
1	
1	
1	
1	
1	
1	
1	
1	
1	
1	
1	
1	
1	
1	
1	
1	
1	
1	
1	
1	
1	
1	
1	
1	
1	
1	
1	
1	
1	
1	
1	
1	
1	
1	
1	
1	
1	
1	
1	
1	
1	
1	
1	
1	
1	
1	
1	
1	
1	
1	
1	
1	
1	
1	
1	
1	
1	
1	
1	
1	
1	
1	
1	
1	
1	
1	
1	
1	
1	
1	
1	
1	
1	
1	
1	
1	
1	
1	
1	
1	
1	
1	
1	
1	
1	
1	
1	
1	
1	
1	
1	
1	
1	
1	
1	
1	
1	
1	
1	
1	
1	
1	
1	
1	
1	
1	
1	
1	
1	
1	
1	
1	
1	
1	
1	
1	
1	
1	
1	
1	
1	
1	
1	
1	
1	
1	
1	
1	
1	
1	
1	
1	
1	
1	
1	
1	
1	
1	
1	
1	
1	
1	
1	
1	
1	
1	
1	
1	
1	
1	
1	
1	
1	
1	
1	
1	
1	
1	
1	
1	
1	
1	
1	
1	
1	
1	
1	
1	
1	
1	
1	
1	
1	
1	
1	
1	
1	
1	
1	
1	
1	
1	
1	
1	
1	
1	
1	
1	
1	
1	
1	
1	
1	
1	
1	
1	
1	
1	
1	
1	
1	
1	
1	
1	
1	
1	
1	
1	
1	
1	
1	
1	
1	
1	
1	
1	
1	
1	
1	
1	
1	
1	
1	
1	
1	
1	
1	
1	
1	
1	
1	
1	
1	
1	
1	
1	
1	
1	
1	
1	
1	
1	
1	
1	
1	
1	
1	
1	
1	
1	
1	
1	
1	
1	
1	
1	
1	
1	
1	
1	
1	
1	
1	
1	
1	
1	
1	
1	
1	
1	
1	
1	
1	
1	
1	
1	
1	
1	
1	
1	
1	
1	
1	
1	
1	
1	
1	
1	
1	
1	
1	
1	
1	
1	
1	
1	
1	
1	
1	
1	
1	
1	
1	
1	
1	
1	
1	
1	
1	
1	
1	
1	
1	
1	
1	
1	
1	
1	
1	
1	
1	
1	
1	
1	
1	
1	
1	
1	
1	
1	
1	
1	
1	
1	
1	
1	
1	
1	
1	
1	
1	
1	
1	
1	
1	
1	
1	
1	
1	
1	
1	
1	
1	
1	
1	
1	
1	
1	
1	
1	
1	
1	
1	
1	
1	
1	
1	
1	
1	
1	
1	
1	
1	
1	
1	
1	
1	
1	
1	
1	
1	
1	
1	
1	
1	
1	
1	
1	
1	
1	
1	
1	
1	
1	
1	
1	
1	
1	
1	
1	
1	
1	
1	
1	
1	
1	
1	
1	
1	
1	
1	
1	
1	
1	
1	
1	
1	
1	
1	
1	
1	
1	
1	
1	
1	
1	
1	
1	
1	
1	
1	
1	
1	
1	
1	
1	
1	
1	
1	
1	
1	
1	
1	
1	
1	
1	
1	
1	
1	
1	
1	
1	
1	
1	
1	
1	
1	
1	
1	
1	
1	
1	
1	
1	
1	
1	
1	
1	
1	
1	
1	
1	
1	
1	
1	
1	
1	
1	
1	
1	
1	
1	
1	
1	
1	
1	
1	
1	
1	
1	
1	
1	
1	
1	
1	
1	
1	
1	
1	
1	
1	
1	
1	
1	
1	
1	
1	
1	
1	
1	
1	
1	
1	
1	
1	
1	
1	
1	
1	
1	
1	
1	
1	
1	
1	
1	
1	
1	
1	
1	
1	
1	
1	
1	
1	
1	
1	
1	
1	
1	
1	
1	
1	
1	
1	
1	
1	
1	
1	
1	
1	
1	
1	
1	
1	
1	
1	
1	
1	
1	
1	
1	
1	
1	
1	
1	
1	
1	
1	
1	
1	
1	
1	
1	
1	
1	
1	
1	
1	
1	
1	
1	
1	
1	
1	
1	
1	
1	
1	
1	
1	
1	
1	
1	
1	
1	
1	
1	
1	
1	
1	
1	
1	
1	
1	
1	
1	
1	
1	
1	
1	
1	
1	
1	
1	
1	
1	
1	
1	
1	
1	
1	
1	
1	
1	
1	
1	
1	
1	
1	
1	
1	
1	
1	
1	
1	
1	
1	
1	
1	
1	
1	
1	
1	
1	
1	
1	
1	
1	
1	
1	
1	
1	
1	
1	
1	
1	
1	
1	
1	
1	
1	
1	
1	
1	
1	
1	
1	
1	
1	
1	
1	
1	
1	
1	
1	
1	
1	
1	
1	
1	
1	
1	
1	
1	
1	
1	
1	
1	
1	
1	
1	
1	
1	
1	
1	
1	
1	
1	
1	
1	
1	
1	
1	
1	
1	
1	
1	
1	
1	
1	
1	
1	
1	
1	
1	
1	
1	
1	
1	
1	
1	
1	
1	
1	
1	
1	
1	
1	
1	
1	
1	
1	
1	
1	
1	
1	
1	
1	
1	
1	
1	
1	
1	
1	
1	
1	
1	
1	
1	
1	
1	
1	
1	
1	
1	
1	
1	
1	
1	
1	
1	
1	
1	
1	
1	
1	
1	
1	
1	
1	
1	
1	
1	
1	
1	
1	
1	
1	
1	
1	
1	
1	
1	
1	
1	
1	
1	
1	
1	
1	
1	
1	
1	
1	
1	
1	
1	
1	
1	
1	
1	
1	
1	
1	
1	
1	
1	
1	
1	
1	
1	
1	
1	
1	
1	
1	
1	
1	
1	
1	
1	
1	
1	
1	
1	
1	
1	
1	
1	
1	
1	
1	
1	
1	
1	
1	
1	
1	
1	
1	
1	
1	
1	
1	
1	
1	
1	
1	
1	
1	
1	
1	
1	
1	
1	
1	
1	
1	
1	
1	
1	
1	
1	
1	
1	
1	
1	
1	
1	
1	
1	
1	
1	
1	
1	
1	
1	
1	
1	
1	
1	
1	
1	
1	
1	
1	
1	
1	
1	
1	
1	
1	
1	
1	
1	
1	
1	
1	
1	
1	
1	
1	
1	
1	
1	
1	
1	
1	
1	
1	
1	
1	
1	
1	
1	
1	
1	
1	
1	
1	
1	
1	
1	
1	
1	
1	
1	
1	
1	
1	
1	
1	
1	
1	
1	
1	
1	
1	
1	
1	
1	
1	
1	
1	
1	
1	
1	
1	
1	
1	
1	
1	
1	
1	
1	
1	
1	
1	
1	
1	
1	
1	
1	
1	
1	
1	
1	
1	
1	
1	
1	
1	
1	
1	
1	
1	
1	
1	
1	
1	
1	
1	
1	
1	
1	
1	
1	
1	
1	
1	
1	
1	
1	
1	
1	
1	
1	
1	
1	
1	
1	
1	
1	
1	
1	
1	
1	
1	
1	
1	
1	
