83	39	37	22	17	17	16	15	8	8	8	8	7	6	5	4	4	4	4	4	4	4	4	3	3	3	3	3	3	2	2	2	2	2	2	2	2	2	2	2	2	2	2	1	1	1	1	1	1	1	1	1	1	1	1	1	1	1	1	1	1	1	1	1	1	1	1	1	1	1	1	1	1	1	1	1	1	1	1	1	1	1	1	1	1	1	1	1	1	1	1	1	1	1	1	1	1	1	1	1	1	
28	10	8	5	5	5	5	4	4	4	3	3	2	2	2	2	2	1	1	1	1	1	1	1	1	1	1	1	1	1	
17	12	5	5	4	4	3	3	3	2	2	2	2	2	2	2	2	1	1	1	1	1	1	1	1	1	1	1	1	1	1	1	1	1	1	1	1	1	1	1	1	1	1	1	1	1	1	1	1	1	
14	10	9	8	6	5	5	5	3	3	3	2	2	2	2	2	2	1	1	1	1	1	1	1	1	1	1	1	1	1	1	1	1	1	1	1	
15	5	4	3	3	3	3	2	2	2	2	2	2	2	1	1	1	1	1	1	1	1	1	1	1	1	1	1	1	1	1	1	1	1	1	1	1	
23	6	3	3	2	2	2	2	2	2	2	2	2	1	1	1	1	1	1	1	1	1	1	1	1	1	1	1	1	1	1	
16	9	5	4	2	2	2	2	2	2	2	2	1	1	1	1	1	1	1	1	1	1	1	1	1	1	1	1	1	1	1	
21	5	3	3	3	3	2	2	2	1	1	1	1	1	1	1	1	1	1	1	1	1	1	1	1	1	1	1	1	1	1	1	1	
14	7	4	4	3	3	2	2	2	2	2	2	1	1	1	1	1	1	1	1	1	1	1	1	1	1	1	1	1	1	
16	7	4	4	3	2	2	1	1	1	1	1	1	1	1	1	1	1	1	1	1	1	1	1	1	1	1	1	1	1	1	
11	8	4	3	3	2	2	2	2	2	2	1	1	1	1	1	1	1	1	1	1	1	1	1	1	1	1	
16	4	3	2	2	2	2	2	1	1	1	1	1	1	1	1	1	1	1	1	1	1	1	1	1	1	1	1	1	1	1	
13	6	4	3	2	2	2	2	1	1	1	1	1	1	1	1	1	1	1	1	1	1	1	1	1	1	1	1	1	
13	6	4	3	3	2	2	2	2	2	1	1	1	1	1	1	1	1	1	1	1	1	1	1	1	
14	6	3	2	2	2	2	1	1	1	1	1	1	1	1	1	1	1	1	1	1	1	1	1	1	1	1	1	1	
21	5	3	2	2	2	2	1	1	1	1	1	1	1	1	1	1	1	1	1	1	1	1	
15	4	3	3	2	2	2	2	1	1	1	1	1	1	1	1	1	1	1	1	1	1	1	1	1	1	
7	3	3	3	2	2	2	2	2	1	1	1	1	1	1	1	1	1	1	1	1	1	1	1	1	1	1	1	1	1	1	
16	4	2	2	2	2	1	1	1	1	1	1	1	1	1	1	1	1	1	1	1	1	1	
9	7	2	2	2	2	2	2	1	1	1	1	1	1	1	1	1	1	1	1	1	1	1	1	
12	3	2	2	2	1	1	1	1	1	1	1	1	1	1	1	1	1	1	1	1	1	1	1	1	1	1	
12	7	6	2	2	1	1	1	1	1	1	1	1	1	1	1	1	1	
12	5	3	3	2	1	1	1	1	1	1	1	1	1	1	1	1	1	1	
10	3	2	2	2	2	2	2	1	1	1	1	1	1	1	1	1	1	1	1	1	
10	6	4	3	2	2	2	2	1	1	1	1	1	
9	5	4	2	2	2	2	1	1	1	1	1	1	1	1	1	1	
15	2	2	2	1	1	1	1	1	1	1	1	1	1	1	1	1	1	1	
10	2	2	2	1	1	1	1	1	1	1	1	1	1	1	1	1	1	1	1	1	
6	4	4	3	2	2	1	1	1	1	1	1	1	1	1	1	1	
15	3	3	3	2	1	1	1	1	
28	1	
10	3	2	2	1	1	1	1	1	1	1	1	1	1	1	1	
5	5	4	3	3	1	1	1	1	1	1	1	1	
10	3	3	3	2	2	1	1	1	1	1	
5	5	3	3	3	2	1	1	1	1	1	1	1	
5	4	4	3	2	1	1	1	1	1	1	1	1	1	1	
8	4	3	1	1	1	1	1	1	1	1	1	1	1	1	
24	1	
4	3	3	3	2	1	1	1	1	1	1	1	1	1	1	
9	2	1	1	1	1	1	1	1	1	1	1	1	1	1	
8	2	2	2	2	1	1	1	1	1	1	1	
2	2	2	2	1	1	1	1	1	1	1	1	1	1	1	1	1	1	1	
8	2	1	1	1	1	1	1	1	1	1	1	1	1	1	
5	5	4	1	1	1	1	1	1	
7	4	1	1	1	1	1	1	1	1	1	
5	1	1	1	1	1	1	1	1	1	1	1	1	1	
8	4	2	1	1	1	1	
3	2	1	1	1	1	1	1	1	1	1	1	1	1	1	
9	4	2	1	1	1	
5	5	4	1	1	1	
12	1	1	1	1	
3	2	1	1	1	1	1	1	1	1	1	1	1	
4	2	1	1	1	1	1	1	1	1	1	
4	2	1	1	1	1	1	1	1	1	1	
3	2	2	1	1	1	1	1	1	1	1	
5	2	2	2	1	1	1	1	
5	3	1	1	1	1	1	1	1	
2	2	1	1	1	1	1	1	1	1	1	1	
4	2	1	1	1	1	1	1	1	1	
5	2	2	2	1	1	1	
2	2	2	1	1	1	1	1	1	1	1	
2	2	2	2	1	1	1	1	1	1	
4	4	2	1	1	1	
3	1	1	1	1	1	1	1	1	1	
3	3	2	1	1	1	1	
11	
4	1	1	1	1	1	1	1	
4	1	1	1	1	1	1	1	
3	2	2	1	1	1	1	
10	
4	3	1	1	1	
9	
2	1	1	1	1	1	1	1	
2	2	2	1	1	1	
4	2	2	1	
2	2	1	1	1	1	1	
2	1	1	1	1	1	1	1	
3	2	1	1	1	
2	2	1	1	1	1	
2	1	1	1	1	1	1	
4	2	1	1	
6	1	1	
4	2	1	
2	1	1	1	1	1	
2	1	1	1	1	1	
4	2	1	
1	1	1	1	1	1	1	
2	1	1	1	1	
6	
2	1	1	1	1	
2	1	1	1	1	
4	1	1	
3	1	1	1	
4	1	
1	1	1	1	1	
2	1	1	1	
1	1	1	1	1	
1	1	1	1	1	
3	1	1	
1	1	1	1	1	
2	1	1	1	
2	1	1	1	
5	
1	1	1	1	
1	1	1	1	
1	1	1	1	
1	1	1	1	
3	1	
1	1	1	1	
1	1	1	1	
1	1	1	1	
1	1	1	1	
2	2	
1	1	1	1	
3	1	
1	1	1	1	
4	
4	
1	1	1	
2	1	
1	1	1	
1	1	1	
2	1	
2	1	
1	1	1	
1	1	1	
2	1	
1	1	1	
1	1	1	
1	1	1	
1	1	1	
1	1	1	
1	1	1	
2	1	
1	1	
1	1	
1	1	
1	1	
1	1	
1	1	
1	1	
1	1	
1	1	
1	1	
1	1	
1	1	
1	1	
2	
1	1	
1	1	
1	1	
1	1	
1	1	
1	1	
1	1	
1	1	
2	
2	
1	1	
1	1	
2	
1	1	
1	1	
1	1	
1	1	
1	1	
1	1	
2	
1	1	
1	1	
1	1	
1	1	
1	1	
1	1	
1	1	
1	1	
1	
1	
1	
1	
1	
1	
1	
1	
1	
1	
1	
1	
1	
1	
1	
1	
1	
1	
1	
1	
1	
1	
1	
1	
1	
1	
1	
1	
1	
1	
1	
1	
1	
1	
1	
1	
1	
1	
1	
1	
1	
1	
1	
1	
1	
1	
1	
1	
1	
1	
1	
1	
1	
1	
1	
1	
1	
1	
1	
1	
1	
1	
1	
1	
1	
1	
1	
1	
1	
1	
1	
1	
1	
1	
1	
1	
1	
1	
1	
1	
1	
1	
1	
1	
1	
1	
1	
1	
1	
1	
1	
1	
1	
1	
1	
1	
1	
1	
1	
1	
1	
1	
1	
1	
1	
1	
1	
1	
1	
