333	55	37	31	27	25	25	24	23	23	23	23	21	19	19	19	18	18	18	17	17	16	15	14	14	12	12	11	10	10	9	9	9	9	9	9	9	9	8	8	8	8	8	8	8	7	7	7	7	7	7	7	7	7	7	6	6	6	6	6	6	6	6	6	5	5	5	5	5	5	5	5	5	5	5	5	5	5	5	5	5	5	5	4	4	4	4	4	4	4	4	4	4	4	4	4	4	4	4	4	4	4	4	4	4	4	4	4	4	4	4	4	4	4	4	4	4	3	3	3	3	3	3	3	3	3	3	3	3	3	3	3	3	3	3	3	3	3	3	3	3	3	3	3	3	3	3	3	3	3	3	3	3	3	3	3	3	3	3	3	3	3	3	3	3	3	3	3	3	3	3	3	3	2	2	2	2	2	2	2	2	2	2	2	2	2	2	2	2	2	2	2	2	2	2	2	2	2	2	2	2	2	2	2	2	2	2	2	2	2	2	2	2	2	2	2	2	2	2	2	2	2	2	2	2	2	2	2	2	2	2	2	2	2	2	2	2	2	2	2	2	2	2	2	2	2	2	2	2	2	2	2	2	2	2	2	2	2	2	2	2	2	2	2	2	2	2	2	2	2	2	2	2	2	2	2	2	2	2	2	2	2	2	2	2	2	2	2	2	2	2	2	1	1	1	1	1	1	1	1	1	1	1	1	1	1	1	1	1	1	1	1	1	1	1	1	1	1	1	1	1	1	1	1	1	1	1	1	1	1	1	1	1	1	1	1	1	1	1	1	1	1	1	1	1	1	1	1	1	1	1	1	1	1	1	1	1	1	1	1	1	1	1	1	1	1	1	1	1	1	1	1	1	1	1	1	1	1	1	1	1	1	1	1	1	1	1	1	1	1	1	1	1	1	1	1	1	1	1	1	1	1	1	1	1	1	1	1	1	1	1	1	1	1	1	1	1	1	1	1	1	1	1	1	1	1	1	1	1	1	1	1	1	1	1	1	1	1	1	1	1	1	1	1	1	1	1	1	1	1	1	1	1	1	1	1	1	1	1	1	1	1	1	1	1	1	1	1	1	1	1	1	1	1	1	1	1	1	1	1	1	1	1	1	1	1	1	1	1	1	1	1	1	1	1	1	1	1	1	1	1	1	1	1	1	1	1	1	1	1	1	1	1	1	1	1	1	1	1	1	1	1	1	1	1	1	1	1	1	1	1	1	1	1	1	1	1	1	1	1	1	1	1	1	1	1	1	1	1	1	1	1	1	1	1	1	1	1	1	1	1	1	1	1	1	1	1	1	1	1	1	1	1	1	1	1	1	1	1	1	1	1	1	1	1	1	1	1	1	1	1	1	1	1	1	1	1	1	1	1	1	1	1	1	1	1	1	1	1	1	1	1	1	1	1	1	1	1	1	1	1	1	1	1	1	1	1	1	1	1	1	1	1	1	1	1	1	1	1	1	1	1	1	1	1	1	1	1	1	1	1	1	1	1	1	1	1	1	1	1	1	1	1	1	1	1	1	1	1	1	1	1	1	1	1	1	1	1	1	1	1	1	1	1	1	1	1	1	1	1	1	1	1	1	1	1	1	1	
377	66	60	47	41	27	24	21	20	17	17	16	14	13	13	13	13	12	11	11	11	11	11	10	9	9	8	8	7	7	7	7	7	6	6	6	6	6	6	6	5	5	5	5	5	5	4	4	4	4	4	4	4	3	3	3	3	3	3	3	3	3	3	3	3	3	2	2	2	2	2	2	2	2	2	2	2	2	2	2	2	2	2	2	2	2	2	2	2	2	2	2	2	2	2	2	2	2	1	1	1	1	1	1	1	1	1	1	1	1	1	1	1	1	1	1	1	1	1	1	1	1	1	1	1	1	1	1	1	1	1	1	1	1	1	1	1	1	1	1	1	1	1	1	1	1	1	1	1	1	1	1	1	1	1	1	1	1	1	1	1	1	1	1	1	1	1	1	1	1	1	1	1	1	1	1	1	1	1	1	1	1	1	1	1	1	1	1	1	1	1	1	1	1	1	1	1	1	1	1	1	1	1	1	1	1	1	1	1	1	1	1	1	1	1	1	1	1	1	1	1	1	1	1	1	1	1	1	1	1	1	1	1	1	1	1	1	1	1	1	1	1	1	1	1	1	1	1	1	
30	28	20	19	13	12	11	11	11	9	9	9	8	8	8	8	7	7	7	7	7	7	7	6	6	6	6	6	6	6	6	6	5	5	5	5	5	5	5	5	5	5	5	5	4	4	4	4	4	4	4	4	4	4	4	4	4	4	4	4	4	3	3	3	3	3	3	3	3	3	3	3	3	3	3	3	3	3	3	3	3	3	3	3	3	3	3	3	3	3	3	3	3	3	3	2	2	2	2	2	2	2	2	2	2	2	2	2	2	2	2	2	2	2	2	2	2	2	2	2	2	2	2	2	2	2	2	2	2	2	2	2	2	2	2	2	2	2	2	2	2	2	2	2	2	2	2	2	2	1	1	1	1	1	1	1	1	1	1	1	1	1	1	1	1	1	1	1	1	1	1	1	1	1	1	1	1	1	1	1	1	1	1	1	1	1	1	1	1	1	1	1	1	1	1	1	1	1	1	1	1	1	1	1	1	1	1	1	1	1	1	1	1	1	1	1	1	1	1	1	1	1	1	1	1	1	1	1	1	1	1	1	1	1	1	1	1	1	1	1	1	1	1	1	1	1	1	1	1	1	1	1	1	1	1	1	1	1	1	1	1	1	1	1	1	1	1	1	1	1	1	1	1	1	1	1	1	1	1	1	1	1	1	1	1	1	1	1	1	1	1	1	1	1	1	1	1	1	1	1	1	1	1	1	1	1	1	1	1	1	1	1	1	1	1	1	1	1	1	1	1	1	1	1	1	1	1	1	1	1	1	1	1	1	1	1	1	1	1	1	1	1	1	1	1	1	1	1	1	1	1	1	1	
352	44	32	21	18	17	16	13	12	12	11	10	10	10	8	8	7	7	6	6	6	5	5	4	4	4	4	4	3	3	3	3	3	3	3	3	3	3	3	3	3	2	2	2	2	2	2	2	2	2	2	2	2	2	2	2	2	2	2	2	2	2	2	2	2	2	1	1	1	1	1	1	1	1	1	1	1	1	1	1	1	1	1	1	1	1	1	1	1	1	1	1	1	1	1	1	1	1	1	1	1	1	1	1	1	1	1	1	1	1	1	1	1	1	1	1	1	1	1	1	1	1	1	1	1	1	1	1	1	1	1	1	1	1	1	1	1	1	1	1	1	1	1	1	1	1	1	1	1	1	1	1	1	1	1	1	1	1	1	1	1	1	1	1	1	
273	28	25	24	16	14	13	10	9	8	8	8	8	7	7	7	5	5	5	5	5	5	4	4	4	4	4	4	4	3	3	3	3	3	3	3	3	3	3	2	2	2	2	2	2	2	2	2	2	2	2	2	2	2	2	2	2	2	2	2	2	2	2	2	2	2	2	1	1	1	1	1	1	1	1	1	1	1	1	1	1	1	1	1	1	1	1	1	1	1	1	1	1	1	1	1	1	1	1	1	1	1	1	1	1	1	1	1	1	1	1	1	1	1	1	1	1	1	1	1	1	1	1	1	1	1	1	1	1	1	1	1	1	1	1	1	1	1	1	1	1	1	1	1	1	1	1	1	1	1	1	1	1	1	1	1	1	1	1	1	1	1	1	1	1	1	1	1	1	1	1	1	1	1	1	1	1	1	1	1	1	1	1	1	1	1	1	1	1	1	1	1	1	1	1	1	1	1	1	1	1	1	1	1	1	1	1	1	1	1	1	1	1	1	1	1	1	1	
29	24	21	20	20	20	20	19	19	18	17	17	16	16	14	13	12	11	11	11	11	11	10	10	10	8	7	7	5	5	4	4	4	4	4	3	3	3	3	3	3	2	2	2	2	2	2	2	2	2	2	2	1	1	1	1	1	1	1	1	1	1	1	1	1	1	1	1	1	1	1	1	1	1	1	1	1	1	1	1	1	1	1	1	1	1	1	1	1	1	
111	24	22	15	12	10	9	8	7	6	6	6	6	5	5	5	5	4	4	4	4	4	4	4	4	4	3	3	3	3	3	3	3	3	2	2	2	2	2	2	2	2	2	2	2	2	2	2	2	2	2	2	2	2	2	2	2	2	2	1	1	1	1	1	1	1	1	1	1	1	1	1	1	1	1	1	1	1	1	1	1	1	1	1	1	1	1	1	1	1	1	1	1	1	1	1	1	1	1	1	1	1	1	1	1	1	1	1	1	1	1	1	1	1	1	1	1	1	1	1	1	1	1	1	1	1	1	1	1	1	1	1	1	1	1	1	1	1	1	1	1	1	1	1	1	1	1	1	1	1	1	1	1	1	1	1	1	1	1	1	1	1	1	1	1	1	1	1	1	1	1	1	1	1	1	1	1	1	1	1	1	1	1	1	1	1	
49	32	24	20	19	19	17	17	16	15	15	13	10	9	9	8	6	6	5	5	5	4	4	4	4	4	3	3	3	3	3	3	2	2	2	2	2	2	2	2	2	2	2	2	2	2	2	2	2	2	2	1	1	1	1	1	1	1	1	1	1	1	1	1	1	1	1	1	1	1	1	1	1	1	1	1	1	1	1	1	1	1	1	1	1	1	1	1	1	1	1	1	1	1	1	1	1	1	1	1	1	1	1	1	1	1	1	1	1	1	1	1	1	1	1	1	1	1	1	1	1	1	1	1	1	1	
93	57	44	38	20	12	12	10	6	5	5	5	5	5	4	3	3	2	2	2	2	2	2	2	2	2	1	1	1	1	1	1	1	1	1	1	1	1	1	1	1	1	1	1	1	1	1	1	1	1	1	1	1	1	1	1	1	1	1	1	1	1	1	1	1	1	1	1	1	1	
106	18	16	13	13	10	8	6	6	4	4	4	4	4	4	3	3	2	2	2	2	2	2	1	1	1	1	1	1	1	1	1	1	1	1	1	1	
61	26	17	6	5	5	4	4	4	4	4	3	3	3	3	3	3	2	2	2	2	2	2	2	2	2	2	2	2	2	2	1	1	1	1	1	1	1	1	1	1	1	1	1	1	1	1	1	1	1	1	1	1	1	1	1	1	1	1	1	1	1	1	1	1	1	1	1	1	1	1	1	1	1	1	1	1	1	1	1	1	1	1	1	1	1	1	1	1	1	1	1	
80	14	11	9	8	6	5	5	5	4	4	4	4	3	3	2	2	2	2	2	2	2	2	2	2	2	2	2	1	1	1	1	1	1	1	1	1	1	1	1	1	1	1	1	1	1	1	1	1	1	1	1	1	1	1	1	1	1	1	1	1	1	1	1	1	1	1	1	1	1	1	1	1	1	1	1	1	1	1	1	1	1	
14	12	11	9	9	7	7	6	5	4	4	4	4	4	4	3	3	3	3	3	3	3	3	3	2	2	2	2	2	2	2	2	2	2	2	2	2	2	2	2	2	2	2	2	2	2	2	1	1	1	1	1	1	1	1	1	1	1	1	1	1	1	1	1	1	1	1	1	1	1	1	1	1	1	1	1	1	1	1	1	1	1	1	1	1	1	1	1	1	1	1	1	1	1	1	1	1	1	1	1	1	1	1	1	1	1	1	1	1	1	1	1	1	1	1	
31	28	23	18	12	10	9	6	5	5	5	4	4	3	3	3	2	2	2	2	2	2	2	2	2	2	2	2	1	1	1	1	1	1	1	1	1	1	1	1	1	1	1	1	1	1	1	1	1	1	1	1	1	1	1	1	1	1	1	1	1	1	1	1	1	1	1	1	1	1	1	1	1	1	1	1	1	1	1	
62	56	9	8	7	7	7	5	5	5	4	4	4	3	3	3	3	2	2	2	2	2	1	1	1	1	1	1	1	1	1	1	1	1	1	1	1	1	1	1	1	1	1	1	1	1	1	1	1	1	1	1	1	1	1	
62	18	18	13	11	8	6	6	6	6	5	4	2	2	2	2	2	2	2	2	2	2	2	2	2	1	1	1	1	1	1	1	1	1	1	1	1	1	1	1	1	1	1	1	1	1	1	1	1	1	1	1	1	1	1	1	1	1	1	1	1	1	1	1	1	1	
39	23	20	10	10	9	7	6	3	3	3	3	2	2	2	2	2	2	2	2	2	2	2	2	2	2	2	1	1	1	1	1	1	1	1	1	1	1	1	1	1	1	1	1	1	1	1	1	1	1	1	1	1	1	1	1	1	1	1	1	1	1	1	1	1	1	1	1	1	1	1	1	1	1	1	1	1	1	1	1	1	1	1	1	
21	12	12	7	6	6	5	5	4	4	4	4	3	3	3	3	3	3	3	3	2	2	2	2	2	2	2	2	2	2	2	2	2	2	2	1	1	1	1	1	1	1	1	1	1	1	1	1	1	1	1	1	1	1	1	1	1	1	1	1	1	1	1	1	1	1	1	1	1	1	1	1	1	1	1	1	1	1	1	1	1	1	1	1	1	1	1	1	1	1	1	1	1	1	1	1	1	1	1	1	1	1	1	1	1	1	1	1	
12	11	8	8	7	6	5	5	5	4	4	4	4	3	3	3	3	3	3	3	3	2	2	2	2	2	2	2	2	2	2	2	2	2	2	2	2	2	2	2	2	1	1	1	1	1	1	1	1	1	1	1	1	1	1	1	1	1	1	1	1	1	1	1	1	1	1	1	1	1	1	1	1	1	1	1	1	1	1	1	1	1	1	1	1	1	1	1	1	1	1	1	1	1	1	1	1	1	1	1	1	1	1	1	1	1	1	1	1	1	
35	27	21	13	12	5	4	3	3	3	3	3	3	2	2	2	2	2	2	2	2	2	2	2	2	1	1	1	1	1	1	1	1	1	1	1	1	1	1	1	1	1	1	1	1	1	1	1	1	1	1	1	1	1	1	1	1	1	1	1	1	1	1	1	1	
44	35	7	6	5	5	4	4	3	3	3	3	2	2	2	2	2	2	2	2	2	2	2	1	1	1	1	1	1	1	1	1	1	1	1	1	1	1	1	1	1	1	1	1	1	1	1	1	1	1	1	1	1	1	1	1	1	1	1	1	1	1	1	1	1	1	1	1	1	1	1	1	
12	9	8	8	6	6	5	4	4	4	4	4	4	3	3	3	3	2	2	2	2	2	2	2	2	2	2	2	2	2	2	1	1	1	1	1	1	1	1	1	1	1	1	1	1	1	1	1	1	1	1	1	1	1	1	1	1	1	1	1	1	1	1	1	1	1	1	1	1	1	1	1	1	1	1	1	1	1	1	1	1	1	1	1	1	1	1	1	1	1	1	1	1	1	1	1	1	1	1	1	1	1	1	1	
34	24	13	9	7	6	6	5	5	4	4	3	3	2	2	2	2	2	2	2	2	1	1	1	1	1	1	1	1	1	1	1	1	1	1	1	1	1	1	1	1	1	1	1	1	1	1	1	1	1	1	1	1	1	1	1	1	1	1	1	1	1	1	1	1	1	
22	6	5	4	4	4	4	4	3	3	3	3	3	3	3	3	2	2	2	2	2	2	2	2	2	2	2	2	2	2	2	1	1	1	1	1	1	1	1	1	1	1	1	1	1	1	1	1	1	1	1	1	1	1	1	1	1	1	1	1	1	1	1	1	1	1	1	1	1	1	1	1	1	1	1	1	1	1	1	1	1	1	1	1	1	1	1	1	1	1	1	1	1	1	1	1	1	1	1	1	1	1	
55	11	10	6	6	6	5	5	5	4	3	3	2	2	2	2	2	2	2	2	2	1	1	1	1	1	1	1	1	1	1	1	1	1	1	1	1	1	1	1	1	1	1	1	1	1	1	1	1	1	1	1	1	1	1	1	1	1	
42	14	12	8	5	5	4	4	4	3	3	3	3	2	2	2	2	2	2	2	2	2	1	1	1	1	1	1	1	1	1	1	1	1	1	1	1	1	1	1	1	1	1	1	1	1	1	1	1	1	1	1	1	1	1	1	1	1	1	1	1	1	
83	12	11	5	5	4	4	3	3	3	3	2	2	2	2	1	1	1	1	1	1	1	1	1	1	1	1	1	1	1	
36	18	5	5	5	3	3	3	3	3	3	2	2	2	2	2	2	2	2	2	1	1	1	1	1	1	1	1	1	1	1	1	1	1	1	1	1	1	1	1	1	1	1	1	1	1	1	1	1	1	1	1	1	1	1	1	1	1	1	1	1	1	1	1	1	1	1	
66	6	4	4	4	3	3	3	3	3	3	2	2	2	2	2	2	1	1	1	1	1	1	1	1	1	1	1	1	1	1	1	1	1	1	1	1	1	1	1	1	1	1	1	1	1	1	1	1	1	1	1	1	1	
48	15	13	9	7	5	3	3	3	2	2	2	2	2	2	1	1	1	1	1	1	1	1	1	1	1	1	1	1	1	1	1	
45	5	5	4	4	4	4	3	3	3	2	2	2	2	2	2	2	2	2	2	1	1	1	1	1	1	1	1	1	1	1	1	1	1	1	1	1	1	1	1	1	1	1	1	1	1	1	1	1	1	
17	16	15	11	9	8	7	7	6	5	3	2	2	1	1	1	1	1	1	1	1	1	
32	11	10	8	5	5	4	3	3	2	2	2	2	2	2	2	1	1	1	1	1	1	1	1	1	1	1	1	1	1	1	1	1	1	1	1	1	
24	12	11	4	3	3	3	3	3	2	2	2	2	2	2	1	1	1	1	1	1	1	1	1	1	1	1	1	1	1	1	1	1	1	1	1	1	1	1	1	1	1	1	1	1	1	1	
35	12	7	6	3	3	2	2	2	2	2	2	2	1	1	1	1	1	1	1	1	1	1	1	1	1	1	1	1	1	1	1	1	
6	4	4	3	3	3	2	2	2	2	2	2	2	2	2	2	1	1	1	1	1	1	1	1	1	1	1	1	1	1	1	1	1	1	1	1	1	1	1	1	1	1	1	1	1	1	1	1	1	1	1	1	1	1	1	1	1	1	1	1	1	1	1	1	1	1	1	1	1	1	
23	16	13	9	7	4	4	2	2	2	1	1	1	1	1	1	1	1	1	1	1	1	1	1	
24	21	17	3	2	2	2	1	1	1	1	1	1	1	1	1	1	1	1	1	1	1	1	1	1	
20	11	6	4	4	4	4	3	2	2	2	2	2	2	1	1	1	1	1	1	1	1	1	
17	16	9	5	4	2	2	2	2	2	1	1	1	1	1	1	1	1	1	1	1	1	1	1	1	
11	4	4	4	3	3	3	2	2	2	2	2	2	1	1	1	1	1	1	1	1	1	1	1	1	1	1	1	1	1	1	1	1	1	1	1	1	1	1	1	1	1	
39	12	4	3	2	2	2	1	1	1	1	1	1	
13	9	7	4	4	3	3	3	2	2	2	1	1	1	1	1	1	1	1	1	1	1	1	1	1	1	1	
9	5	4	4	4	3	2	2	2	2	2	2	1	1	1	1	1	1	1	1	1	1	1	1	1	1	1	1	1	1	1	1	1	1	1	1	1	1	1	
42	7	3	3	2	2	1	1	1	1	1	1	1	
11	6	4	3	3	3	2	2	2	2	2	2	2	1	1	1	1	1	1	1	1	1	1	1	1	1	1	1	1	1	1	1	
8	5	3	3	3	2	2	2	2	2	1	1	1	1	1	1	1	1	1	1	1	1	1	1	1	1	1	1	1	1	1	1	1	1	1	1	1	1	1	1	
16	15	13	3	3	2	1	1	1	1	1	1	
13	7	5	3	3	3	3	2	1	1	1	1	1	1	1	1	1	1	1	1	1	1	1	1	1	1	
39	6	2	2	1	1	1	1	1	1	1	1	
10	10	10	7	4	3	1	1	1	1	1	1	1	1	1	1	1	
30	6	3	2	1	1	1	1	1	1	1	
9	5	5	4	3	3	2	2	2	1	1	1	1	1	1	1	1	1	1	1	1	1	
27	4	4	3	2	2	2	1	1	1	1	
6	5	4	4	3	3	2	2	1	1	1	1	1	1	1	1	1	1	1	1	1	1	1	1	1	1	
11	9	4	3	2	2	2	2	1	1	1	1	1	1	1	1	1	1	1	
16	6	3	2	2	2	1	1	1	1	1	1	1	1	1	1	1	1	1	1	1	
15	6	4	3	3	2	2	2	1	1	1	1	1	1	1	1	
32	2	1	1	1	1	1	1	1	1	1	
23	7	6	2	1	1	1	1	
3	2	2	2	1	1	1	1	1	1	1	1	1	1	1	1	1	1	1	1	1	1	1	1	1	1	1	1	1	1	1	1	1	1	1	1	1	
5	5	4	3	3	2	2	2	2	1	1	1	1	1	1	1	1	1	1	1	1	1	1	
6	5	3	2	2	2	2	2	2	2	1	1	1	1	1	1	1	1	1	1	1	1	1	1	
8	4	4	3	3	3	1	1	1	1	1	1	1	1	1	1	1	1	1	1	1	1	
12	10	3	3	3	2	2	1	1	1	1	1	
25	3	2	2	1	1	1	1	1	1	1	1	
35	1	1	1	1	
22	2	2	1	1	1	1	1	1	1	1	1	1	1	1	1	
6	4	3	3	2	2	2	2	2	1	1	1	1	1	1	1	1	1	1	1	1	1	
5	5	3	3	3	2	2	1	1	1	1	1	1	1	1	1	1	1	1	1	1	1	
3	2	2	2	1	1	1	1	1	1	1	1	1	1	1	1	1	1	1	1	1	1	1	1	1	1	1	1	1	1	1	1	1	
14	7	6	2	1	1	1	1	1	1	1	1	1	
16	3	2	2	1	1	1	1	1	1	1	1	1	1	1	1	1	1	
22	5	2	1	1	1	1	1	1	1	
8	4	2	2	2	2	2	1	1	1	1	1	1	1	1	1	1	1	1	1	
6	2	2	2	2	2	1	1	1	1	1	1	1	1	1	1	1	1	1	1	1	1	1	1	1	
32	3	
10	6	4	2	2	2	1	1	1	1	1	1	1	1	
16	6	2	2	2	1	1	1	1	1	1	
4	4	3	2	2	2	1	1	1	1	1	1	1	1	1	1	1	1	1	1	1	1	1	
7	6	4	3	3	2	1	1	1	1	1	1	1	1	1	
4	2	2	2	2	1	1	1	1	1	1	1	1	1	1	1	1	1	1	1	1	1	1	1	1	1	
7	6	3	3	2	1	1	1	1	1	1	1	1	1	1	1	1	
21	3	2	1	1	1	1	1	1	
16	5	3	3	1	1	1	1	1	
6	4	4	3	2	2	1	1	1	1	1	1	1	1	1	1	
5	4	2	2	2	2	2	1	1	1	1	1	1	1	1	1	1	1	
5	2	2	2	1	1	1	1	1	1	1	1	1	1	1	1	1	1	1	1	1	1	
21	2	1	1	1	1	1	
2	2	2	1	1	1	1	1	1	1	1	1	1	1	1	1	1	1	1	1	1	1	1	1	1	
1	1	1	1	1	1	1	1	1	1	1	1	1	1	1	1	1	1	1	1	1	1	1	1	1	1	1	
6	5	3	3	2	1	1	1	1	1	1	1	1	
3	2	2	2	1	1	1	1	1	1	1	1	1	1	1	1	1	1	1	1	1	1	
6	3	3	2	2	1	1	1	1	1	1	1	1	1	1	1	
5	3	3	1	1	1	1	1	1	1	1	1	1	1	1	1	1	1	
7	4	4	2	2	1	1	1	1	1	1	1	
14	6	3	2	1	
5	2	2	1	1	1	1	1	1	1	1	1	1	1	1	1	1	1	1	1	
3	3	3	2	2	2	2	1	1	1	1	1	1	1	1	1	
6	3	2	2	2	2	1	1	1	1	1	1	1	1	
5	5	3	3	3	1	1	1	1	1	1	
2	2	1	1	1	1	1	1	1	1	1	1	1	1	1	1	1	1	1	1	1	1	1	
13	3	3	2	1	1	1	
8	5	5	1	1	1	1	1	
9	4	2	2	2	1	1	1	1	
7	6	4	3	2	1	
7	3	2	2	1	1	1	1	1	1	1	1	
9	3	2	2	1	1	1	1	1	1	
7	3	2	2	1	1	1	1	1	1	1	1	
11	9	1	1	
12	6	4	
4	4	2	2	1	1	1	1	1	1	1	1	1	1	
6	6	4	3	1	1	1	
5	3	3	2	2	1	1	1	1	1	1	1	
20	2	
19	1	1	
8	3	3	2	2	1	1	1	
3	3	2	1	1	1	1	1	1	1	1	1	1	1	1	1	
7	3	3	2	2	1	1	1	1	
7	4	1	1	1	1	1	1	1	1	1	
3	3	2	2	1	1	1	1	1	1	1	1	1	1	
6	5	2	2	2	1	1	1	
6	2	2	2	2	1	1	1	1	1	1	
6	4	3	1	1	1	1	1	1	
9	7	3	
8	6	2	1	1	1	
14	1	1	1	1	
5	3	2	2	2	1	1	1	1	
6	4	3	1	1	1	1	1	
8	3	2	1	1	1	1	1	
3	2	2	1	1	1	1	1	1	1	1	1	1	1	
6	3	1	1	1	1	1	1	1	1	1	
2	1	1	1	1	1	1	1	1	1	1	1	1	1	1	1	
8	6	1	1	1	
3	2	1	1	1	1	1	1	1	1	1	1	1	1	
12	2	2	1	
8	5	4	
6	3	2	1	1	1	1	1	1	
4	3	2	2	1	1	1	1	1	1	
3	2	2	2	1	1	1	1	1	1	1	1	
10	2	1	1	1	1	
13	2	1	
12	2	1	1	
4	2	2	2	1	1	1	1	1	1	
3	2	2	1	1	1	1	1	1	1	1	1	
4	4	3	2	2	1	
3	2	1	1	1	1	1	1	1	1	1	1	1	
7	5	1	1	1	
6	1	1	1	1	1	1	1	1	1	
4	3	1	1	1	1	1	1	1	1	
3	2	2	1	1	1	1	1	1	1	1	
12	1	1	1	
4	4	3	2	1	1	
3	3	1	1	1	1	1	1	1	1	1	
4	3	1	1	1	1	1	1	1	1	
6	2	2	1	1	1	1	1	
7	3	2	1	1	1	
2	2	1	1	1	1	1	1	1	1	1	1	
7	4	1	1	1	
3	1	1	1	1	1	1	1	1	1	1	1	
12	2	
4	2	1	1	1	1	1	1	1	1	
7	3	1	1	1	1	
3	1	1	1	1	1	1	1	1	1	1	1	
5	3	2	1	1	1	
4	3	2	1	1	1	1	
7	2	2	1	1	
4	2	2	2	2	1	
8	2	1	1	1	
3	2	1	1	1	1	1	1	1	1	
3	3	2	2	1	1	1	
3	3	2	1	1	1	1	1	
9	2	1	1	
3	2	1	1	1	1	1	1	1	1	
2	2	1	1	1	1	1	1	1	1	1	
3	2	2	1	1	1	1	1	1	
1	1	1	1	1	1	1	1	1	1	1	1	1	
5	2	2	1	1	1	1	
2	2	1	1	1	1	1	1	1	1	1	
2	2	2	2	1	1	1	1	
3	2	1	1	1	1	1	1	1	
4	2	2	1	1	1	1	
3	3	1	1	1	1	1	1	
9	1	1	1	
3	3	2	2	1	1	
2	2	2	1	1	1	1	1	1	
2	1	1	1	1	1	1	1	1	1	1	
7	2	1	1	
3	2	1	1	1	1	1	1	
2	2	1	1	1	1	1	1	1	
3	1	1	1	1	1	1	1	1	
3	1	1	1	1	1	1	1	1	
2	2	1	1	1	1	1	1	1	
4	1	1	1	1	1	1	1	
4	3	2	1	1	
2	2	1	1	1	1	1	1	1	
2	1	1	1	1	1	1	1	1	1	
5	3	1	1	1	
3	2	2	1	1	1	1	
3	2	1	1	1	1	1	1	
5	1	1	1	1	1	1	
3	2	2	1	1	1	1	
3	2	2	1	1	1	
6	1	1	1	1	
3	1	1	1	1	1	1	1	
2	2	2	1	1	1	1	
3	2	1	1	1	1	1	
3	3	1	1	1	1	
2	2	1	1	1	1	1	1	
2	2	2	1	1	1	1	
2	1	1	1	1	1	1	1	1	
6	1	1	1	1	
5	4	1	
2	2	2	1	1	1	1	
3	1	1	1	1	1	1	1	
2	2	1	1	1	1	1	1	
1	1	1	1	1	1	1	1	1	
4	1	1	1	1	1	
4	1	1	1	1	1	
4	1	1	1	1	1	
3	2	1	1	1	1	
4	2	1	1	1	
5	3	1	
2	2	2	1	1	1	
5	3	1	
3	3	1	1	1	
4	1	1	1	1	1	
4	2	1	1	1	
1	1	1	1	1	1	1	1	1	
3	2	2	1	1	
2	2	2	1	1	1	
5	1	1	1	1	
5	2	1	1	
3	1	1	1	1	1	1	
3	3	1	1	1	
2	1	1	1	1	1	1	1	
2	2	1	1	1	1	1	
2	2	2	1	1	1	
2	2	1	1	1	1	1	
4	2	1	1	1	
3	2	2	1	1	
3	1	1	1	1	1	1	
2	2	1	1	1	1	1	
6	2	1	
3	2	1	1	1	
3	1	1	1	1	1	
3	2	1	1	1	
4	1	1	1	1	
2	1	1	1	1	1	1	
4	1	1	1	1	
4	2	1	1	
3	1	1	1	1	1	
5	2	1	
2	1	1	1	1	1	1	
2	1	1	1	1	1	1	
5	1	1	1	
3	2	2	1	
3	2	1	1	1	
2	2	1	1	1	1	
2	1	1	1	1	1	1	
2	2	1	1	1	1	
3	1	1	1	1	1	
3	2	2	1	
3	1	1	1	1	1	
2	2	1	1	1	1	
4	3	1	
2	1	1	1	1	1	1	
3	2	1	1	1	
5	1	1	1	
2	2	1	1	1	1	
4	1	1	1	1	
2	1	1	1	1	1	1	
3	2	1	1	1	
3	2	1	1	1	
4	1	1	1	1	
3	2	2	1	
5	1	1	1	
1	1	1	1	1	1	1	
2	1	1	1	1	1	
4	1	1	1	
6	1	
2	1	1	1	1	1	
2	1	1	1	1	1	
2	1	1	1	1	1	
1	1	1	1	1	1	1	
3	2	1	1	
2	2	2	1	
1	1	1	1	1	1	1	
2	1	1	1	1	1	
1	1	1	1	1	1	1	
2	1	1	1	1	1	
2	1	1	1	1	1	
2	2	1	1	1	
3	1	1	1	1	
2	1	1	1	1	1	
2	2	1	1	1	
2	1	1	1	1	1	
4	1	1	1	
4	2	1	
6	1	
1	1	1	1	1	1	1	
4	1	1	1	
2	1	1	1	1	1	
3	2	1	1	
1	1	1	1	1	1	1	
2	1	1	1	1	1	
3	1	1	1	1	
4	1	1	1	
1	1	1	1	1	1	1	
2	2	1	1	
1	1	1	1	1	1	
2	2	1	1	
1	1	1	1	1	1	
1	1	1	1	1	1	
2	2	1	1	
1	1	1	1	1	1	
3	2	1	
3	2	1	
2	2	1	1	
2	1	1	1	1	
1	1	1	1	1	1	
6	
4	1	1	
4	1	1	
2	2	1	1	
1	1	1	1	1	1	
2	1	1	1	1	
2	1	1	1	1	
2	2	1	1	
4	2	
3	1	1	1	
3	2	1	
2	2	1	1	
3	1	1	1	
1	1	1	1	1	1	
2	1	1	1	1	
2	1	1	1	1	
3	1	1	1	
5	1	
2	1	1	1	1	
2	2	1	1	
1	1	1	1	1	1	
2	1	1	1	1	
3	1	1	1	
4	1	1	
2	1	1	1	1	
5	1	
1	1	1	1	1	1	
1	1	1	1	1	1	
2	1	1	1	1	
2	1	1	1	1	
2	1	1	1	1	
2	2	1	1	
5	1	
2	1	1	1	1	
1	1	1	1	1	1	
1	1	1	1	1	1	
2	1	1	1	1	
5	1	
2	1	1	1	1	
4	1	1	
2	1	1	1	1	
5	1	
1	1	1	1	1	1	
5	1	
2	1	1	1	
3	1	1	
3	1	1	
2	1	1	1	
2	1	1	1	
2	1	1	1	
1	1	1	1	1	
4	1	
1	1	1	1	1	
2	1	1	1	
1	1	1	1	1	
4	1	
1	1	1	1	1	
1	1	1	1	1	
2	2	1	
2	1	1	1	
1	1	1	1	1	
1	1	1	1	1	
3	1	1	
2	1	1	1	
2	1	1	1	
2	1	1	1	
1	1	1	1	1	
2	1	1	1	
2	1	1	1	
4	1	
2	1	1	1	
1	1	1	1	1	
2	1	1	1	
3	1	1	
2	1	1	1	
1	1	1	1	1	
2	2	1	
3	1	1	
2	1	1	1	
3	1	1	
5	
2	1	1	1	
3	1	1	
3	2	
1	1	1	1	1	
1	1	1	1	1	
1	1	1	1	1	
3	1	1	
2	1	1	1	
5	
3	1	1	
1	1	1	1	1	
3	2	
1	1	1	1	1	
3	1	1	
1	1	1	1	1	
3	1	1	
2	2	1	
1	1	1	1	
3	1	
3	1	
1	1	1	1	
2	1	1	
2	1	1	
2	1	1	
1	1	1	1	
2	2	
2	1	1	
1	1	1	1	
1	1	1	1	
2	1	1	
1	1	1	1	
3	1	
2	1	1	
3	1	
1	1	1	1	
2	1	1	
1	1	1	1	
1	1	1	1	
1	1	1	1	
1	1	1	1	
1	1	1	1	
2	1	1	
2	1	1	
2	1	1	
2	2	
2	1	1	
2	1	1	
1	1	1	1	
4	
1	1	1	1	
2	1	1	
1	1	1	1	
2	1	1	
1	1	1	1	
2	1	1	
3	1	
2	1	1	
1	1	1	1	
1	1	1	1	
3	1	
1	1	1	1	
1	1	1	1	
2	1	1	
2	1	1	
2	1	1	
2	1	1	
2	2	
2	1	1	
2	1	1	
2	2	
1	1	1	1	
4	
1	1	1	1	
1	1	1	1	
2	1	1	
1	1	1	1	
3	1	
1	1	1	1	
2	1	1	
2	1	1	
2	1	1	
1	1	1	1	
1	1	1	1	
4	
1	1	1	1	
1	1	1	1	
1	1	1	1	
2	1	1	
2	2	
3	1	
1	1	1	1	
2	1	1	
2	1	1	
1	1	1	1	
4	
1	1	1	1	
4	
2	1	1	
1	1	1	1	
1	1	1	1	
2	1	1	
2	1	1	
2	1	1	
1	1	1	1	
2	1	1	
2	1	1	
1	1	1	1	
1	1	1	1	
1	1	1	1	
1	1	1	1	
3	1	
2	1	1	
2	1	1	
2	1	1	
4	
1	1	1	1	
1	1	1	1	
4	
2	1	1	
2	1	
1	1	1	
2	1	
1	1	1	
1	1	1	
1	1	1	
2	1	
1	1	1	
2	1	
1	1	1	
3	
2	1	
3	
1	1	1	
1	1	1	
1	1	1	
1	1	1	
1	1	1	
2	1	
1	1	1	
2	1	
2	1	
1	1	1	
1	1	1	
1	1	1	
2	1	
1	1	1	
1	1	1	
1	1	1	
1	1	1	
1	1	1	
1	1	1	
2	1	
2	1	
2	1	
1	1	1	
3	
1	1	1	
1	1	1	
2	1	
2	1	
3	
1	1	1	
1	1	1	
1	1	1	
1	1	1	
3	
1	1	1	
1	1	1	
1	1	1	
1	1	1	
2	1	
3	
1	1	1	
2	1	
3	
1	1	1	
1	1	1	
1	1	1	
2	1	
1	1	1	
1	1	1	
1	1	1	
2	1	
1	1	1	
1	1	1	
1	1	1	
2	1	
1	1	1	
2	1	
1	1	1	
2	1	
1	1	1	
1	1	1	
3	
1	1	1	
2	1	
1	1	1	
2	1	
1	1	1	
1	1	1	
2	1	
2	1	
1	1	1	
3	
1	1	1	
2	1	
3	
1	1	1	
1	1	1	
1	1	1	
1	1	1	
1	1	1	
1	1	1	
1	1	1	
1	1	1	
3	
2	1	
1	1	1	
1	1	1	
2	1	
2	1	
3	
1	1	1	
2	1	
2	1	
2	1	
1	1	1	
1	1	1	
2	1	
2	1	
1	1	1	
1	1	1	
1	1	1	
1	1	1	
1	1	1	
1	1	1	
2	1	
2	1	
1	1	1	
2	1	
2	1	
2	1	
1	1	1	
2	1	
1	1	1	
1	1	1	
2	1	
1	1	1	
1	1	1	
3	
1	1	1	
3	
1	1	1	
1	1	1	
1	1	1	
1	1	1	
1	1	1	
3	
1	1	1	
1	1	1	
3	
1	1	1	
1	1	1	
2	1	
2	1	
2	1	
1	1	1	
1	1	1	
1	1	1	
1	1	1	
1	1	1	
1	1	1	
1	1	1	
1	1	1	
1	1	1	
1	1	1	
3	
2	1	
2	1	
2	1	
1	1	1	
1	1	1	
1	1	1	
2	1	
2	1	
3	
1	1	1	
1	1	1	
1	1	1	
2	1	
2	1	
2	1	
2	1	
2	
2	
1	1	
1	1	
1	1	
2	
1	1	
1	1	
1	1	
1	1	
1	1	
1	1	
1	1	
2	
1	1	
1	1	
1	1	
2	
1	1	
1	1	
2	
1	1	
2	
1	1	
1	1	
2	
2	
2	
1	1	
1	1	
1	1	
2	
2	
2	
1	1	
2	
2	
1	1	
1	1	
1	1	
1	1	
1	1	
1	1	
1	1	
1	1	
2	
1	1	
1	1	
1	1	
1	1	
2	
2	
1	1	
1	1	
1	1	
1	1	
1	1	
1	1	
1	1	
1	1	
1	1	
1	1	
1	1	
1	1	
1	1	
1	1	
1	1	
1	1	
1	1	
1	1	
1	1	
1	1	
1	1	
1	1	
1	1	
1	1	
1	1	
1	1	
2	
1	1	
1	1	
1	1	
1	1	
1	1	
1	1	
1	1	
1	1	
2	
1	1	
2	
1	1	
2	
1	1	
1	1	
1	1	
2	
1	1	
1	1	
1	1	
1	1	
2	
1	1	
1	1	
1	1	
2	
1	1	
2	
1	1	
1	1	
1	1	
2	
2	
2	
2	
1	1	
1	1	
2	
1	1	
1	1	
2	
2	
1	1	
1	1	
1	1	
1	1	
2	
1	1	
1	1	
1	1	
1	1	
1	1	
1	1	
1	1	
1	1	
1	1	
1	1	
1	1	
1	1	
1	1	
1	1	
1	1	
1	1	
1	1	
1	1	
2	
2	
2	
1	1	
1	1	
1	1	
1	1	
1	1	
1	1	
1	1	
2	
1	1	
2	
1	1	
1	1	
1	1	
1	1	
2	
1	1	
1	1	
1	1	
1	1	
1	1	
1	1	
1	1	
1	1	
1	1	
1	1	
1	1	
1	1	
1	1	
2	
2	
1	1	
1	1	
1	1	
2	
1	1	
1	1	
1	1	
1	1	
1	1	
1	1	
1	1	
1	1	
1	1	
1	1	
1	1	
1	1	
2	
1	1	
1	1	
2	
2	
1	1	
1	1	
1	1	
1	1	
1	1	
1	1	
2	
2	
1	1	
1	1	
1	1	
1	1	
1	1	
1	1	
1	1	
2	
2	
2	
1	1	
1	1	
1	1	
2	
1	1	
1	1	
2	
2	
1	1	
1	1	
1	1	
1	1	
1	1	
1	1	
1	1	
2	
2	
2	
1	1	
1	1	
1	1	
2	
1	1	
1	1	
1	1	
2	
1	1	
1	1	
1	1	
1	1	
2	
1	1	
1	1	
1	1	
2	
1	1	
1	1	
1	1	
2	
1	1	
1	1	
1	1	
1	1	
1	1	
1	1	
1	1	
1	1	
2	
1	1	
1	1	
2	
1	1	
2	
1	1	
2	
2	
1	1	
2	
1	1	
1	1	
1	1	
1	1	
1	1	
2	
1	1	
1	1	
1	1	
1	1	
2	
1	1	
1	1	
1	1	
1	1	
1	1	
1	1	
2	
1	1	
2	
2	
2	
1	1	
1	1	
1	1	
1	1	
2	
1	1	
2	
1	1	
1	1	
1	1	
1	1	
1	1	
2	
1	1	
1	1	
1	1	
1	1	
2	
1	1	
1	1	
2	
2	
1	1	
1	1	
1	1	
2	
1	1	
1	1	
1	1	
1	1	
2	
2	
1	1	
2	
1	1	
1	1	
1	1	
1	1	
2	
2	
1	1	
2	
1	1	
2	
2	
1	1	
1	1	
1	1	
1	1	
1	1	
1	1	
2	
1	1	
1	1	
1	1	
1	1	
1	1	
1	1	
1	
1	
1	
1	
1	
1	
1	
1	
1	
1	
1	
1	
1	
1	
1	
1	
1	
1	
1	
1	
1	
1	
1	
1	
1	
1	
1	
1	
1	
1	
1	
1	
1	
1	
1	
1	
1	
1	
1	
1	
1	
1	
1	
1	
1	
1	
1	
1	
1	
1	
1	
1	
1	
1	
1	
1	
1	
1	
1	
1	
1	
1	
1	
1	
1	
1	
1	
1	
1	
1	
1	
1	
1	
1	
1	
1	
1	
1	
1	
1	
1	
1	
1	
1	
1	
1	
1	
1	
1	
1	
1	
1	
1	
1	
1	
1	
1	
1	
1	
1	
1	
1	
1	
1	
1	
1	
1	
1	
1	
1	
1	
1	
1	
1	
1	
1	
1	
1	
1	
1	
1	
1	
1	
1	
1	
1	
1	
1	
1	
1	
1	
1	
1	
1	
1	
1	
1	
1	
1	
1	
1	
1	
1	
1	
1	
1	
1	
1	
1	
1	
1	
1	
1	
1	
1	
1	
1	
1	
1	
1	
1	
1	
1	
1	
1	
1	
1	
1	
1	
1	
1	
1	
1	
1	
1	
1	
1	
1	
1	
1	
1	
1	
1	
1	
1	
1	
1	
1	
1	
1	
1	
1	
1	
1	
1	
1	
1	
1	
1	
1	
1	
1	
1	
1	
1	
1	
1	
1	
1	
1	
1	
1	
1	
1	
1	
1	
1	
1	
1	
1	
1	
1	
1	
1	
1	
1	
1	
1	
1	
1	
1	
1	
1	
1	
1	
1	
1	
1	
1	
1	
1	
1	
1	
1	
1	
1	
1	
1	
1	
1	
1	
1	
1	
1	
1	
1	
1	
1	
1	
1	
1	
1	
1	
1	
1	
1	
1	
1	
1	
1	
1	
1	
1	
1	
1	
1	
1	
1	
1	
1	
1	
1	
1	
1	
1	
1	
1	
1	
1	
1	
1	
1	
1	
1	
1	
1	
1	
1	
1	
1	
1	
1	
1	
1	
1	
1	
1	
1	
1	
1	
1	
1	
1	
1	
1	
1	
1	
1	
1	
1	
1	
1	
1	
1	
1	
1	
1	
1	
1	
1	
1	
1	
1	
1	
1	
1	
1	
1	
1	
1	
1	
1	
1	
1	
1	
1	
1	
1	
1	
1	
1	
1	
1	
1	
1	
1	
1	
1	
1	
1	
1	
1	
1	
1	
1	
1	
1	
1	
1	
1	
1	
1	
1	
1	
1	
1	
1	
1	
1	
1	
1	
1	
1	
1	
1	
1	
1	
1	
1	
1	
1	
1	
1	
1	
1	
1	
1	
1	
1	
1	
1	
1	
1	
1	
1	
1	
1	
1	
1	
1	
1	
1	
1	
1	
1	
1	
1	
1	
1	
1	
1	
1	
1	
1	
1	
1	
1	
1	
1	
1	
1	
1	
1	
1	
1	
1	
1	
1	
1	
1	
1	
1	
1	
1	
1	
1	
1	
1	
1	
1	
1	
1	
1	
1	
1	
1	
1	
1	
1	
1	
1	
1	
1	
1	
1	
1	
1	
1	
1	
1	
1	
1	
1	
1	
1	
1	
1	
1	
1	
1	
1	
1	
1	
1	
1	
1	
1	
1	
1	
1	
1	
1	
1	
1	
1	
1	
1	
1	
1	
1	
1	
1	
1	
1	
1	
1	
1	
1	
1	
1	
1	
1	
1	
1	
1	
1	
1	
1	
1	
1	
1	
1	
1	
1	
1	
1	
1	
1	
1	
1	
1	
1	
1	
1	
1	
1	
1	
1	
1	
1	
1	
1	
1	
1	
1	
1	
1	
1	
1	
1	
1	
1	
1	
1	
1	
1	
1	
1	
1	
1	
1	
1	
1	
1	
1	
1	
1	
1	
1	
1	
1	
1	
1	
1	
1	
1	
1	
1	
1	
1	
1	
1	
1	
1	
1	
1	
1	
1	
1	
1	
1	
1	
1	
1	
1	
1	
1	
1	
1	
1	
1	
1	
1	
1	
1	
1	
1	
1	
1	
1	
1	
1	
1	
1	
1	
1	
1	
1	
1	
1	
1	
1	
1	
1	
1	
1	
1	
1	
1	
1	
1	
1	
1	
1	
1	
1	
1	
1	
1	
1	
1	
1	
1	
1	
1	
1	
1	
1	
1	
1	
1	
1	
1	
1	
1	
1	
1	
1	
1	
1	
1	
1	
1	
1	
1	
1	
1	
1	
1	
1	
1	
1	
1	
1	
1	
1	
1	
1	
1	
1	
1	
1	
1	
1	
1	
1	
1	
1	
1	
1	
1	
1	
1	
1	
1	
1	
1	
1	
1	
1	
1	
1	
1	
1	
1	
1	
1	
1	
1	
1	
1	
1	
1	
1	
1	
1	
1	
1	
1	
1	
1	
1	
1	
1	
1	
1	
1	
1	
1	
1	
1	
1	
1	
1	
1	
1	
1	
1	
1	
1	
1	
1	
1	
1	
1	
1	
1	
1	
1	
1	
1	
1	
1	
1	
1	
1	
1	
1	
1	
1	
1	
1	
1	
1	
1	
1	
1	
1	
1	
1	
1	
1	
1	
1	
1	
1	
1	
1	
1	
1	
1	
1	
1	
1	
1	
1	
1	
1	
1	
1	
1	
1	
1	
1	
1	
1	
1	
1	
1	
1	
1	
1	
1	
1	
1	
1	
1	
1	
1	
1	
1	
1	
1	
1	
1	
1	
1	
1	
1	
1	
1	
1	
1	
1	
1	
1	
1	
1	
1	
1	
1	
1	
1	
1	
1	
1	
1	
1	
1	
1	
1	
1	
1	
1	
1	
1	
1	
1	
1	
1	
1	
1	
1	
1	
1	
1	
1	
1	
1	
1	
1	
1	
1	
1	
1	
1	
1	
1	
1	
1	
1	
1	
1	
1	
1	
1	
1	
1	
1	
1	
1	
1	
1	
1	
1	
1	
1	
1	
1	
1	
1	
1	
1	
1	
1	
1	
1	
1	
1	
1	
1	
1	
1	
1	
1	
1	
1	
1	
1	
1	
1	
1	
1	
1	
1	
1	
1	
1	
1	
1	
1	
1	
1	
1	
1	
1	
1	
1	
1	
1	
1	
1	
1	
1	
1	
1	
1	
1	
1	
1	
1	
1	
1	
1	
1	
1	
1	
1	
1	
1	
1	
1	
1	
1	
1	
1	
1	
1	
1	
1	
1	
1	
1	
1	
1	
1	
1	
1	
1	
1	
1	
1	
1	
1	
1	
1	
1	
1	
1	
1	
1	
1	
1	
1	
1	
1	
1	
1	
1	
1	
1	
1	
1	
1	
1	
1	
1	
1	
1	
1	
1	
1	
1	
1	
1	
1	
1	
1	
1	
1	
1	
1	
1	
1	
1	
1	
1	
1	
1	
1	
1	
1	
1	
1	
1	
1	
1	
1	
1	
1	
1	
1	
1	
1	
1	
1	
1	
1	
1	
1	
1	
1	
1	
1	
1	
1	
1	
1	
1	
1	
1	
1	
1	
1	
1	
1	
1	
1	
1	
1	
1	
1	
1	
1	
1	
1	
1	
1	
1	
1	
1	
1	
1	
1	
1	
1	
1	
1	
1	
1	
1	
1	
1	
1	
1	
1	
1	
1	
1	
1	
1	
1	
1	
1	
1	
1	
1	
1	
1	
1	
1	
1	
1	
1	
1	
1	
1	
1	
1	
1	
1	
1	
1	
1	
1	
1	
1	
1	
1	
1	
1	
1	
1	
1	
1	
1	
1	
1	
1	
1	
1	
1	
1	
1	
1	
1	
1	
1	
1	
1	
1	
1	
1	
1	
1	
1	
1	
1	
1	
1	
1	
1	
1	
1	
1	
1	
1	
1	
1	
1	
1	
1	
1	
1	
1	
1	
1	
1	
1	
1	
1	
1	
1	
1	
1	
1	
1	
1	
1	
1	
1	
1	
1	
1	
1	
1	
1	
1	
1	
1	
1	
1	
1	
1	
1	
1	
1	
1	
1	
1	
1	
1	
1	
1	
1	
1	
1	
1	
1	
1	
1	
1	
1	
1	
1	
1	
1	
1	
1	
1	
1	
1	
1	
1	
1	
1	
1	
1	
1	
1	
1	
