5
5
5
5
5
5
5
5
50
51
5
52
53
5
55
5
5
5
5
54
5
56
5
59
5
57
5
5
5
58
5
5
5
5
54
5
5
5
5
50
5
5
52
57
5
5
5
5
51
5
5
5
5
50
50
56
5
5
53
5
5
5
50
57
5
5
52
56
51
55
5
53
54
54
5
53
5
5
5
5
5
5
5
56
52
5
52
56
5
5
55
55
5
55
5
53
50
5
5
58
58
5
50
52
5
59
5
59
57
5
59
53
5.
5
57
54
53
51
5
5
57
50
51
5
52
53
51
5
5
5
5
5
54
55
52
5
5
52
55
54
59
58
58
52
59
53
5
50
51
56
5
50
5
56
51
52
57
51
50
50
55
53
54
5
56
55
58
54
5
53
58
5
5
52
5
58
52
50
59
54
5
5
5
51
50
58
51
57
5
51
51
50
53
5
58
5
56
55
54
5
57
51
51
5
58
5
50
5
55
5
5
54
52
5
50
5
50
50
5
5
5
5
51
5
5
50
58
53
52
5
5
5
59
52
5
5
5
59
55
5
53
56
5
5
50
52
5
50
54
55
58
5
57
52
55
5
50
5
50
56
5
54
50
50
51
5
54
54
56
58
5
5
5
5
50
5
5
5
5
5
5
5
5
5
5
53
5
59
54
5
57
5
58
50
5
5
55
56
56
51
53
52
5
5
51
51
51
5
54
5
51
59
5
5
51
56
5
56
53
52
54
51
51
5
59
51
5
56
52
59
5
5
53
5
52
53
5
5
51
5
52
5
55
58
55
5
51
57
5
54
56
5
53
58
5
51
58
56
53
57
55
51
58
5
50
5
5
5
58
57
50
