78	38	24	24	18	17	12	7	7	7	6	5	5	5	5	4	4	4	4	3	3	3	2	2	2	2	2	2	2	2	2	2	2	1	1	1	1	1	1	1	1	1	1	1	1	1	1	1	1	1	1	1	1	1	1	1	1	1	1	1	1	1	1	1	1	1	1	1	1	1	1	1	1	1	1	1	1	1	1	1	1	1	1	1	1	1	1	1	1	1	1	1	1	1	1	1	1	1	1	1	1	1	1	1	1	1	1	1	
37	10	7	5	5	3	3	3	3	3	3	2	2	2	1	1	1	1	1	1	1	1	1	1	1	1	1	1	1	1	1	1	1	1	1	1	1	1	1	1	1	1	1	
7	4	3	3	3	3	3	3	3	2	2	2	2	2	2	2	2	1	1	1	1	1	1	1	1	1	1	1	1	1	1	1	1	1	1	1	1	1	1	
47	
6	4	4	3	2	2	2	1	1	1	1	1	1	1	1	1	1	1	1	1	1	1	1	1	1	
11	7	3	2	2	2	1	1	1	1	1	1	1	1	1	1	1	1	
9	2	2	1	1	1	1	1	1	1	1	1	1	1	1	1	1	1	1	1	1	1	1	1	1	1	1	1	
5	5	2	1	1	1	1	1	1	1	1	1	1	1	1	1	1	1	1	
4	3	3	2	2	1	1	1	1	1	1	1	1	1	1	1	1	
6	3	2	2	2	2	1	1	1	1	1	1	1	1	1	
4	3	2	2	2	2	1	1	1	1	1	1	1	1	1	1	
5	4	2	2	1	1	1	1	1	1	1	1	1	
4	2	2	1	1	1	1	1	1	1	1	1	1	1	
2	2	1	1	1	1	1	1	1	1	1	1	1	1	1	1	1	
5	5	2	1	1	1	1	1	1	
4	3	2	1	1	1	1	1	1	1	1	
4	3	2	2	1	1	1	1	1	1	
6	2	1	1	1	1	1	1	1	
4	3	1	1	1	1	1	1	1	
3	2	2	1	1	1	1	1	1	1	
3	2	1	1	1	1	1	1	1	1	
2	1	1	1	1	1	1	1	1	1	1	
4	1	1	1	1	1	1	1	1	
2	1	1	1	1	1	1	1	1	1	1	
10	1	
2	2	1	1	1	1	1	1	1	
4	2	1	1	1	1	
4	3	1	1	1	
2	2	2	1	1	1	
1	1	1	1	1	1	1	1	1	
2	1	1	1	1	1	1	
1	1	1	1	1	1	1	1	
2	1	1	1	1	1	1	
2	1	1	1	1	1	1	
3	1	1	1	1	1	
2	1	1	1	1	1	
2	1	1	1	1	1	
5	1	1	
1	1	1	1	1	1	1	
3	1	1	1	
2	1	1	1	1	
3	1	1	1	
3	1	1	1	
3	1	1	1	
1	1	1	1	1	1	
1	1	1	1	1	1	
2	1	1	1	
1	1	1	1	1	
1	1	1	1	1	
4	1	
2	1	1	1	
3	1	1	
2	1	1	1	
4	
1	1	1	1	
2	1	1	
1	1	1	1	
1	1	1	1	
2	1	1	
2	1	1	
1	1	1	1	
1	1	1	1	
2	1	
2	1	
1	1	1	
1	1	1	
2	1	
1	1	1	
3	
2	1	
1	1	1	
1	1	1	
1	1	1	
2	1	
1	1	1	
2	1	
1	1	1	
1	1	1	
3	
1	1	1	
3	
2	1	
2	1	
1	1	1	
3	
1	1	1	
1	1	
2	
1	1	
1	1	
1	1	
2	
1	1	
2	
1	1	
1	1	
1	1	
1	1	
2	
2	
1	1	
1	1	
1	1	
1	1	
2	
2	
1	1	
1	1	
1	1	
1	1	
1	1	
2	
1	1	
1	1	
2	
1	1	
1	1	
2	
1	1	
2	
1	1	
1	1	
2	
1	1	
1	1	
1	1	
1	1	
1	1	
1	1	
1	1	
1	1	
1	1	
2	
2	
1	1	
1	
1	
1	
1	
1	
1	
1	
1	
1	
1	
1	
1	
1	
1	
1	
1	
1	
1	
1	
1	
1	
1	
1	
1	
1	
1	
1	
1	
1	
1	
1	
1	
1	
1	
1	
1	
1	
1	
1	
1	
1	
1	
1	
1	
1	
1	
1	
1	
1	
1	
1	
1	
1	
1	
1	
1	
1	
1	
1	
1	
1	
1	
1	
1	
1	
1	
1	
1	
1	
1	
1	
1	
1	
1	
1	
1	
1	
1	
1	
1	
1	
1	
1	
1	
1	
1	
1	
1	
1	
1	
1	
1	
1	
1	
1	
1	
1	
1	
1	
1	
1	
1	
1	
1	
1	
1	
1	
1	
1	
1	
1	
1	
1	
1	
1	
1	
1	
1	
1	
1	
1	
1	
1	
1	
1	
1	
1	
1	
1	
1	
1	
1	
1	
1	
1	
1	
1	
1	
1	
1	
1	
1	
1	
1	
1	
1	
1	
1	
1	
1	
1	
1	
1	
1	
1	
1	
1	
1	
1	
1	
1	
1	
1	
1	
1	
1	
1	
1	
1	
1	
1	
1	
1	
1	
1	
1	
1	
1	
1	
1	
1	
1	
1	
1	
1	
1	
1	
1	
1	
1	
1	
1	
1	
1	
1	
1	
1	
1	
1	
1	
1	
1	
1	
1	
1	
1	
1	
1	
1	
1	
1	
1	
1	
1	
1	
1	
1	
1	
1	
1	
1	
1	
1	
1	
1	
1	
1	
1	
1	
1	
1	
1	
1	
1	
1	
1	
