395	99	84	80	56	53	51	41	38	35	29	28	24	22	21	21	20	19	17	17	17	16	16	15	13	12	11	11	11	10	10	10	10	9	9	8	8	8	8	7	7	7	6	6	6	6	5	5	5	5	5	5	5	5	4	4	4	4	4	4	4	4	4	4	4	4	3	3	3	3	3	3	3	3	3	3	3	3	3	3	3	3	3	3	2	2	2	2	2	2	2	2	2	2	2	2	2	2	2	2	2	2	2	2	2	2	2	2	2	2	2	2	1	1	1	1	1	1	1	1	1	1	1	1	1	1	1	1	1	1	1	1	1	1	1	1	1	1	1	1	1	1	1	1	1	1	1	1	1	1	1	1	1	1	1	1	1	1	1	1	1	1	1	1	1	1	1	1	1	1	1	1	1	1	1	1	1	1	1	1	1	1	1	1	1	1	1	1	1	1	1	1	1	1	1	1	1	1	1	1	1	1	1	1	1	1	1	1	1	1	1	1	1	1	1	1	1	1	1	
34	26	26	26	25	24	22	21	21	21	21	19	19	19	19	19	18	17	16	16	14	14	14	12	12	12	12	10	10	9	8	8	8	7	6	6	6	6	5	5	5	5	4	4	4	3	3	3	3	3	3	3	2	2	2	2	2	2	2	2	2	2	1	1	1	1	1	1	1	1	1	1	1	1	1	1	1	1	1	1	1	1	1	1	1	1	1	1	1	1	1	1	
227	83	66	31	24	15	13	11	10	10	8	7	6	6	5	4	4	3	3	3	3	3	3	2	2	2	2	2	2	2	2	2	2	2	2	2	2	2	2	1	1	1	1	1	1	1	1	1	1	1	1	1	1	1	1	1	1	1	1	1	1	1	1	1	1	1	1	1	1	1	1	1	1	1	1	1	1	1	1	1	1	1	1	1	1	1	1	1	1	1	1	1	
202	119	67	65	11	9	6	5	5	5	4	4	4	3	3	3	3	2	2	2	1	1	1	1	1	1	1	1	1	1	1	1	1	1	1	1	1	1	1	1	
62	35	17	13	12	11	10	7	7	5	5	4	4	3	3	3	3	3	3	3	3	3	3	2	2	2	2	2	2	2	2	2	2	2	2	2	2	2	2	1	1	1	1	1	1	1	1	1	1	1	1	1	1	1	1	1	1	1	1	1	1	1	1	1	1	1	1	1	1	1	1	1	1	1	1	1	1	1	1	1	1	1	1	1	1	1	1	1	1	1	1	1	1	1	1	1	1	1	
304	1	1	
96	26	15	14	9	8	7	6	6	5	5	5	4	4	4	4	3	3	3	3	3	2	2	2	2	2	2	2	2	2	2	2	2	2	2	1	1	1	1	1	1	1	1	1	1	1	1	1	1	1	1	1	1	1	1	1	1	1	1	1	1	1	1	1	1	1	1	1	1	1	1	1	1	1	
79	41	17	10	8	7	7	6	6	5	5	4	4	4	4	3	2	2	2	2	2	2	2	2	2	2	2	2	2	1	1	1	1	1	1	1	1	1	1	1	1	1	1	1	1	1	1	1	1	1	1	1	1	1	1	1	1	1	1	1	1	1	1	1	1	1	1	1	1	1	1	1	1	1	1	1	1	1	1	1	1	1	1	1	1	1	1	1	
244	15	10	5	4	3	2	1	1	1	1	1	1	1	1	1	
30	18	16	15	11	11	10	10	8	8	7	7	7	5	5	5	4	4	4	4	4	4	3	3	3	3	2	2	2	2	2	2	2	2	2	2	2	2	2	2	2	2	2	1	1	1	1	1	1	1	1	1	1	1	1	1	1	1	1	1	1	1	1	1	1	1	1	1	1	1	1	1	1	1	1	1	1	1	1	1	1	1	1	1	1	1	1	
139	15	10	10	9	6	4	3	3	2	2	2	2	2	2	1	1	1	1	1	1	1	1	1	1	1	1	1	1	1	1	
162	37	12	1	1	1	1	1	1	1	
44	16	12	6	5	5	5	4	4	3	3	3	3	3	3	3	3	3	2	2	2	2	2	2	2	2	2	2	2	1	1	1	1	1	1	1	1	1	1	1	1	1	1	1	1	1	1	1	1	1	1	1	1	1	1	1	1	1	1	1	1	1	1	1	1	1	1	1	1	1	1	1	1	1	1	1	1	1	1	1	1	1	1	1	1	1	1	1	1	1	1	1	
23	22	18	12	11	8	7	5	3	3	3	3	3	3	3	2	2	2	2	2	2	2	1	1	1	1	1	1	1	1	1	1	1	1	1	1	1	1	1	1	1	1	1	1	1	1	1	1	1	1	1	1	1	1	1	1	1	1	1	1	1	1	1	1	1	1	1	1	1	1	1	1	1	1	1	1	1	1	
26	9	7	6	6	6	5	5	5	4	4	3	3	3	3	3	3	2	2	2	2	2	2	2	2	2	1	1	1	1	1	1	1	1	1	1	1	1	1	1	1	1	1	1	1	1	1	1	1	1	1	1	1	1	1	1	1	1	1	1	1	1	1	1	1	1	1	1	1	1	1	1	1	1	1	1	1	1	1	1	1	1	1	1	
32	15	12	5	4	4	4	4	4	3	3	3	3	3	2	2	2	2	2	2	2	2	2	2	2	2	2	2	2	2	2	1	1	1	1	1	1	1	1	1	1	1	1	1	1	1	1	1	1	1	1	1	1	1	1	1	1	1	1	1	1	1	1	1	1	1	1	1	1	1	1	1	1	
15	10	8	8	7	5	5	4	3	3	3	2	2	2	2	2	2	2	2	2	1	1	1	1	1	1	1	1	1	1	1	1	1	1	1	1	1	1	1	1	1	1	1	1	1	1	1	1	1	1	1	1	1	1	1	1	1	1	1	1	1	1	1	1	1	1	1	1	1	1	1	1	1	1	1	1	1	1	1	1	1	1	1	1	1	1	1	1	1	1	1	1	1	1	1	1	1	1	1	1	
30	16	15	12	10	6	5	4	4	4	3	3	3	2	2	2	2	1	1	1	1	1	1	1	1	1	1	1	1	1	1	1	1	1	1	1	1	1	1	1	1	1	1	1	
147	
36	22	17	10	9	7	4	4	3	2	2	2	2	2	2	2	2	2	2	1	1	1	1	1	1	1	1	1	1	1	1	1	
124	3	2	2	2	2	1	1	1	1	1	1	1	1	1	
8	8	7	5	5	4	4	3	3	3	3	3	2	2	2	2	2	2	2	2	2	2	2	2	2	2	2	2	2	1	1	1	1	1	1	1	1	1	1	1	1	1	1	1	1	1	1	1	1	1	1	1	1	1	1	1	1	1	1	1	1	1	1	1	1	1	1	1	1	1	1	1	1	1	1	1	1	1	1	1	1	1	
28	12	9	8	8	4	4	4	3	3	2	2	2	2	2	2	1	1	1	1	1	1	1	1	1	1	1	1	1	1	1	1	1	1	1	1	1	1	1	1	1	1	1	1	1	1	1	1	1	1	1	1	1	1	1	1	1	
23	10	7	6	5	5	4	4	4	3	3	3	2	2	2	2	2	2	1	1	1	1	1	1	1	1	1	1	1	1	1	1	1	1	1	1	1	1	1	1	1	1	1	1	1	1	1	1	1	1	1	1	1	1	1	1	1	1	1	1	1	1	1	
8	7	7	6	6	6	6	5	5	5	4	4	4	4	3	3	3	3	3	3	3	3	3	3	2	2	2	1	1	1	1	1	1	1	1	1	1	1	1	1	1	1	1	1	1	1	1	
85	16	10	2	1	1	1	1	1	
63	18	9	8	4	3	2	2	1	1	1	1	1	1	1	1	
101	3	2	1	1	
47	22	7	6	4	3	2	2	1	1	1	1	1	1	1	1	1	1	1	1	1	
56	8	6	5	4	4	4	3	3	2	2	1	1	1	1	1	1	1	1	
8	4	4	3	3	3	2	2	2	2	2	2	2	2	1	1	1	1	1	1	1	1	1	1	1	1	1	1	1	1	1	1	1	1	1	1	1	1	1	1	1	1	1	1	1	1	1	1	1	1	1	1	1	1	1	1	1	1	1	1	1	1	1	1	1	1	1	1	1	1	1	1	1	1	1	1	1	1	
14	14	9	9	7	4	4	3	3	3	3	3	2	2	2	2	1	1	1	1	1	1	1	1	1	1	1	1	1	1	1	1	1	1	1	1	
13	6	6	5	4	4	3	3	2	2	2	2	2	2	2	2	2	2	1	1	1	1	1	1	1	1	1	1	1	1	1	1	1	1	1	1	1	1	1	1	1	1	1	1	1	1	1	1	1	1	1	1	1	1	1	1	
29	7	7	6	5	4	4	4	3	2	2	2	2	2	1	1	1	1	1	1	1	1	1	1	1	1	1	1	1	1	
32	8	8	5	3	3	2	2	2	1	1	1	1	1	1	1	1	1	1	1	1	1	1	1	1	1	1	1	1	1	1	1	1	1	1	1	1	1	1	
35	27	11	10	5	2	1	1	1	
11	9	9	8	8	8	7	5	3	3	3	2	2	1	1	1	1	1	1	1	1	1	1	
17	12	10	4	4	3	2	2	2	2	1	1	1	1	1	1	1	1	1	1	1	1	1	1	1	1	1	1	1	1	1	1	1	1	1	1	1	1	
13	13	7	6	6	4	3	3	2	2	2	2	1	1	1	1	1	1	1	1	1	1	1	1	1	1	1	1	1	1	1	1	1	1	
23	12	5	4	2	2	2	2	2	2	1	1	1	1	1	1	1	1	1	1	1	1	1	1	1	1	1	1	1	1	1	1	1	1	1	1	1	1	
13	12	6	4	4	4	4	3	3	2	2	2	1	1	1	1	1	1	1	1	1	1	1	1	1	1	1	1	1	1	1	1	1	1	1	
6	5	4	4	3	3	3	3	3	3	3	3	3	2	2	2	2	2	2	1	1	1	1	1	1	1	1	1	1	1	1	1	1	1	1	1	1	1	1	
54	4	3	2	1	1	1	1	1	1	1	1	1	1	1	
34	5	4	3	3	3	2	2	2	2	1	1	1	1	1	1	1	1	
16	12	7	3	3	2	2	1	1	1	1	1	1	1	1	1	1	1	1	1	1	1	1	1	1	1	1	1	1	1	
13	4	4	3	3	3	3	3	2	2	2	1	1	1	1	1	1	1	1	1	1	1	1	1	1	1	1	1	1	1	1	1	
23	21	3	2	1	1	1	1	1	1	1	1	1	1	1	
4	3	3	2	2	2	2	2	2	2	1	1	1	1	1	1	1	1	1	1	1	1	1	1	1	1	1	1	1	1	1	1	1	1	1	1	1	1	1	1	1	1	1	1	
22	8	4	3	2	2	2	2	2	1	1	1	1	1	1	1	1	1	1	1	
23	5	3	2	2	2	2	2	1	1	1	1	1	1	1	1	1	1	1	1	1	1	1	1	1	
11	7	6	4	4	4	2	2	2	2	1	1	1	1	1	1	1	1	1	1	1	1	
29	4	2	2	2	2	1	1	1	1	1	1	1	1	1	1	
35	3	2	2	1	1	1	1	1	1	1	
15	4	2	2	2	2	2	2	1	1	1	1	1	1	1	1	1	1	1	1	1	1	1	1	1	
9	8	4	3	2	2	2	1	1	1	1	1	1	1	1	1	1	1	1	1	1	1	1	
26	3	2	1	1	1	1	1	1	1	1	1	1	1	1	1	1	
23	4	2	1	1	1	1	1	1	1	1	1	1	1	1	1	1	1	
6	3	2	2	2	2	2	2	2	1	1	1	1	1	1	1	1	1	1	1	1	1	1	1	1	1	1	1	1	1	
3	2	2	2	2	2	2	2	1	1	1	1	1	1	1	1	1	1	1	1	1	1	1	1	1	1	1	1	1	1	1	1	1	1	
35	4	1	1	1	
11	7	4	4	2	2	1	1	1	1	1	1	1	1	1	1	1	1	
11	9	4	3	3	2	2	1	1	1	1	1	1	1	
4	4	2	2	2	2	1	1	1	1	1	1	1	1	1	1	1	1	1	1	1	1	1	1	1	1	1	1	1	1	1	
38	1	1	1	
40	
19	5	2	2	2	1	1	1	1	1	1	1	1	1	1	
9	4	2	2	2	2	1	1	1	1	1	1	1	1	1	1	1	1	1	1	1	1	1	1	
3	2	2	2	2	2	2	2	2	2	1	1	1	1	1	1	1	1	1	1	1	1	1	1	1	1	1	
3	3	3	3	2	2	2	2	2	2	2	1	1	1	1	1	1	1	1	1	1	1	1	
16	12	1	1	1	1	1	1	1	1	1	
30	4	2	1	
11	4	3	2	2	1	1	1	1	1	1	1	1	1	1	1	1	1	1	1	
9	4	3	2	2	1	1	1	1	1	1	1	1	1	1	1	1	1	1	1	1	
14	7	3	3	2	1	1	1	1	
10	8	2	2	2	2	2	1	1	1	1	1	
13	3	3	2	1	1	1	1	1	1	1	1	1	1	1	1	
7	3	3	2	2	2	2	1	1	1	1	1	1	1	1	1	1	1	1	
32	
6	2	2	2	1	1	1	1	1	1	1	1	1	1	1	1	1	1	1	1	1	1	1	
7	7	5	3	2	2	2	1	1	1	
8	3	3	2	2	1	1	1	1	1	1	1	1	1	1	1	1	1	
17	2	2	2	1	1	1	1	1	1	1	1	
6	5	5	4	3	2	1	1	1	1	1	1	
29	1	
11	10	3	2	2	1	1	
13	3	2	2	1	1	1	1	1	1	1	1	1	
25	1	1	1	1	
11	2	2	2	1	1	1	1	1	1	1	1	1	1	1	1	
3	2	2	2	2	2	2	1	1	1	1	1	1	1	1	1	1	1	1	1	1	
7	4	3	2	1	1	1	1	1	1	1	1	1	1	1	1	
4	4	3	2	2	2	1	1	1	1	1	1	1	1	1	1	1	
4	3	3	2	2	1	1	1	1	1	1	1	1	1	1	1	1	1	1	
5	4	4	3	2	2	2	1	1	1	1	1	1	
12	4	2	1	1	1	1	1	1	1	1	1	1	
11	4	2	1	1	1	1	1	1	1	1	1	1	1	
13	2	2	1	1	1	1	1	1	1	1	1	1	1	
10	3	2	1	1	1	1	1	1	1	1	1	1	1	1	
6	2	2	2	2	1	1	1	1	1	1	1	1	1	1	1	1	1	
8	5	4	3	2	2	1	1	1	
7	4	2	2	2	2	2	2	1	1	1	1	
17	1	1	1	1	1	1	1	1	1	1	
12	3	2	2	2	1	1	1	1	1	
4	3	2	2	2	1	1	1	1	1	1	1	1	1	1	1	1	1	
5	3	3	2	2	2	1	1	1	1	1	1	1	1	1	
16	6	1	1	1	
12	3	2	1	1	1	1	1	1	1	1	
7	4	2	2	2	1	1	1	1	1	1	1	1	
9	5	2	1	1	1	1	1	1	1	1	1	
12	5	3	1	1	1	1	
6	4	2	2	2	2	1	1	1	1	1	1	
8	4	2	2	2	1	1	1	1	1	1	
4	3	2	2	2	1	1	1	1	1	1	1	1	1	1	
9	5	3	2	1	1	1	1	
5	4	2	2	2	1	1	1	1	1	1	1	1	
6	5	3	2	2	1	1	1	1	1	
14	2	1	1	1	1	1	1	1	
21	2	
3	2	1	1	1	1	1	1	1	1	1	1	1	1	1	1	1	1	1	1	
5	3	2	1	1	1	1	1	1	1	1	1	1	1	1	
13	2	2	2	1	1	1	
7	4	2	2	1	1	1	1	1	1	1	
4	3	2	1	1	1	1	1	1	1	1	1	1	1	1	1	
9	7	2	1	1	1	
5	2	2	1	1	1	1	1	1	1	1	1	1	1	1	
15	2	1	1	1	1	
3	2	2	1	1	1	1	1	1	1	1	1	1	1	1	1	1	
5	3	2	1	1	1	1	1	1	1	1	1	1	
14	1	1	1	1	1	1	
11	4	3	1	1	
15	2	1	1	1	
6	5	3	2	1	1	1	
7	3	2	2	1	1	1	1	1	
6	2	2	2	2	2	2	1	
4	2	2	2	1	1	1	1	1	1	1	1	1	
8	4	2	1	1	1	1	1	
3	2	2	1	1	1	1	1	1	1	1	1	1	1	1	
4	3	3	3	2	1	1	1	1	
19	
5	4	2	2	1	1	1	1	1	1	
3	3	2	1	1	1	1	1	1	1	1	1	1	
15	3	
2	2	2	1	1	1	1	1	1	1	1	1	1	1	1	
6	3	2	2	1	1	1	1	1	
9	3	2	1	1	1	1	
4	3	2	1	1	1	1	1	1	1	1	1	
3	2	2	1	1	1	1	1	1	1	1	1	1	1	
2	2	1	1	1	1	1	1	1	1	1	1	1	1	1	1	
6	1	1	1	1	1	1	1	1	1	1	1	
6	2	2	1	1	1	1	1	1	1	
7	2	2	1	1	1	1	1	1	
3	3	1	1	1	1	1	1	1	1	1	1	1	
10	2	1	1	1	1	1	
3	3	2	1	1	1	1	1	1	1	1	1	
4	4	1	1	1	1	1	1	1	1	1	
7	3	2	1	1	1	1	
5	2	1	1	1	1	1	1	1	1	1	
13	1	1	1	
4	3	3	1	1	1	1	1	1	
5	2	2	1	1	1	1	1	1	1	
5	2	2	2	1	1	1	1	1	
8	2	2	1	1	1	1	
5	2	2	1	1	1	1	1	1	1	
4	3	3	3	1	1	1	
3	1	1	1	1	1	1	1	1	1	1	1	1	1	
8	5	1	1	1	
3	2	1	1	1	1	1	1	1	1	1	1	1	
8	2	2	2	1	1	
2	2	1	1	1	1	1	1	1	1	1	1	1	1	
2	2	2	1	1	1	1	1	1	1	1	1	
13	1	1	
14	1	
5	2	2	1	1	1	1	1	1	
3	2	2	1	1	1	1	1	1	1	1	
5	3	1	1	1	1	1	1	1	
3	2	2	1	1	1	1	1	1	1	1	
3	2	1	1	1	1	1	1	1	1	1	1	
3	2	2	1	1	1	1	1	1	1	1	
6	5	1	1	1	1	
6	6	1	1	1	
7	4	3	1	
4	3	1	1	1	1	1	1	1	1	
4	3	3	2	2	
2	2	2	2	2	2	1	1	
2	2	1	1	1	1	1	1	1	1	1	1	
3	3	2	2	2	1	1	
6	1	1	1	1	1	1	1	1	
5	2	2	2	1	1	1	
4	3	2	2	1	1	1	
10	1	1	1	1	
10	2	1	1	
13	
7	2	1	1	1	1	
4	2	2	1	1	1	1	1	
3	2	1	1	1	1	1	1	1	1	
4	2	2	2	1	1	1	
7	1	1	1	1	1	1	
4	3	2	1	1	1	1	
5	2	1	1	1	1	1	1	
2	2	2	2	1	1	1	1	1	
3	2	1	1	1	1	1	1	1	1	
3	3	2	2	1	1	1	
3	2	1	1	1	1	1	1	1	1	
8	1	1	1	1	1	
2	1	1	1	1	1	1	1	1	1	1	1	
3	2	1	1	1	1	1	1	1	1	
9	2	1	1	
3	1	1	1	1	1	1	1	1	1	1	
7	3	2	1	
2	1	1	1	1	1	1	1	1	1	1	1	
6	3	2	1	1	
11	1	1	
5	2	2	2	1	1	
3	1	1	1	1	1	1	1	1	1	
3	2	2	1	1	1	1	1	
5	2	1	1	1	1	1	
2	1	1	1	1	1	1	1	1	1	1	
5	2	1	1	1	1	1	
3	2	2	2	1	1	1	
3	3	2	1	1	1	1	
6	2	1	1	1	1	
3	2	2	2	1	1	1	
2	1	1	1	1	1	1	1	1	1	1	
6	5	1	
2	2	1	1	1	1	1	1	1	1	
3	2	2	1	1	1	1	
3	2	1	1	1	1	1	1	
6	1	1	1	1	1	
3	2	1	1	1	1	1	1	
4	3	1	1	1	1	
2	2	1	1	1	1	1	1	1	
2	2	2	1	1	1	1	1	
5	2	1	1	1	1	
1	1	1	1	1	1	1	1	1	1	1	
4	3	2	1	1	
4	3	2	1	1	
3	1	1	1	1	1	1	1	1	
5	2	1	1	1	1	
7	3	1	
3	3	3	1	1	
3	1	1	1	1	1	1	1	1	
4	2	2	2	1	
3	3	2	1	1	1	
4	1	1	1	1	1	1	1	
4	1	1	1	1	1	1	
3	1	1	1	1	1	1	1	
5	1	1	1	1	1	
7	2	1	
5	1	1	1	1	1	
3	2	1	1	1	1	1	
2	1	1	1	1	1	1	1	1	
3	2	1	1	1	1	1	
2	1	1	1	1	1	1	1	1	
9	1	
2	2	1	1	1	1	1	1	
9	1	
2	1	1	1	1	1	1	1	1	
6	1	1	1	1	
4	2	2	1	1	
2	1	1	1	1	1	1	1	1	
4	1	1	1	1	1	1	
1	1	1	1	1	1	1	1	1	1	
4	1	1	1	1	1	1	
2	2	1	1	1	1	1	1	
4	2	1	1	1	1	
6	4	
4	1	1	1	1	1	1	
4	3	2	
4	1	1	1	1	1	
9	
1	1	1	1	1	1	1	1	1	
2	1	1	1	1	1	1	1	
5	4	
3	1	1	1	1	1	1	
5	2	1	1	
7	1	1	
2	2	1	1	1	1	1	
4	2	1	1	1	
4	2	1	1	1	
2	1	1	1	1	1	1	1	
1	1	1	1	1	1	1	1	1	
4	3	1	1	
3	2	1	1	1	1	
1	1	1	1	1	1	1	1	1	
3	1	1	1	1	1	1	
3	1	1	1	1	1	1	
4	3	1	1	
5	1	1	1	1	
2	1	1	1	1	1	1	1	
3	1	1	1	1	1	1	
4	1	1	1	1	1	
4	2	1	1	1	
5	1	1	1	1	
4	1	1	1	1	1	
2	1	1	1	1	1	1	1	
1	1	1	1	1	1	1	1	1	
6	2	1	
2	1	1	1	1	1	1	1	
5	1	1	1	1	
8	1	
4	2	1	1	1	
3	1	1	1	1	1	1	
4	1	1	1	1	1	
2	2	1	1	1	1	1	
3	1	1	1	1	1	1	
9	
1	1	1	1	1	1	1	1	1	
4	2	2	1	
3	2	1	1	1	1	
3	2	1	1	1	1	
3	1	1	1	1	1	1	
2	1	1	1	1	1	1	1	
1	1	1	1	1	1	1	1	
2	1	1	1	1	1	1	
2	1	1	1	1	1	1	
2	2	1	1	1	1	
2	1	1	1	1	1	1	
2	2	1	1	1	1	
3	1	1	1	1	1	
2	2	1	1	1	1	
2	2	1	1	1	1	
2	1	1	1	1	1	1	
4	2	1	1	
6	2	
3	2	1	1	1	
5	2	1	
3	1	1	1	1	1	
2	1	1	1	1	1	1	
2	2	1	1	1	1	
3	3	1	1	
3	2	1	1	1	
4	1	1	1	1	
5	2	1	
6	1	1	
2	2	1	1	1	1	
2	2	1	1	1	1	
1	1	1	1	1	1	1	1	
4	2	1	1	
2	2	1	1	1	1	
1	1	1	1	1	1	1	1	
4	2	1	1	
2	1	1	1	1	1	1	
2	2	1	1	1	1	
4	2	2	
4	2	1	1	
3	2	1	1	1	
4	1	1	1	1	
5	1	1	1	
2	1	1	1	1	1	1	
3	2	1	1	1	
3	2	1	1	1	
4	1	1	1	1	
2	1	1	1	1	1	1	
4	3	1	
8	
2	2	1	1	1	1	
5	2	1	
2	1	1	1	1	1	1	
3	2	1	1	1	
7	
4	3	
5	1	1	
7	
2	1	1	1	1	1	
2	2	2	1	
3	1	1	1	1	
2	2	1	1	1	
3	1	1	1	1	
3	2	1	1	
4	1	1	1	
3	2	1	1	
6	1	
2	2	1	1	1	
3	1	1	1	1	
2	1	1	1	1	1	
4	1	1	1	
3	1	1	1	1	
2	2	1	1	1	
7	
7	
2	2	1	1	1	
2	1	1	1	1	1	
2	1	1	1	1	1	
1	1	1	1	1	1	1	
1	1	1	1	1	1	1	
7	
3	1	1	1	1	
5	1	1	
3	2	1	1	
1	1	1	1	1	1	1	
5	1	1	
1	1	1	1	1	1	1	
3	3	1	
4	2	1	
3	1	1	1	1	
2	1	1	1	1	1	
2	1	1	1	1	1	
3	2	1	1	
2	1	1	1	1	1	
4	2	1	
2	1	1	1	1	1	
1	1	1	1	1	1	1	
4	1	1	1	
2	2	1	1	1	
6	1	
3	2	1	1	
2	1	1	1	1	1	
3	1	1	1	1	
4	2	1	
4	2	1	
4	1	1	1	
1	1	1	1	1	1	1	
2	1	1	1	1	1	
5	1	
1	1	1	1	1	1	
5	1	
2	2	1	1	
2	1	1	1	1	
3	1	1	1	
1	1	1	1	1	1	
4	1	1	
3	3	
1	1	1	1	1	1	
2	1	1	1	1	
1	1	1	1	1	1	
2	2	1	1	
2	1	1	1	1	
6	
2	1	1	1	1	
3	1	1	1	
3	1	1	1	
4	1	1	
3	1	1	1	
2	2	1	1	
2	1	1	1	1	
5	1	
6	
2	1	1	1	1	
3	2	1	
2	1	1	1	1	
3	1	1	1	
5	1	
2	1	1	1	1	
2	1	1	1	1	
2	1	1	1	1	
2	1	1	1	1	
1	1	1	1	1	1	
3	1	1	1	
3	1	1	1	
1	1	1	1	1	1	
6	
6	
3	1	1	1	
3	1	1	1	
6	
2	2	1	1	
4	1	1	
2	1	1	1	1	
1	1	1	1	1	1	
2	1	1	1	1	
4	2	
3	2	1	
6	
2	2	1	1	
2	1	1	1	1	
3	1	1	1	
1	1	1	1	1	1	
4	1	1	
6	
2	1	1	1	1	
3	2	1	
4	1	1	
2	2	1	1	
2	1	1	1	1	
4	1	1	
3	1	1	1	
2	2	1	1	
2	1	1	1	1	
3	2	1	
2	2	1	1	
2	1	1	1	1	
3	1	1	1	
3	1	1	
3	1	1	
2	1	1	1	
3	1	1	
1	1	1	1	1	
3	1	1	
2	1	1	1	
4	1	
2	1	1	1	
5	
1	1	1	1	1	
3	1	1	
2	2	1	
3	2	
5	
1	1	1	1	1	
3	2	
2	1	1	1	
4	1	
4	1	
3	2	
2	1	1	1	
4	1	
2	1	1	1	
2	1	1	1	
2	2	1	
1	1	1	1	1	
1	1	1	1	1	
2	1	1	1	
4	1	
2	1	1	1	
1	1	1	1	1	
1	1	1	1	1	
2	1	1	1	
5	
1	1	1	1	1	
4	1	
3	1	1	
3	1	1	
1	1	1	1	1	
3	1	1	
4	1	
1	1	1	1	1	
5	
3	1	1	
1	1	1	1	1	
3	1	1	
3	2	
1	1	1	1	1	
2	1	1	1	
1	1	1	1	1	
1	1	1	1	1	
1	1	1	1	1	
2	1	1	1	
1	1	1	1	1	
3	1	1	
1	1	1	1	1	
2	2	1	
1	1	1	1	1	
1	1	1	1	1	
2	1	1	1	
1	1	1	1	1	
4	1	
1	1	1	1	1	
2	2	1	
4	1	
1	1	1	1	1	
2	1	1	1	
4	1	
1	1	1	1	1	
3	1	1	
2	1	1	1	
1	1	1	1	1	
3	1	1	
2	1	1	1	
3	1	1	
2	1	1	1	
2	1	1	1	
2	1	1	1	
1	1	1	1	1	
2	1	1	1	
2	1	1	1	
1	1	1	1	1	
2	2	1	
4	1	
3	1	1	
4	1	
2	1	1	1	
2	1	1	1	
1	1	1	1	1	
3	2	
3	1	1	
5	
2	1	1	1	
2	1	1	1	
1	1	1	1	1	
2	1	1	1	
2	1	1	1	
2	1	1	1	
2	1	1	1	
3	1	1	
2	1	1	1	
2	1	1	
1	1	1	1	
1	1	1	1	
1	1	1	1	
1	1	1	1	
2	1	1	
2	1	1	
1	1	1	1	
3	1	
1	1	1	1	
1	1	1	1	
2	2	
2	1	1	
2	2	
2	1	1	
2	1	1	
1	1	1	1	
2	1	1	
2	2	
1	1	1	1	
1	1	1	1	
1	1	1	1	
2	1	1	
3	1	
3	1	
2	1	1	
2	1	1	
2	1	1	
2	1	1	
1	1	1	1	
3	1	
1	1	1	1	
4	
4	
2	1	1	
4	
1	1	1	1	
2	1	1	
1	1	1	1	
3	1	
1	1	1	1	
4	
1	1	1	1	
1	1	1	1	
3	1	
2	1	1	
1	1	1	1	
4	
2	1	1	
3	1	
2	1	1	
2	1	1	
1	1	1	1	
1	1	1	1	
2	2	
2	2	
3	1	
1	1	1	1	
3	1	
1	1	1	1	
4	
1	1	1	1	
1	1	1	1	
2	1	1	
2	1	1	
2	1	1	
2	1	1	
3	1	
3	1	
3	1	
3	1	
4	
2	1	1	
2	2	
2	1	1	
3	1	
2	1	1	
2	1	1	
2	1	1	
2	1	1	
1	1	1	1	
1	1	1	1	
4	
3	1	
2	1	1	
2	2	
4	
1	1	1	1	
2	1	1	
2	1	1	
4	
2	1	1	
2	1	1	
1	1	1	1	
1	1	1	1	
2	2	
2	1	1	
1	1	1	1	
2	1	1	
1	1	1	1	
2	1	1	
3	1	
3	1	
1	1	1	1	
1	1	1	1	
4	
2	2	
2	1	1	
2	1	1	
2	1	1	
1	1	1	1	
1	1	1	1	
2	1	1	
2	1	1	
3	1	
2	1	1	
3	1	
2	1	1	
2	1	1	
1	1	1	1	
2	1	1	
2	2	
2	1	1	
2	1	1	
1	1	1	1	
2	1	1	
2	1	1	
1	1	1	1	
2	1	1	
3	1	
1	1	1	1	
2	1	1	
4	
2	1	1	
3	1	
4	
1	1	1	1	
1	1	1	1	
1	1	1	1	
1	1	1	1	
3	1	
1	1	1	1	
1	1	1	1	
4	
1	1	1	1	
1	1	1	1	
1	1	1	1	
4	
2	1	1	
1	1	1	1	
3	1	
2	1	1	
3	1	
4	
2	1	1	
1	1	1	1	
2	1	1	
2	1	1	
3	1	
2	1	1	
2	1	
2	1	
1	1	1	
1	1	1	
3	
2	1	
1	1	1	
1	1	1	
2	1	
2	1	
1	1	1	
2	1	
1	1	1	
3	
1	1	1	
1	1	1	
2	1	
1	1	1	
2	1	
1	1	1	
2	1	
2	1	
2	1	
1	1	1	
3	
2	1	
3	
1	1	1	
2	1	
1	1	1	
2	1	
2	1	
3	
2	1	
3	
1	1	1	
1	1	1	
3	
1	1	1	
1	1	1	
1	1	1	
3	
2	1	
2	1	
2	1	
1	1	1	
1	1	1	
1	1	1	
2	1	
1	1	1	
2	1	
1	1	1	
2	1	
3	
1	1	1	
1	1	1	
1	1	1	
2	1	
2	1	
2	1	
2	1	
2	1	
1	1	1	
2	1	
2	1	
2	1	
1	1	1	
1	1	1	
3	
2	1	
3	
2	1	
1	1	1	
3	
1	1	1	
1	1	1	
3	
2	1	
1	1	1	
2	1	
3	
1	1	1	
1	1	1	
2	1	
2	1	
1	1	1	
1	1	1	
2	1	
1	1	1	
3	
2	1	
2	1	
1	1	1	
2	1	
2	1	
2	1	
1	1	1	
1	1	1	
1	1	1	
2	1	
1	1	1	
1	1	1	
3	
2	1	
2	1	
1	1	1	
2	1	
2	1	
2	1	
1	1	1	
3	
1	1	1	
1	1	1	
3	
1	1	1	
2	1	
3	
2	1	
2	1	
2	1	
1	1	1	
1	1	1	
3	
3	
1	1	1	
1	1	1	
3	
2	1	
3	
1	1	1	
1	1	1	
1	1	1	
1	1	1	
2	1	
1	1	1	
1	1	1	
1	1	1	
3	
1	1	1	
1	1	1	
2	1	
1	1	1	
1	1	1	
1	1	1	
1	1	1	
2	1	
2	1	
2	1	
3	
2	1	
1	1	1	
2	1	
3	
1	1	1	
2	1	
1	1	1	
1	1	1	
1	1	1	
2	1	
2	1	
2	1	
2	1	
3	
1	1	1	
3	
3	
1	1	1	
1	1	1	
1	1	1	
1	1	1	
3	
3	
1	1	1	
1	1	1	
1	1	1	
1	1	1	
3	
1	1	1	
1	1	1	
2	1	
1	1	1	
1	1	1	
1	1	1	
3	
2	1	
3	
3	
2	1	
1	1	1	
1	1	1	
1	1	1	
1	1	1	
1	1	1	
1	1	1	
1	1	1	
3	
1	1	1	
1	1	1	
2	1	
2	1	
1	1	1	
3	
2	1	
2	1	
1	1	1	
1	1	1	
1	1	1	
1	1	1	
1	1	1	
2	1	
2	1	
2	1	
2	1	
2	1	
1	1	1	
2	1	
1	1	1	
2	1	
1	1	1	
1	1	1	
1	1	1	
2	1	
1	1	1	
2	1	
1	1	1	
1	1	1	
1	1	1	
3	
3	
1	1	1	
2	1	
2	1	
2	1	
1	1	1	
1	1	1	
1	1	
2	
1	1	
1	1	
2	
2	
2	
1	1	
2	
2	
1	1	
1	1	
1	1	
2	
1	1	
1	1	
1	1	
2	
2	
1	1	
2	
2	
2	
1	1	
1	1	
1	1	
1	1	
2	
2	
1	1	
1	1	
2	
1	1	
1	1	
2	
1	1	
2	
2	
1	1	
1	1	
1	1	
1	1	
2	
1	1	
2	
1	1	
1	1	
2	
1	1	
2	
1	1	
1	1	
1	1	
1	1	
1	1	
1	1	
1	1	
1	1	
2	
2	
2	
1	1	
1	1	
1	1	
2	
1	1	
1	1	
1	1	
1	1	
1	1	
1	1	
1	1	
2	
2	
1	1	
2	
2	
2	
1	1	
2	
1	1	
1	1	
1	1	
1	1	
2	
1	1	
2	
1	1	
1	1	
1	1	
1	1	
1	1	
1	1	
1	1	
2	
2	
1	1	
2	
1	1	
2	
1	1	
2	
1	1	
1	1	
1	1	
2	
1	1	
1	1	
2	
2	
1	1	
2	
1	1	
1	1	
1	1	
2	
2	
1	1	
1	1	
1	1	
2	
2	
1	1	
2	
1	1	
1	1	
1	1	
1	1	
2	
2	
1	1	
1	1	
1	1	
2	
1	1	
2	
2	
1	1	
1	1	
2	
1	1	
1	1	
1	1	
2	
1	1	
2	
1	1	
1	1	
1	1	
1	1	
2	
1	1	
1	1	
1	1	
1	1	
1	1	
1	1	
1	1	
1	1	
2	
1	1	
2	
2	
2	
1	1	
1	1	
1	1	
1	1	
2	
1	1	
2	
1	1	
2	
1	1	
1	1	
1	1	
2	
2	
1	1	
1	1	
1	1	
1	1	
1	1	
1	1	
2	
1	1	
1	1	
2	
1	1	
2	
2	
2	
1	1	
1	1	
1	1	
2	
1	1	
1	1	
1	1	
2	
2	
2	
1	1	
1	1	
1	1	
2	
2	
2	
1	1	
1	1	
2	
1	1	
2	
2	
1	1	
1	1	
1	1	
1	1	
1	1	
1	1	
1	1	
1	1	
1	1	
2	
1	1	
1	1	
2	
1	1	
2	
1	1	
2	
2	
1	1	
1	1	
2	
1	1	
1	1	
2	
2	
2	
2	
2	
2	
1	1	
1	1	
1	1	
1	1	
2	
1	1	
1	1	
1	1	
2	
1	1	
1	1	
2	
2	
2	
2	
1	1	
2	
1	1	
1	1	
2	
1	1	
1	1	
2	
1	1	
2	
1	1	
1	1	
1	1	
1	1	
2	
1	1	
1	1	
1	1	
1	1	
1	1	
2	
1	1	
1	1	
2	
2	
1	1	
1	1	
1	1	
2	
2	
2	
2	
1	1	
2	
1	1	
2	
2	
1	1	
1	1	
1	1	
1	1	
2	
1	1	
1	1	
1	1	
2	
2	
1	1	
2	
2	
1	1	
1	1	
1	1	
1	1	
1	1	
1	1	
1	1	
1	1	
1	1	
1	1	
1	1	
1	1	
1	1	
1	1	
1	1	
1	1	
2	
1	1	
1	1	
1	1	
1	1	
1	1	
1	1	
1	1	
2	
2	
1	1	
2	
2	
2	
1	1	
1	1	
1	1	
2	
1	1	
1	1	
2	
1	1	
1	1	
1	1	
2	
1	1	
1	1	
2	
1	1	
1	1	
2	
1	1	
1	1	
1	1	
1	1	
1	1	
2	
1	1	
1	1	
2	
1	1	
1	1	
1	1	
1	1	
2	
2	
1	1	
1	1	
2	
1	1	
2	
1	1	
2	
1	1	
2	
2	
2	
2	
1	1	
1	1	
1	1	
2	
1	1	
1	1	
1	1	
1	1	
2	
2	
2	
2	
1	1	
2	
2	
1	1	
1	1	
1	1	
1	1	
1	1	
1	1	
2	
2	
1	1	
1	1	
2	
2	
2	
1	1	
2	
1	1	
1	1	
2	
2	
1	1	
2	
1	1	
2	
1	1	
1	1	
1	1	
2	
2	
1	1	
1	1	
1	1	
2	
1	1	
1	1	
1	1	
1	1	
1	1	
1	1	
1	1	
1	1	
1	1	
1	1	
1	1	
1	1	
1	1	
2	
1	1	
1	1	
1	1	
1	1	
2	
1	1	
1	1	
2	
1	1	
2	
1	1	
1	1	
1	1	
1	1	
1	1	
1	1	
1	1	
1	1	
1	1	
1	1	
1	1	
1	1	
1	1	
2	
2	
2	
1	1	
2	
1	1	
1	1	
1	1	
1	1	
1	1	
1	1	
2	
1	1	
1	1	
1	1	
2	
1	1	
1	1	
1	1	
1	1	
2	
1	1	
2	
1	1	
1	1	
1	1	
1	1	
1	1	
2	
2	
1	1	
1	1	
2	
1	1	
1	1	
2	
1	1	
2	
1	1	
1	1	
1	1	
2	
2	
1	1	
1	1	
1	1	
2	
1	1	
1	1	
1	1	
1	1	
2	
1	1	
1	1	
1	1	
1	1	
2	
1	1	
2	
1	1	
2	
2	
1	1	
2	
2	
2	
1	1	
1	1	
2	
1	1	
2	
2	
1	1	
1	1	
1	1	
1	1	
2	
2	
1	1	
2	
1	1	
1	1	
2	
1	1	
2	
1	1	
1	1	
1	1	
1	1	
1	1	
1	1	
2	
2	
2	
1	1	
2	
1	1	
1	1	
1	1	
1	1	
1	1	
1	1	
2	
1	1	
1	1	
1	1	
1	1	
1	1	
2	
1	1	
1	1	
1	1	
1	1	
1	1	
1	1	
1	1	
2	
2	
1	1	
1	1	
1	1	
2	
2	
2	
2	
1	1	
1	1	
1	1	
2	
1	1	
1	1	
2	
1	1	
2	
2	
2	
1	1	
1	1	
1	1	
1	1	
1	1	
2	
1	1	
1	1	
1	1	
1	1	
1	1	
1	1	
2	
1	1	
1	1	
1	
1	
1	
1	
1	
1	
1	
1	
1	
1	
1	
1	
1	
1	
1	
1	
1	
1	
1	
1	
1	
1	
1	
1	
1	
1	
1	
1	
1	
1	
1	
1	
1	
1	
1	
1	
1	
1	
1	
1	
1	
1	
1	
1	
1	
1	
1	
1	
1	
1	
1	
1	
1	
1	
1	
1	
1	
1	
1	
1	
1	
1	
1	
1	
1	
1	
1	
1	
1	
1	
1	
1	
1	
1	
1	
1	
1	
1	
1	
1	
1	
1	
1	
1	
1	
1	
1	
1	
1	
1	
1	
1	
1	
1	
1	
1	
1	
1	
1	
1	
1	
1	
1	
1	
1	
1	
1	
1	
1	
1	
1	
1	
1	
1	
1	
1	
1	
1	
1	
1	
1	
1	
1	
1	
1	
1	
1	
1	
1	
1	
1	
1	
1	
1	
1	
1	
1	
1	
1	
1	
1	
1	
1	
1	
1	
1	
1	
1	
1	
1	
1	
1	
1	
1	
1	
1	
1	
1	
1	
1	
1	
1	
1	
1	
1	
1	
1	
1	
1	
1	
1	
1	
1	
1	
1	
1	
1	
1	
1	
1	
1	
1	
1	
1	
1	
1	
1	
1	
1	
1	
1	
1	
1	
1	
1	
1	
1	
1	
1	
1	
1	
1	
1	
1	
1	
1	
1	
1	
1	
1	
1	
1	
1	
1	
1	
1	
1	
1	
1	
1	
1	
1	
1	
1	
1	
1	
1	
1	
1	
1	
1	
1	
1	
1	
1	
1	
1	
1	
1	
1	
1	
1	
1	
1	
1	
1	
1	
1	
1	
1	
1	
1	
1	
1	
1	
1	
1	
1	
1	
1	
1	
1	
1	
1	
1	
1	
1	
1	
1	
1	
1	
1	
1	
1	
1	
1	
1	
1	
1	
1	
1	
1	
1	
1	
1	
1	
1	
1	
1	
1	
1	
1	
1	
1	
1	
1	
1	
1	
1	
1	
1	
1	
1	
1	
1	
1	
1	
1	
1	
1	
1	
1	
1	
1	
1	
1	
1	
1	
1	
1	
1	
1	
1	
1	
1	
1	
1	
1	
1	
1	
1	
1	
1	
1	
1	
1	
1	
1	
1	
1	
1	
1	
1	
1	
1	
1	
1	
1	
1	
1	
1	
1	
1	
1	
1	
1	
1	
1	
1	
1	
1	
1	
1	
1	
1	
1	
1	
1	
1	
1	
1	
1	
1	
1	
1	
1	
1	
1	
1	
1	
1	
1	
1	
1	
1	
1	
1	
1	
1	
1	
1	
1	
1	
1	
1	
1	
1	
1	
1	
1	
1	
1	
1	
1	
1	
1	
1	
1	
1	
1	
1	
1	
1	
1	
1	
1	
1	
1	
1	
1	
1	
1	
1	
1	
1	
1	
1	
1	
1	
1	
1	
1	
1	
1	
1	
1	
1	
1	
1	
1	
1	
1	
1	
1	
1	
1	
1	
1	
1	
1	
1	
1	
1	
1	
1	
1	
1	
1	
1	
1	
1	
1	
1	
1	
1	
1	
1	
1	
1	
1	
1	
1	
1	
1	
1	
1	
1	
1	
1	
1	
1	
1	
1	
1	
1	
1	
1	
1	
1	
1	
1	
1	
1	
1	
1	
1	
1	
1	
1	
1	
1	
1	
1	
1	
1	
1	
1	
1	
1	
1	
1	
1	
1	
1	
1	
1	
1	
1	
1	
1	
1	
1	
1	
1	
1	
1	
1	
1	
1	
1	
1	
1	
1	
1	
1	
1	
1	
1	
1	
1	
1	
1	
1	
1	
1	
1	
1	
1	
1	
1	
1	
1	
1	
1	
1	
1	
1	
1	
1	
1	
1	
1	
1	
1	
1	
1	
1	
1	
1	
1	
1	
1	
1	
1	
1	
1	
1	
1	
1	
1	
1	
1	
1	
1	
1	
1	
1	
1	
1	
1	
1	
1	
1	
1	
1	
1	
1	
1	
1	
1	
1	
1	
1	
1	
1	
1	
1	
1	
1	
1	
1	
1	
1	
1	
1	
1	
1	
1	
1	
1	
1	
1	
1	
1	
1	
1	
1	
1	
1	
1	
1	
1	
1	
1	
1	
1	
1	
1	
1	
1	
1	
1	
1	
1	
1	
1	
1	
1	
1	
1	
1	
1	
1	
1	
1	
1	
1	
1	
1	
1	
1	
1	
1	
1	
1	
1	
1	
1	
1	
1	
1	
1	
1	
1	
1	
1	
1	
1	
1	
1	
1	
1	
1	
1	
1	
1	
1	
1	
1	
1	
1	
1	
1	
1	
1	
1	
1	
1	
1	
1	
1	
1	
1	
1	
1	
1	
1	
1	
1	
1	
1	
1	
1	
1	
1	
1	
1	
1	
1	
1	
1	
1	
1	
1	
1	
1	
1	
1	
1	
1	
1	
1	
1	
1	
1	
1	
1	
1	
1	
1	
1	
1	
1	
1	
1	
1	
1	
1	
1	
1	
1	
1	
1	
1	
1	
1	
1	
1	
1	
1	
1	
1	
1	
1	
1	
1	
1	
1	
1	
1	
1	
1	
1	
1	
1	
1	
1	
1	
1	
1	
1	
1	
1	
1	
1	
1	
1	
1	
1	
1	
1	
1	
1	
1	
1	
1	
1	
1	
1	
1	
1	
1	
1	
1	
1	
1	
1	
1	
1	
1	
1	
1	
1	
1	
1	
1	
1	
1	
1	
1	
1	
1	
1	
1	
1	
1	
1	
1	
1	
1	
1	
1	
1	
1	
1	
1	
1	
1	
1	
1	
1	
1	
1	
1	
1	
1	
1	
1	
1	
1	
1	
1	
1	
1	
1	
1	
1	
1	
1	
1	
1	
1	
1	
1	
1	
1	
1	
1	
1	
1	
1	
1	
1	
1	
1	
1	
1	
1	
1	
1	
1	
1	
1	
1	
1	
1	
1	
1	
1	
1	
1	
1	
1	
1	
1	
1	
1	
1	
1	
1	
1	
1	
1	
1	
1	
1	
1	
1	
1	
1	
1	
1	
1	
1	
1	
1	
1	
1	
1	
1	
1	
1	
1	
1	
1	
1	
1	
1	
1	
1	
1	
1	
1	
1	
1	
1	
1	
1	
1	
1	
1	
1	
1	
1	
1	
1	
1	
1	
1	
1	
1	
1	
1	
1	
1	
1	
1	
1	
1	
1	
1	
1	
1	
1	
1	
1	
1	
1	
1	
1	
1	
1	
1	
1	
1	
1	
1	
1	
1	
1	
1	
1	
1	
1	
1	
1	
1	
1	
1	
1	
1	
1	
1	
1	
1	
1	
1	
1	
1	
1	
1	
1	
1	
1	
1	
1	
1	
1	
1	
1	
1	
1	
1	
1	
1	
1	
1	
1	
1	
1	
1	
1	
1	
1	
1	
1	
1	
1	
1	
1	
1	
1	
1	
1	
1	
1	
1	
1	
1	
1	
1	
1	
1	
1	
1	
1	
1	
1	
1	
1	
1	
1	
1	
1	
1	
1	
1	
1	
1	
1	
1	
1	
1	
1	
1	
1	
1	
1	
1	
1	
1	
1	
1	
1	
1	
1	
1	
1	
1	
1	
1	
1	
1	
1	
1	
1	
1	
1	
1	
1	
1	
1	
1	
1	
1	
1	
1	
1	
1	
1	
1	
1	
1	
1	
1	
1	
1	
1	
1	
1	
1	
1	
1	
1	
1	
1	
1	
1	
1	
1	
1	
1	
1	
1	
1	
1	
1	
1	
1	
1	
1	
1	
1	
1	
1	
1	
1	
1	
1	
1	
1	
1	
1	
1	
1	
1	
1	
1	
1	
1	
1	
1	
1	
1	
1	
1	
1	
1	
1	
1	
1	
1	
1	
1	
1	
1	
1	
1	
1	
1	
1	
1	
1	
1	
1	
1	
1	
1	
1	
1	
1	
1	
1	
1	
1	
1	
1	
1	
1	
1	
1	
1	
1	
1	
1	
1	
1	
1	
1	
1	
1	
1	
1	
1	
1	
1	
1	
1	
1	
1	
1	
1	
1	
1	
1	
1	
1	
1	
1	
1	
1	
1	
1	
1	
1	
1	
1	
1	
1	
1	
1	
1	
1	
1	
1	
1	
1	
1	
1	
1	
1	
1	
1	
1	
1	
1	
1	
1	
1	
1	
1	
1	
1	
1	
1	
1	
1	
1	
1	
1	
1	
1	
1	
1	
1	
1	
1	
1	
1	
1	
1	
1	
1	
1	
1	
1	
1	
1	
1	
1	
1	
1	
1	
1	
1	
1	
1	
1	
1	
1	
1	
1	
1	
1	
1	
1	
1	
1	
1	
1	
1	
1	
1	
1	
1	
1	
1	
1	
1	
1	
1	
1	
1	
1	
1	
1	
1	
1	
1	
1	
1	
1	
1	
1	
1	
1	
1	
1	
1	
1	
1	
1	
1	
1	
1	
1	
1	
1	
1	
1	
1	
1	
1	
1	
1	
1	
1	
1	
1	
1	
1	
1	
1	
1	
1	
1	
1	
1	
1	
1	
1	
1	
1	
1	
1	
1	
1	
1	
1	
1	
1	
1	
1	
1	
1	
1	
1	
1	
1	
1	
1	
1	
1	
1	
1	
1	
1	
1	
1	
1	
1	
1	
1	
1	
1	
1	
1	
1	
1	
1	
1	
1	
1	
1	
1	
1	
1	
1	
1	
1	
1	
1	
1	
1	
1	
1	
1	
1	
1	
1	
1	
1	
1	
1	
1	
1	
1	
1	
1	
1	
1	
1	
1	
1	
1	
1	
1	
1	
1	
1	
1	
1	
1	
1	
1	
1	
1	
1	
1	
1	
1	
1	
1	
1	
1	
1	
1	
1	
1	
1	
1	
1	
1	
1	
1	
1	
1	
1	
1	
1	
1	
1	
1	
1	
1	
1	
1	
1	
1	
1	
1	
1	
1	
1	
1	
1	
1	
1	
1	
1	
1	
1	
1	
1	
1	
1	
1	
1	
1	
1	
1	
1	
1	
1	
1	
1	
1	
1	
1	
1	
1	
1	
1	
1	
1	
1	
1	
1	
1	
1	
1	
1	
1	
1	
1	
1	
1	
1	
1	
1	
1	
1	
1	
1	
1	
1	
1	
1	
1	
1	
1	
1	
1	
1	
1	
1	
1	
1	
1	
1	
1	
1	
1	
1	
1	
1	
1	
1	
1	
1	
1	
1	
1	
1	
1	
1	
1	
1	
1	
1	
1	
1	
1	
1	
1	
1	
1	
1	
1	
1	
1	
1	
1	
1	
1	
1	
1	
1	
1	
1	
1	
1	
1	
1	
1	
1	
1	
1	
1	
1	
1	
1	
1	
1	
1	
1	
1	
1	
1	
1	
1	
1	
1	
1	
1	
1	
1	
1	
1	
1	
1	
1	
1	
1	
1	
1	
1	
1	
1	
1	
1	
1	
1	
1	
1	
1	
1	
1	
1	
1	
1	
1	
1	
1	
1	
1	
1	
1	
1	
1	
1	
1	
1	
1	
1	
1	
1	
1	
1	
1	
1	
1	
1	
1	
1	
1	
1	
1	
1	
1	
1	
1	
1	
1	
1	
1	
1	
1	
1	
1	
1	
1	
1	
1	
1	
1	
1	
1	
1	
1	
1	
1	
1	
1	
1	
1	
1	
1	
1	
1	
1	
1	
1	
1	
1	
1	
1	
1	
1	
1	
1	
1	
1	
1	
1	
1	
1	
1	
1	
1	
1	
1	
1	
1	
1	
1	
1	
1	
1	
1	
1	
1	
1	
1	
1	
1	
1	
1	
1	
1	
1	
1	
1	
1	
1	
1	
1	
1	
1	
1	
1	
1	
1	
1	
1	
1	
1	
1	
1	
1	
1	
1	
1	
1	
1	
1	
1	
1	
1	
1	
1	
1	
1	
1	
1	
1	
1	
1	
1	
1	
1	
1	
1	
1	
1	
1	
1	
1	
1	
1	
1	
1	
1	
1	
1	
1	
1	
1	
1	
1	
1	
1	
1	
1	
1	
1	
1	
1	
1	
1	
1	
1	
1	
1	
1	
1	
1	
1	
1	
1	
1	
1	
1	
1	
1	
1	
1	
1	
1	
1	
1	
1	
1	
1	
1	
1	
1	
1	
1	
1	
1	
1	
1	
1	
1	
1	
1	
1	
1	
1	
1	
1	
1	
1	
1	
1	
1	
1	
1	
1	
1	
1	
1	
1	
1	
1	
1	
1	
1	
1	
1	
1	
1	
1	
1	
1	
1	
1	
1	
1	
1	
1	
1	
1	
1	
1	
1	
1	
1	
1	
1	
1	
1	
1	
1	
1	
1	
1	
1	
1	
1	
1	
1	
1	
1	
1	
1	
1	
1	
1	
1	
1	
1	
1	
1	
1	
1	
1	
1	
1	
1	
1	
1	
1	
1	
1	
1	
1	
1	
1	
1	
1	
1	
1	
1	
1	
1	
1	
1	
1	
1	
1	
1	
1	
1	
1	
1	
1	
1	
1	
1	
1	
1	
1	
1	
1	
1	
1	
1	
1	
1	
1	
1	
1	
1	
1	
1	
1	
1	
1	
1	
1	
1	
1	
1	
1	
1	
1	
1	
1	
1	
1	
1	
1	
1	
1	
1	
1	
1	
1	
1	
1	
1	
1	
1	
1	
1	
1	
1	
1	
1	
1	
1	
1	
1	
1	
1	
1	
1	
1	
1	
1	
1	
1	
1	
1	
1	
1	
1	
1	
1	
1	
1	
1	
1	
1	
1	
1	
1	
1	
1	
1	
1	
1	
1	
1	
1	
1	
1	
1	
1	
1	
1	
1	
1	
1	
1	
1	
1	
1	
1	
1	
1	
1	
1	
1	
1	
1	
1	
1	
1	
1	
1	
1	
1	
1	
1	
1	
1	
1	
1	
1	
1	
1	
1	
1	
1	
1	
1	
1	
1	
1	
1	
1	
1	
1	
1	
1	
1	
1	
1	
1	
1	
1	
1	
1	
1	
1	
1	
1	
1	
1	
1	
1	
1	
1	
1	
1	
1	
1	
1	
1	
1	
1	
1	
1	
1	
1	
1	
1	
1	
1	
1	
1	
1	
1	
1	
1	
1	
1	
1	
1	
1	
1	
1	
1	
1	
1	
1	
1	
1	
1	
1	
1	
1	
1	
1	
1	
1	
1	
1	
1	
1	
1	
1	
1	
1	
1	
1	
1	
1	
1	
1	
1	
1	
1	
1	
1	
1	
1	
1	
1	
1	
1	
1	
1	
1	
1	
1	
1	
1	
1	
1	
1	
1	
1	
1	
1	
1	
1	
1	
1	
1	
1	
1	
1	
1	
1	
1	
1	
1	
1	
1	
1	
1	
1	
1	
1	
1	
1	
1	
1	
1	
1	
1	
1	
1	
1	
1	
1	
1	
1	
1	
1	
1	
1	
1	
1	
1	
1	
1	
1	
1	
1	
1	
1	
1	
1	
1	
1	
1	
1	
1	
1	
1	
1	
1	
1	
1	
1	
1	
1	
1	
1	
1	
1	
1	
1	
1	
1	
1	
1	
1	
1	
1	
1	
1	
1	
1	
1	
1	
1	
1	
1	
1	
1	
1	
1	
1	
1	
1	
1	
1	
1	
1	
1	
1	
1	
1	
1	
1	
1	
1	
1	
1	
1	
1	
1	
1	
1	
1	
1	
1	
1	
1	
1	
1	
1	
1	
1	
1	
1	
1	
1	
1	
1	
1	
1	
1	
1	
1	
1	
1	
1	
1	
