95	65	51	35	30	22	16	15	12	9	9	8	8	8	7	6	6	6	5	5	4	4	4	4	3	3	3	3	3	3	3	3	3	3	3	2	2	2	2	2	2	2	2	2	2	2	2	2	2	2	2	2	2	1	1	1	1	1	1	1	1	1	1	1	1	1	1	1	1	1	1	1	1	1	1	1	1	1	1	1	1	1	1	1	1	1	1	1	1	1	1	1	1	1	1	1	1	1	1	1	1	1	1	1	1	1	1	1	1	1	1	1	1	1	1	1	1	1	1	1	1	1	1	1	1	1	1	1	1	
86	54	15	13	13	10	10	9	7	7	7	6	4	4	4	4	3	3	3	3	3	3	3	2	2	2	1	1	1	1	1	1	1	1	1	1	1	1	1	1	1	1	1	1	1	1	1	1	1	1	1	1	1	1	1	1	1	1	1	
48	29	20	19	15	12	10	8	8	8	8	8	7	7	7	5	4	4	3	3	3	2	2	2	2	2	2	2	2	2	2	2	1	1	1	1	1	1	1	1	1	1	1	1	1	1	1	1	1	1	1	1	1	1	1	1	1	1	1	1	1	1	1	1	1	1	
119	12	12	11	11	7	4	4	3	3	3	3	3	3	2	2	2	2	2	2	2	2	2	1	1	1	1	1	1	1	1	1	1	1	1	1	1	1	1	1	1	1	1	1	1	1	1	1	1	1	1	1	1	1	1	1	1	1	1	1	1	1	1	
96	14	13	12	9	6	6	6	5	4	4	4	4	4	4	3	3	3	3	2	2	2	2	2	2	2	1	1	1	1	1	1	1	1	1	1	1	1	1	1	1	1	1	1	1	1	1	1	1	1	1	1	1	1	1	1	
13	11	10	10	9	9	8	8	8	7	7	6	6	6	5	5	5	4	4	3	3	3	3	3	3	2	2	2	2	2	2	2	1	1	1	1	1	1	1	1	1	1	1	1	1	1	1	1	1	1	1	
16	10	9	8	8	8	7	7	7	7	7	6	5	5	4	4	4	4	3	3	3	3	3	2	2	2	2	2	2	2	2	2	2	1	1	1	1	1	1	1	1	1	1	1	1	1	1	1	1	1	1	1	1	1	
57	10	9	5	5	4	3	3	3	3	2	2	2	2	2	2	2	2	2	2	2	2	2	2	2	1	1	1	1	1	1	1	1	1	1	1	1	1	1	1	1	1	1	1	1	1	1	1	1	1	1	1	1	
74	7	5	3	3	3	3	2	2	2	2	2	2	2	1	1	1	1	1	1	1	1	1	1	1	1	1	1	1	1	1	1	1	
33	11	5	5	4	4	3	3	2	2	2	2	1	1	1	1	1	1	1	1	1	1	1	1	1	1	1	1	1	1	1	1	1	1	1	1	1	1	1	1	
51	11	5	2	2	2	2	1	1	1	1	1	1	1	1	1	1	1	1	1	1	1	1	1	1	1	1	1	1	1	1	1	
9	8	7	5	5	4	4	3	3	3	2	2	2	2	2	2	2	2	2	2	2	2	1	1	1	1	1	1	1	1	1	1	1	1	1	1	1	1	1	1	1	1	
33	30	6	6	5	5	2	2	1	1	1	1	1	
45	7	4	4	4	3	3	2	2	2	2	2	2	1	1	1	1	1	1	1	1	1	1	1	
14	12	6	5	5	4	3	3	3	3	2	2	2	2	1	1	1	1	1	1	1	1	1	1	1	1	1	1	1	1	1	1	1	1	
40	13	3	3	2	2	2	2	2	2	1	1	1	1	1	1	1	1	1	1	1	1	1	1	
11	7	5	5	4	3	3	2	2	2	2	1	1	1	1	1	1	1	1	1	1	1	1	1	1	1	1	1	1	1	1	1	1	1	1	1	1	1	1	1	1	1	1	1	1	1	1	1	1	
29	7	5	4	3	2	2	2	2	2	2	1	1	1	1	1	1	1	1	1	1	1	1	1	1	1	1	1	1	
31	5	4	3	3	2	2	2	1	1	1	1	1	1	1	1	1	1	1	1	1	1	1	1	1	1	1	1	1	1	1	1	1	1	
39	7	3	3	2	2	2	2	2	2	2	1	1	1	1	1	1	1	1	1	
38	6	4	2	2	1	1	1	1	1	1	1	1	1	1	1	1	1	1	1	1	1	1	1	
4	3	2	2	2	2	2	2	1	1	1	1	1	1	1	1	1	1	1	1	1	1	1	1	1	1	1	1	1	1	1	1	1	1	1	1	1	1	1	1	1	1	1	1	1	1	1	1	1	1	1	1	1	1	1	
21	7	3	2	2	2	2	2	2	2	2	1	1	1	1	1	1	1	1	1	1	1	1	1	1	1	1	1	1	
12	12	6	4	4	3	3	2	2	1	1	1	1	1	1	1	1	1	1	1	1	1	1	1	1	
49	3	3	2	1	1	1	1	1	1	1	
31	4	3	3	3	2	2	2	2	1	1	1	1	1	1	1	1	1	1	1	
27	5	2	2	2	2	1	1	1	1	1	1	1	1	1	1	1	1	1	1	1	1	1	1	1	1	1	1	
15	7	4	3	2	2	1	1	1	1	1	1	1	1	1	1	1	1	1	1	1	1	1	1	1	1	1	1	1	1	1	1	1	1	
22	8	4	4	3	3	2	2	2	2	1	1	1	1	1	
6	5	4	3	3	2	2	2	2	2	1	1	1	1	1	1	1	1	1	1	1	1	1	1	1	1	1	1	1	1	1	1	1	1	
48	1	1	1	
13	7	3	3	2	2	2	2	1	1	1	1	1	1	1	1	1	1	1	1	1	1	1	1	
4	4	3	3	2	2	2	2	2	2	2	2	2	2	1	1	1	1	1	1	1	1	1	1	1	1	1	1	
45	1	1	1	
17	3	3	2	2	2	2	1	1	1	1	1	1	1	1	1	1	1	1	1	1	1	1	
6	4	3	3	2	2	2	2	2	2	2	1	1	1	1	1	1	1	1	1	1	1	1	1	1	1	1	1	
46	
17	8	8	2	1	1	1	1	1	1	1	1	1	1	1	
44	2	
6	3	3	3	2	2	2	2	2	2	2	1	1	1	1	1	1	1	1	1	1	1	1	1	1	1	1	1	
4	3	3	2	2	2	2	2	2	2	2	2	2	1	1	1	1	1	1	1	1	1	1	1	1	1	1	
31	9	3	1	
12	10	8	4	3	1	1	1	1	1	
8	7	6	3	3	2	2	1	1	1	1	1	1	1	1	1	1	
9	3	2	2	1	1	1	1	1	1	1	1	1	1	1	1	1	1	1	1	1	1	1	1	1	1	1	1	1	
29	8	
16	4	2	1	1	1	1	1	1	1	1	1	1	1	1	1	
35	
11	8	3	2	2	2	1	1	1	1	1	1	
16	2	2	1	1	1	1	1	1	1	1	1	1	1	1	1	
11	9	3	3	2	1	1	1	1	
13	3	2	2	1	1	1	1	1	1	1	1	1	1	
19	2	2	1	1	1	1	1	1	
3	3	3	2	2	2	1	1	1	1	1	1	1	1	1	1	1	1	1	1	
12	2	1	1	1	1	1	1	1	1	1	1	1	1	1	1	
2	2	2	2	2	2	2	1	1	1	1	1	1	1	1	1	1	1	1	1	1	
11	4	4	3	2	2	1	1	
7	5	4	2	2	2	1	1	1	1	1	
6	5	4	4	2	1	1	1	1	1	1	
4	3	3	2	1	1	1	1	1	1	1	1	1	1	1	1	1	1	
8	5	4	2	2	1	1	1	1	1	
9	6	2	2	2	1	1	1	1	1	
11	4	2	2	1	1	1	1	1	
6	4	3	2	2	1	1	1	1	1	1	1	
6	4	2	1	1	1	1	1	1	1	1	1	1	1	1	
6	6	2	2	2	2	1	1	1	1	
3	2	2	2	2	1	1	1	1	1	1	1	1	1	1	1	1	
3	3	2	2	2	1	1	1	1	1	1	1	1	1	1	1	
4	4	2	2	2	1	1	1	1	1	1	1	1	
10	2	2	1	1	1	1	1	1	1	1	
11	4	2	2	1	1	1	
15	2	2	1	1	1	
7	4	3	2	1	1	1	1	1	
6	4	3	2	1	1	1	1	1	1	
3	3	2	2	1	1	1	1	1	1	1	1	1	1	1	
4	3	3	2	2	1	1	1	1	1	1	1	
4	3	3	2	1	1	1	1	1	1	1	1	1	
4	4	3	2	1	1	1	1	1	1	1	
12	1	1	1	1	1	1	1	1	
5	3	2	2	1	1	1	1	1	1	1	1	
12	2	2	1	1	1	1	
2	2	2	2	1	1	1	1	1	1	1	1	1	1	1	1	
4	2	2	1	1	1	1	1	1	1	1	1	1	1	
8	6	4	1	
4	2	1	1	1	1	1	1	1	1	1	1	1	1	1	
15	1	1	1	1	
6	5	2	2	1	1	1	
9	2	1	1	1	1	1	1	1	
5	1	1	1	1	1	1	1	1	1	1	1	1	1	
7	3	2	2	1	1	1	1	
3	2	1	1	1	1	1	1	1	1	1	1	1	1	1	
4	3	2	1	1	1	1	1	1	1	1	
12	1	1	1	1	1	
5	2	1	1	1	1	1	1	1	1	1	1	
9	4	1	1	1	1	
4	2	1	1	1	1	1	1	1	1	1	1	1	
8	4	2	1	1	1	
4	3	2	1	1	1	1	1	1	1	1	
5	3	2	2	1	1	1	1	1	
8	2	1	1	1	1	1	1	1	
7	6	2	1	1	
11	4	1	
5	3	2	1	1	1	1	1	1	
5	4	2	2	1	1	1	
2	2	2	1	1	1	1	1	1	1	1	1	1	
4	3	2	1	1	1	1	1	1	1	
7	6	2	1	
6	3	2	2	1	1	1	
12	1	1	1	
7	1	1	1	1	1	1	1	1	
5	4	4	1	1	
6	3	2	1	1	1	1	
5	4	1	1	1	1	1	1	
5	2	1	1	1	1	1	1	1	1	
11	3	1	
7	2	1	1	1	1	1	
4	3	2	2	1	1	1	
2	2	1	1	1	1	1	1	1	1	1	1	
4	2	1	1	1	1	1	1	1	1	
3	2	2	1	1	1	1	1	1	1	
10	1	1	1	1	
2	1	1	1	1	1	1	1	1	1	1	1	
2	2	1	1	1	1	1	1	1	1	1	
3	1	1	1	1	1	1	1	1	1	1	
2	1	1	1	1	1	1	1	1	1	1	1	
3	2	1	1	1	1	1	1	1	1	
10	2	1	
11	1	1	
5	2	1	1	1	1	1	1	
6	4	2	1	
2	2	1	1	1	1	1	1	1	1	1	
5	1	1	1	1	1	1	1	1	
11	1	1	
4	4	2	2	1	
7	2	2	1	1	
3	1	1	1	1	1	1	1	1	1	1	
8	4	1	
3	2	2	2	1	1	1	1	
6	2	2	2	1	
3	2	2	1	1	1	1	1	
4	2	1	1	1	1	1	1	
5	1	1	1	1	1	1	1	
5	1	1	1	1	1	1	1	
3	2	2	1	1	1	1	1	
5	2	2	1	1	1	
6	5	1	
2	1	1	1	1	1	1	1	1	1	1	
4	3	1	1	1	1	1	
4	2	2	1	1	1	1	
6	2	1	1	1	1	
10	2	
2	1	1	1	1	1	1	1	1	1	
6	3	1	1	
1	1	1	1	1	1	1	1	1	1	1	
3	3	2	1	1	1	
2	2	2	1	1	1	1	1	
5	3	1	1	1	
3	2	2	1	1	1	1	
3	2	1	1	1	1	1	1	
3	3	1	1	1	1	1	
3	1	1	1	1	1	1	1	1	
4	1	1	1	1	1	1	1	
6	2	1	1	1	
5	4	2	
2	2	2	1	1	1	1	1	
2	2	2	1	1	1	1	1	
2	1	1	1	1	1	1	1	1	1	
2	2	1	1	1	1	1	1	1	
7	1	1	1	1	
9	2	
5	2	1	1	1	1	
2	2	2	1	1	1	1	1	
3	2	1	1	1	1	1	1	
1	1	1	1	1	1	1	1	1	1	1	
6	3	1	
3	2	1	1	1	1	1	
4	2	1	1	1	1	
4	1	1	1	1	1	1	
2	2	2	1	1	1	1	
4	1	1	1	1	1	1	
6	1	1	1	1	
6	1	1	1	1	
5	2	1	1	1	
3	2	1	1	1	1	1	
4	2	1	1	1	1	
3	2	2	2	1	
3	1	1	1	1	1	1	1	
3	1	1	1	1	1	1	1	
4	1	1	1	1	1	1	
2	2	1	1	1	1	1	1	
10	
10	
3	1	1	1	1	1	1	1	
5	2	2	1	
2	2	1	1	1	1	1	1	
2	2	2	1	1	1	1	
4	2	1	1	1	1	
6	2	1	1	
3	1	1	1	1	1	1	
5	4	
2	2	1	1	1	1	1	
5	1	1	1	1	
5	2	1	1	
6	2	1	
4	2	1	1	1	
8	1	
6	3	
2	1	1	1	1	1	1	1	
3	2	1	1	1	1	
4	3	1	1	
6	1	1	1	
4	1	1	1	1	1	
8	1	
2	1	1	1	1	1	1	1	
9	
4	1	1	1	1	1	
3	2	1	1	1	1	
3	2	1	1	1	1	
5	1	1	1	1	
2	1	1	1	1	1	1	1	
8	1	
2	1	1	1	1	1	1	1	
5	1	1	1	1	
1	1	1	1	1	1	1	1	1	
3	1	1	1	1	1	1	
2	2	1	1	1	1	1	
3	2	1	1	1	1	
2	2	1	1	1	1	1	
4	3	1	1	
6	1	1	1	
1	1	1	1	1	1	1	1	1	
9	
2	2	1	1	1	1	
1	1	1	1	1	1	1	1	
3	1	1	1	1	1	
2	1	1	1	1	1	1	
8	
6	1	1	
1	1	1	1	1	1	1	1	
2	1	1	1	1	1	1	
2	2	1	1	1	1	
3	2	1	1	1	
1	1	1	1	1	1	1	1	
5	2	1	
1	1	1	1	1	1	1	1	
3	2	1	1	1	
1	1	1	1	1	1	1	1	
5	3	
1	1	1	1	1	1	1	1	
3	2	1	1	1	
1	1	1	1	1	1	1	1	
4	3	1	
2	1	1	1	1	1	1	
4	1	1	1	1	
6	1	1	
2	1	1	1	1	1	1	
2	1	1	1	1	1	1	
2	1	1	1	1	1	1	
2	1	1	1	1	1	1	
3	2	1	1	1	
1	1	1	1	1	1	1	1	
2	2	1	1	1	1	
2	2	1	1	1	
2	2	1	1	1	
2	2	1	1	1	
2	1	1	1	1	1	
7	
4	2	1	
3	2	1	1	
7	
4	1	1	1	
2	2	1	1	1	
2	2	1	1	1	
7	
2	1	1	1	1	1	
3	1	1	1	1	
2	1	1	1	1	1	
2	1	1	1	1	1	
6	1	
2	1	1	1	1	1	
4	1	1	1	
2	1	1	1	1	1	
3	2	1	1	
2	2	1	1	1	
4	2	1	
3	1	1	1	1	
7	
7	
4	1	1	1	
4	1	1	1	
4	2	1	
6	1	
1	1	1	1	1	1	1	
1	1	1	1	1	1	1	
3	1	1	1	1	
2	2	1	1	1	
6	1	
2	2	1	1	1	
1	1	1	1	1	1	
2	1	1	1	1	
3	2	1	
5	1	
2	2	1	1	
6	
1	1	1	1	1	1	
1	1	1	1	1	1	
2	1	1	1	1	
2	1	1	1	1	
2	2	1	1	
3	1	1	1	
2	1	1	1	1	
2	1	1	1	1	
4	2	
3	2	1	
2	1	1	1	1	
3	2	1	
3	1	1	1	
6	
2	2	1	1	
3	1	1	1	
4	1	1	
2	1	1	1	1	
2	1	1	1	1	
1	1	1	1	1	1	
2	1	1	1	1	
2	1	1	1	1	
6	
5	1	
3	1	1	1	
2	1	1	1	1	
6	
2	2	1	1	
2	2	1	1	
2	1	1	1	1	
1	1	1	1	1	1	
2	1	1	1	1	
2	1	1	1	1	
2	2	1	1	
5	1	
1	1	1	1	1	1	
4	1	1	
5	1	
3	1	1	1	
2	1	1	1	1	
2	1	1	1	1	
1	1	1	1	1	1	
3	1	1	1	
2	2	2	
5	1	
6	
2	1	1	1	1	
3	1	1	1	
2	1	1	1	1	
5	1	
2	1	1	1	1	
2	2	1	1	
2	1	1	1	1	
4	1	1	
5	1	
2	1	1	1	1	
2	1	1	1	1	
4	2	
1	1	1	1	1	1	
3	1	1	1	
1	1	1	1	1	1	
2	1	1	1	1	
2	2	1	1	
2	1	1	1	1	
1	1	1	1	1	1	
4	1	
2	2	1	
4	1	
4	1	
5	
1	1	1	1	1	
4	1	
1	1	1	1	1	
3	1	1	
5	
3	1	1	
1	1	1	1	1	
2	1	1	1	
3	1	1	
2	1	1	1	
5	
1	1	1	1	1	
2	2	1	
4	1	
1	1	1	1	1	
3	1	1	
3	2	
2	1	1	1	
5	
1	1	1	1	1	
5	
1	1	1	1	1	
2	1	1	1	
2	1	1	1	
1	1	1	1	1	
2	1	1	1	
1	1	1	1	1	
2	1	1	1	
5	
2	1	1	1	
4	1	
3	1	1	
3	1	1	
2	2	1	
2	1	1	1	
2	1	1	1	
4	1	
1	1	1	1	1	
3	1	1	
1	1	1	1	1	
2	1	1	1	
3	1	1	
3	1	1	
4	1	
2	1	1	1	
2	1	1	1	
3	1	1	
1	1	1	1	1	
2	1	1	1	
4	1	
1	1	1	1	1	
5	
5	
3	1	1	
2	1	1	1	
4	1	
1	1	1	1	1	
5	
4	1	
3	2	
2	2	1	
2	1	1	1	
1	1	1	1	1	
3	2	
1	1	1	1	1	
1	1	1	1	1	
1	1	1	1	1	
2	1	1	1	
2	1	1	1	
1	1	1	1	1	
1	1	1	1	1	
3	1	1	
2	1	1	1	
1	1	1	1	1	
1	1	1	1	1	
1	1	1	1	1	
3	1	1	
1	1	1	1	1	
1	1	1	1	1	
2	1	1	
1	1	1	1	
2	1	1	
4	
2	1	1	
2	1	1	
1	1	1	1	
3	1	
2	1	1	
2	1	1	
2	1	1	
2	1	1	
1	1	1	1	
2	1	1	
1	1	1	1	
3	1	
2	1	1	
4	
2	1	1	
1	1	1	1	
2	1	1	
2	1	1	
1	1	1	1	
1	1	1	1	
3	1	
2	2	
3	1	
2	2	
1	1	1	1	
2	1	1	
1	1	1	1	
3	1	
1	1	1	1	
1	1	1	1	
2	1	1	
2	1	1	
2	1	1	
2	1	1	
2	1	1	
2	1	1	
1	1	1	1	
3	1	
4	
2	1	1	
3	1	
1	1	1	1	
1	1	1	1	
1	1	1	1	
2	1	1	
1	1	1	1	
1	1	1	1	
2	1	1	
4	
4	
3	1	
2	1	1	
2	1	1	
1	1	1	1	
1	1	1	1	
1	1	1	1	
1	1	1	1	
1	1	1	1	
2	1	1	
2	1	1	
2	1	1	
1	1	1	1	
2	2	
3	1	
1	1	1	1	
1	1	1	1	
2	1	1	
2	1	1	
2	1	1	
1	1	1	1	
3	1	
2	1	1	
2	2	
2	1	1	
3	1	
2	1	1	
4	
2	1	1	
4	
2	1	1	
1	1	1	1	
2	1	1	
4	
1	1	1	1	
3	1	
1	1	1	1	
2	1	1	
1	1	1	1	
2	1	1	
1	1	1	1	
3	1	
2	1	1	
1	1	1	1	
2	1	1	
3	1	
1	1	1	1	
4	
2	1	1	
3	1	
1	1	1	1	
3	1	
1	1	1	1	
1	1	1	1	
3	1	
2	1	1	
4	
1	1	1	1	
1	1	1	1	
3	1	
2	1	1	
3	1	
1	1	1	1	
3	1	
2	1	1	
1	1	1	1	
1	1	1	1	
2	1	1	
1	1	1	1	
2	1	1	
2	1	1	
2	1	1	
2	1	1	
2	1	
2	1	
3	
2	1	
2	1	
2	1	
3	
3	
1	1	1	
3	
1	1	1	
1	1	1	
1	1	1	
1	1	1	
3	
2	1	
2	1	
3	
1	1	1	
1	1	1	
2	1	
1	1	1	
1	1	1	
2	1	
3	
3	
2	1	
1	1	1	
2	1	
2	1	
2	1	
1	1	1	
3	
2	1	
1	1	1	
2	1	
2	1	
3	
2	1	
2	1	
2	1	
3	
1	1	1	
2	1	
1	1	1	
1	1	1	
3	
1	1	1	
1	1	1	
2	1	
3	
2	1	
2	1	
2	1	
2	1	
2	1	
1	1	1	
1	1	1	
1	1	1	
1	1	1	
1	1	1	
1	1	1	
1	1	1	
3	
1	1	1	
1	1	1	
1	1	1	
1	1	1	
3	
1	1	1	
3	
2	1	
2	1	
1	1	1	
1	1	1	
1	1	1	
1	1	1	
1	1	1	
2	1	
1	1	1	
1	1	1	
2	1	
2	1	
1	1	1	
3	
2	1	
3	
2	1	
1	1	1	
3	
1	1	1	
2	1	
1	1	1	
2	1	
1	1	1	
1	1	1	
1	1	1	
1	1	1	
1	1	1	
2	1	
3	
1	1	1	
2	1	
1	1	1	
2	1	
2	1	
3	
1	1	1	
3	
2	1	
2	1	
1	1	1	
1	1	1	
3	
2	1	
2	1	
1	1	1	
2	1	
2	1	
2	1	
1	1	1	
1	1	1	
1	1	1	
3	
1	1	1	
1	1	1	
1	1	1	
1	1	1	
2	1	
2	1	
1	1	1	
2	1	
3	
1	1	1	
1	1	1	
3	
2	1	
2	1	
3	
1	1	1	
2	1	
1	1	1	
2	1	
2	1	
2	1	
2	1	
1	1	1	
2	1	
1	1	1	
2	1	
3	
1	1	1	
3	
1	1	1	
3	
3	
1	1	1	
1	1	1	
1	1	1	
1	1	1	
1	1	1	
2	1	
2	1	
2	1	
3	
2	1	
2	1	
3	
2	1	
1	1	1	
1	1	1	
3	
2	1	
3	
1	1	1	
1	1	1	
1	1	1	
1	1	1	
2	1	
2	1	
2	1	
1	1	1	
2	1	
3	
1	1	1	
2	1	
1	1	1	
2	1	
1	1	
2	
1	1	
2	
1	1	
2	
2	
1	1	
2	
1	1	
1	1	
1	1	
1	1	
1	1	
1	1	
1	1	
2	
2	
2	
2	
1	1	
1	1	
2	
1	1	
2	
1	1	
2	
2	
1	1	
2	
1	1	
1	1	
1	1	
1	1	
2	
2	
2	
2	
1	1	
1	1	
1	1	
2	
2	
1	1	
1	1	
1	1	
1	1	
1	1	
1	1	
1	1	
1	1	
2	
1	1	
1	1	
1	1	
1	1	
1	1	
2	
2	
1	1	
2	
2	
1	1	
2	
1	1	
2	
2	
1	1	
2	
1	1	
1	1	
1	1	
2	
1	1	
1	1	
2	
1	1	
1	1	
2	
1	1	
1	1	
1	1	
2	
1	1	
1	1	
1	1	
1	1	
1	1	
1	1	
1	1	
1	1	
1	1	
1	1	
1	1	
2	
2	
1	1	
2	
1	1	
2	
2	
2	
1	1	
1	1	
1	1	
1	1	
1	1	
1	1	
1	1	
1	1	
1	1	
1	1	
2	
1	1	
1	1	
1	1	
2	
2	
1	1	
1	1	
1	1	
1	1	
2	
1	1	
2	
1	1	
2	
2	
1	1	
1	1	
1	1	
2	
1	1	
2	
1	1	
1	1	
1	1	
2	
1	1	
1	1	
1	1	
2	
1	1	
1	1	
1	1	
2	
1	1	
2	
1	1	
2	
2	
1	1	
1	1	
1	1	
2	
1	1	
2	
2	
1	1	
1	1	
1	1	
2	
1	1	
1	1	
1	1	
2	
1	1	
2	
1	1	
2	
1	1	
1	1	
2	
1	1	
2	
2	
1	1	
1	1	
1	1	
1	1	
1	1	
1	1	
1	1	
1	1	
2	
2	
2	
2	
1	1	
2	
2	
1	1	
1	1	
1	1	
1	1	
1	1	
2	
2	
1	1	
1	1	
1	1	
1	1	
1	1	
1	1	
1	1	
2	
1	1	
1	1	
1	1	
2	
2	
2	
1	1	
1	1	
1	1	
1	1	
2	
1	1	
1	1	
1	1	
1	1	
2	
2	
1	1	
2	
1	1	
1	1	
2	
1	1	
2	
1	1	
1	1	
2	
1	1	
1	1	
2	
2	
2	
2	
1	1	
2	
1	1	
1	1	
1	1	
1	1	
2	
2	
2	
1	1	
2	
1	1	
2	
1	1	
1	1	
1	1	
2	
1	1	
2	
2	
1	1	
2	
1	1	
1	1	
2	
2	
1	1	
2	
1	1	
1	1	
2	
2	
2	
1	1	
1	1	
1	1	
2	
1	1	
1	1	
1	1	
1	1	
2	
2	
1	1	
2	
1	1	
1	1	
2	
2	
1	1	
1	1	
1	1	
1	1	
1	1	
2	
1	1	
1	1	
2	
1	1	
1	1	
1	1	
2	
2	
1	1	
1	1	
2	
1	1	
1	1	
1	1	
2	
1	1	
1	1	
1	1	
1	1	
1	1	
1	1	
1	1	
1	1	
1	1	
2	
1	1	
1	1	
1	1	
1	1	
1	1	
1	1	
1	1	
1	1	
1	1	
1	1	
1	1	
1	1	
1	1	
1	1	
1	1	
1	1	
1	1	
1	1	
2	
2	
2	
1	1	
1	1	
2	
1	1	
1	1	
2	
1	1	
2	
1	1	
2	
1	1	
2	
1	1	
1	1	
1	1	
1	1	
2	
1	1	
1	1	
2	
1	1	
2	
1	1	
2	
2	
2	
1	1	
1	1	
1	1	
1	1	
2	
2	
1	1	
1	1	
1	1	
1	1	
2	
1	1	
1	1	
2	
1	1	
1	1	
1	1	
1	1	
2	
2	
1	1	
1	1	
1	1	
1	1	
2	
1	1	
1	1	
2	
2	
1	1	
1	1	
1	1	
1	1	
1	1	
1	1	
1	1	
1	1	
2	
2	
1	1	
1	1	
1	1	
1	1	
1	1	
2	
2	
1	1	
1	1	
1	1	
2	
2	
1	1	
1	1	
1	1	
1	1	
1	1	
1	1	
1	1	
1	1	
2	
1	1	
1	1	
1	1	
1	1	
1	1	
1	1	
1	1	
2	
1	1	
1	1	
1	1	
1	1	
1	1	
1	1	
1	1	
1	1	
1	1	
2	
1	1	
1	1	
1	1	
1	1	
1	1	
1	1	
1	1	
1	1	
1	1	
1	1	
1	1	
1	1	
2	
1	1	
2	
1	1	
2	
1	1	
1	1	
2	
1	1	
1	1	
1	1	
1	1	
2	
1	1	
2	
1	1	
2	
1	1	
2	
2	
1	1	
1	1	
1	1	
1	1	
1	1	
1	1	
2	
1	1	
2	
2	
1	1	
1	1	
1	1	
1	1	
1	1	
2	
1	1	
1	1	
1	1	
1	1	
1	1	
1	1	
1	1	
2	
2	
1	1	
1	1	
1	1	
2	
1	1	
1	1	
2	
1	1	
1	1	
1	1	
1	1	
1	1	
2	
2	
1	1	
2	
1	1	
2	
1	1	
1	1	
2	
1	1	
1	1	
1	1	
2	
1	1	
1	1	
1	1	
1	
1	
1	
1	
1	
1	
1	
1	
1	
1	
1	
1	
1	
1	
1	
1	
1	
1	
1	
1	
1	
1	
1	
1	
1	
1	
1	
1	
1	
1	
1	
1	
1	
1	
1	
1	
1	
1	
1	
1	
1	
1	
1	
1	
1	
1	
1	
1	
1	
1	
1	
1	
1	
1	
1	
1	
1	
1	
1	
1	
1	
1	
1	
1	
1	
1	
1	
1	
1	
1	
1	
1	
1	
1	
1	
1	
1	
1	
1	
1	
1	
1	
1	
1	
1	
1	
1	
1	
1	
1	
1	
1	
1	
1	
1	
1	
1	
1	
1	
1	
1	
1	
1	
1	
1	
1	
1	
1	
1	
1	
1	
1	
1	
1	
1	
1	
1	
1	
1	
1	
1	
1	
1	
1	
1	
1	
1	
1	
1	
1	
1	
1	
1	
1	
1	
1	
1	
1	
1	
1	
1	
1	
1	
1	
1	
1	
1	
1	
1	
1	
1	
1	
1	
1	
1	
1	
1	
1	
1	
1	
1	
1	
1	
1	
1	
1	
1	
1	
1	
1	
1	
1	
1	
1	
1	
1	
1	
1	
1	
1	
1	
1	
1	
1	
1	
1	
1	
1	
1	
1	
1	
1	
1	
1	
1	
1	
1	
1	
1	
1	
1	
1	
1	
1	
1	
1	
1	
1	
1	
1	
1	
1	
1	
1	
1	
1	
1	
1	
1	
1	
1	
1	
1	
1	
1	
1	
1	
1	
1	
1	
1	
1	
1	
1	
1	
1	
1	
1	
1	
1	
1	
1	
1	
1	
1	
1	
1	
1	
1	
1	
1	
1	
1	
1	
1	
1	
1	
1	
1	
1	
1	
1	
1	
1	
1	
1	
1	
1	
1	
1	
1	
1	
1	
1	
1	
1	
1	
1	
1	
1	
1	
1	
1	
1	
1	
1	
1	
1	
1	
1	
1	
1	
1	
1	
1	
1	
1	
1	
1	
1	
1	
1	
1	
1	
1	
1	
1	
1	
1	
1	
1	
1	
1	
1	
1	
1	
1	
1	
1	
1	
1	
1	
1	
1	
1	
1	
1	
1	
1	
1	
1	
1	
1	
1	
1	
1	
1	
1	
1	
1	
1	
1	
1	
1	
1	
1	
1	
1	
1	
1	
1	
1	
1	
1	
1	
1	
1	
1	
1	
1	
1	
1	
1	
1	
1	
1	
1	
1	
1	
1	
1	
1	
1	
1	
1	
1	
1	
1	
1	
1	
1	
1	
1	
1	
1	
1	
1	
1	
1	
1	
1	
1	
1	
1	
1	
1	
1	
1	
1	
1	
1	
1	
1	
1	
1	
1	
1	
1	
1	
1	
1	
1	
1	
1	
1	
1	
1	
1	
1	
1	
1	
1	
1	
1	
1	
1	
1	
1	
1	
1	
1	
1	
1	
1	
1	
1	
1	
1	
1	
1	
1	
1	
1	
1	
1	
1	
1	
1	
1	
1	
1	
1	
1	
1	
1	
1	
1	
1	
1	
1	
1	
1	
1	
1	
1	
1	
1	
1	
1	
1	
1	
1	
1	
1	
1	
1	
1	
1	
1	
1	
1	
1	
1	
1	
1	
1	
1	
1	
1	
1	
1	
1	
1	
1	
1	
1	
1	
1	
1	
1	
1	
1	
1	
1	
1	
1	
1	
1	
1	
1	
1	
1	
1	
1	
1	
1	
1	
1	
1	
1	
1	
1	
1	
1	
1	
1	
1	
1	
1	
1	
1	
1	
1	
1	
1	
1	
1	
1	
1	
1	
1	
1	
1	
1	
1	
1	
1	
1	
1	
1	
1	
1	
1	
1	
1	
1	
1	
1	
1	
1	
1	
1	
1	
1	
1	
1	
1	
1	
1	
1	
1	
1	
1	
1	
1	
1	
1	
1	
1	
1	
1	
1	
1	
1	
1	
1	
1	
1	
1	
1	
1	
1	
1	
1	
1	
1	
1	
1	
1	
1	
1	
1	
1	
1	
1	
1	
1	
1	
1	
1	
1	
1	
1	
1	
1	
1	
1	
1	
1	
1	
1	
1	
1	
1	
1	
1	
1	
1	
1	
1	
1	
1	
1	
1	
1	
1	
1	
1	
1	
1	
1	
1	
1	
1	
1	
1	
1	
1	
1	
1	
1	
1	
1	
1	
1	
1	
1	
1	
1	
1	
1	
1	
1	
1	
1	
1	
1	
1	
1	
1	
1	
1	
1	
1	
1	
1	
1	
1	
1	
1	
1	
1	
1	
1	
1	
1	
1	
1	
1	
1	
1	
1	
1	
1	
1	
1	
1	
1	
1	
1	
1	
1	
1	
1	
1	
1	
1	
1	
1	
1	
1	
1	
1	
1	
1	
1	
1	
1	
1	
1	
1	
1	
1	
1	
1	
1	
1	
1	
1	
1	
1	
1	
1	
1	
1	
1	
1	
1	
1	
1	
1	
1	
1	
1	
1	
1	
1	
1	
1	
1	
1	
1	
1	
1	
1	
1	
1	
1	
1	
1	
1	
1	
1	
1	
1	
1	
1	
1	
1	
1	
1	
1	
1	
1	
1	
1	
1	
1	
1	
1	
1	
1	
1	
1	
1	
1	
1	
1	
1	
1	
1	
1	
1	
1	
1	
1	
1	
1	
1	
1	
1	
1	
1	
1	
1	
1	
1	
1	
1	
1	
1	
1	
1	
1	
1	
1	
1	
1	
1	
1	
1	
1	
1	
1	
1	
1	
1	
1	
1	
1	
1	
1	
1	
1	
1	
1	
1	
1	
1	
1	
1	
1	
1	
1	
1	
1	
1	
1	
1	
1	
1	
1	
1	
1	
1	
1	
1	
1	
1	
1	
1	
1	
1	
1	
1	
1	
1	
1	
1	
1	
1	
1	
1	
1	
1	
1	
1	
1	
1	
1	
1	
1	
1	
1	
1	
1	
1	
1	
1	
1	
1	
1	
1	
1	
1	
1	
1	
1	
1	
1	
1	
1	
1	
1	
1	
1	
1	
1	
1	
1	
1	
1	
1	
1	
1	
1	
1	
1	
1	
1	
1	
1	
1	
1	
1	
1	
1	
1	
1	
1	
1	
1	
1	
1	
1	
1	
1	
1	
1	
1	
1	
1	
1	
1	
1	
1	
1	
1	
1	
1	
1	
1	
1	
1	
1	
1	
1	
1	
1	
1	
1	
1	
1	
1	
1	
1	
1	
1	
1	
1	
1	
1	
1	
1	
1	
1	
1	
1	
1	
1	
1	
1	
1	
1	
1	
1	
1	
1	
1	
1	
1	
1	
1	
1	
1	
1	
1	
1	
1	
1	
1	
1	
1	
1	
1	
1	
1	
1	
1	
1	
1	
1	
1	
1	
1	
1	
1	
1	
1	
1	
1	
1	
1	
1	
1	
1	
1	
1	
1	
1	
1	
1	
1	
1	
1	
1	
1	
1	
1	
1	
1	
1	
1	
1	
1	
1	
1	
1	
1	
1	
1	
1	
1	
1	
1	
1	
1	
1	
1	
1	
1	
1	
1	
1	
1	
1	
1	
1	
1	
1	
1	
1	
1	
1	
1	
1	
1	
1	
1	
1	
1	
1	
1	
1	
1	
1	
1	
1	
1	
1	
1	
1	
1	
1	
1	
1	
1	
1	
1	
1	
1	
1	
1	
1	
1	
1	
1	
1	
1	
1	
1	
1	
1	
1	
1	
1	
1	
1	
1	
1	
1	
1	
1	
1	
1	
1	
1	
1	
1	
1	
1	
1	
1	
1	
1	
1	
1	
1	
1	
1	
1	
1	
1	
1	
1	
1	
1	
1	
1	
1	
1	
1	
1	
1	
1	
1	
1	
1	
1	
1	
1	
1	
1	
1	
1	
1	
1	
1	
1	
1	
1	
1	
1	
1	
1	
1	
1	
1	
1	
1	
1	
1	
1	
1	
1	
1	
1	
1	
1	
1	
1	
1	
1	
1	
1	
1	
1	
1	
1	
1	
1	
1	
1	
1	
1	
1	
1	
1	
1	
1	
1	
1	
1	
1	
1	
1	
1	
1	
1	
1	
1	
1	
1	
1	
1	
1	
1	
1	
1	
1	
1	
1	
1	
1	
1	
1	
1	
1	
1	
1	
1	
1	
1	
1	
1	
1	
1	
1	
1	
1	
1	
1	
1	
1	
1	
1	
1	
1	
1	
1	
1	
1	
1	
1	
1	
1	
1	
1	
1	
1	
1	
1	
1	
1	
1	
1	
1	
1	
1	
1	
1	
1	
1	
1	
1	
1	
1	
1	
1	
1	
1	
1	
1	
1	
1	
1	
1	
1	
1	
1	
1	
1	
1	
1	
1	
1	
1	
1	
1	
1	
1	
1	
1	
1	
1	
1	
1	
1	
1	
1	
1	
1	
1	
1	
1	
1	
1	
1	
1	
1	
1	
1	
1	
1	
1	
1	
1	
1	
1	
1	
1	
1	
1	
1	
1	
1	
1	
1	
1	
1	
1	
1	
1	
1	
1	
1	
1	
1	
1	
1	
1	
1	
1	
1	
1	
1	
1	
1	
1	
1	
1	
1	
1	
1	
1	
1	
1	
1	
1	
1	
1	
1	
1	
1	
1	
1	
1	
1	
1	
1	
1	
1	
1	
1	
1	
1	
1	
1	
1	
1	
1	
1	
1	
1	
1	
1	
1	
1	
1	
1	
1	
1	
1	
1	
1	
1	
1	
1	
1	
1	
1	
1	
1	
1	
1	
1	
1	
1	
1	
1	
1	
1	
1	
1	
1	
1	
1	
1	
1	
1	
1	
1	
1	
1	
1	
1	
1	
1	
1	
1	
1	
1	
1	
1	
1	
1	
1	
1	
1	
1	
1	
1	
1	
1	
1	
1	
1	
1	
1	
1	
1	
1	
1	
1	
1	
1	
1	
1	
1	
1	
1	
1	
1	
1	
1	
1	
1	
1	
1	
1	
1	
1	
1	
1	
1	
1	
1	
1	
1	
1	
1	
1	
1	
1	
1	
1	
1	
1	
1	
1	
1	
1	
1	
1	
1	
1	
1	
1	
1	
1	
1	
1	
1	
1	
1	
1	
1	
1	
1	
1	
1	
1	
1	
1	
1	
1	
1	
1	
1	
1	
1	
1	
1	
1	
1	
1	
1	
1	
1	
1	
1	
1	
1	
1	
1	
1	
1	
1	
1	
1	
1	
1	
1	
1	
1	
1	
1	
1	
1	
1	
1	
1	
1	
1	
1	
1	
1	
1	
1	
1	
1	
1	
1	
1	
1	
1	
1	
1	
1	
1	
1	
1	
1	
1	
1	
1	
1	
1	
1	
1	
1	
1	
1	
1	
1	
1	
1	
1	
1	
1	
1	
1	
1	
1	
1	
1	
1	
1	
1	
1	
1	
1	
1	
1	
1	
1	
1	
1	
1	
1	
1	
1	
1	
1	
1	
1	
1	
1	
1	
1	
1	
1	
1	
1	
1	
1	
1	
1	
1	
1	
1	
1	
1	
1	
1	
1	
1	
1	
1	
1	
1	
1	
1	
1	
1	
1	
1	
1	
1	
1	
1	
1	
1	
1	
1	
1	
1	
1	
1	
1	
1	
1	
1	
1	
1	
1	
1	
1	
1	
1	
1	
1	
1	
1	
1	
1	
1	
1	
1	
1	
1	
1	
1	
1	
1	
1	
1	
1	
1	
1	
1	
1	
1	
1	
1	
1	
1	
1	
1	
1	
1	
1	
1	
1	
1	
1	
1	
1	
1	
1	
1	
1	
1	
1	
1	
1	
1	
1	
1	
1	
1	
1	
1	
1	
1	
1	
1	
1	
1	
1	
1	
1	
1	
1	
1	
1	
1	
1	
1	
1	
1	
1	
1	
1	
1	
1	
1	
1	
1	
1	
1	
1	
1	
1	
1	
1	
1	
1	
1	
1	
1	
1	
1	
1	
1	
1	
1	
1	
1	
1	
1	
1	
1	
1	
1	
1	
1	
1	
1	
1	
1	
1	
1	
1	
1	
1	
1	
1	
1	
1	
1	
1	
1	
1	
1	
1	
1	
1	
1	
1	
1	
1	
1	
1	
1	
1	
1	
1	
1	
1	
1	
1	
1	
1	
1	
1	
1	
1	
1	
1	
1	
1	
1	
1	
1	
1	
1	
1	
1	
1	
1	
1	
1	
1	
1	
1	
1	
1	
1	
1	
1	
1	
1	
1	
1	
1	
1	
1	
1	
1	
1	
1	
1	
1	
1	
1	
1	
1	
1	
1	
1	
1	
1	
1	
1	
1	
1	
1	
1	
1	
1	
1	
1	
1	
1	
1	
1	
1	
1	
1	
1	
1	
1	
1	
1	
1	
1	
1	
1	
1	
1	
1	
1	
1	
1	
1	
1	
1	
1	
1	
1	
1	
1	
1	
1	
1	
1	
1	
1	
1	
1	
1	
1	
1	
1	
1	
1	
1	
1	
1	
1	
1	
1	
1	
1	
1	
1	
1	
1	
1	
1	
1	
1	
1	
1	
1	
1	
1	
1	
1	
1	
1	
1	
1	
1	
1	
1	
1	
1	
1	
1	
1	
1	
1	
1	
1	
1	
1	
1	
1	
1	
1	
1	
1	
1	
1	
1	
1	
1	
1	
1	
1	
1	
1	
1	
1	
1	
1	
1	
1	
1	
1	
1	
1	
1	
1	
1	
1	
1	
1	
1	
1	
1	
1	
1	
1	
1	
1	
1	
1	
1	
1	
1	
1	
1	
1	
1	
1	
1	
1	
1	
1	
1	
1	
1	
1	
1	
1	
1	
1	
1	
1	
1	
1	
1	
1	
1	
1	
1	
1	
1	
1	
1	
1	
1	
1	
1	
1	
1	
1	
1	
1	
1	
1	
1	
1	
1	
1	
1	
1	
1	
1	
1	
1	
1	
1	
1	
1	
1	
1	
1	
1	
1	
1	
1	
1	
1	
1	
1	
1	
1	
1	
1	
1	
1	
1	
1	
1	
1	
1	
1	
1	
1	
1	
1	
1	
1	
1	
1	
1	
1	
1	
1	
1	
1	
1	
1	
1	
1	
1	
1	
1	
1	
1	
1	
1	
1	
1	
1	
1	
1	
1	
1	
1	
1	
1	
1	
1	
1	
1	
1	
1	
1	
1	
1	
1	
1	
1	
1	
1	
1	
1	
1	
1	
1	
1	
1	
1	
1	
1	
1	
1	
1	
1	
1	
1	
1	
1	
1	
1	
1	
1	
1	
1	
1	
1	
1	
1	
1	
1	
1	
1	
1	
1	
1	
1	
1	
1	
1	
1	
1	
1	
1	
1	
1	
1	
1	
1	
1	
1	
1	
1	
1	
1	
1	
1	
1	
1	
1	
1	
1	
1	
1	
1	
1	
1	
1	
1	
1	
1	
1	
1	
1	
1	
1	
1	
1	
1	
1	
1	
1	
1	
1	
1	
1	
1	
1	
1	
1	
1	
1	
1	
1	
1	
1	
1	
1	
1	
1	
1	
1	
1	
1	
1	
1	
1	
1	
1	
1	
1	
1	
1	
1	
1	
1	
1	
1	
1	
1	
1	
1	
1	
1	
1	
1	
1	
1	
1	
1	
1	
1	
1	
1	
1	
1	
1	
1	
1	
1	
1	
1	
1	
1	
1	
1	
1	
1	
1	
1	
1	
1	
1	
1	
1	
1	
1	
1	
1	
1	
1	
1	
1	
1	
1	
1	
1	
1	
1	
1	
1	
1	
1	
1	
1	
1	
1	
1	
1	
1	
1	
1	
1	
1	
1	
1	
1	
1	
1	
1	
1	
