205	43	40	35	33	19	18	17	16	15	14	13	12	12	11	10	10	10	10	10	10	10	9	9	9	9	9	9	8	8	8	7	7	7	7	7	7	7	7	7	7	7	7	7	6	6	6	6	6	6	6	6	6	6	6	5	5	5	5	5	5	5	5	5	5	5	5	4	4	4	4	4	4	4	4	4	4	4	4	4	4	4	4	4	4	4	4	4	4	4	4	4	4	4	4	3	3	3	3	3	3	3	3	3	3	3	3	3	3	3	3	3	3	3	3	3	3	3	3	3	3	3	3	3	3	3	3	3	3	3	3	3	3	3	3	3	3	3	2	2	2	2	2	2	2	2	2	2	2	2	2	2	2	2	2	2	2	2	2	2	2	2	2	2	2	2	2	2	2	2	2	2	2	2	2	2	2	2	2	2	2	2	2	2	2	2	2	2	2	2	2	2	2	2	2	2	2	2	2	2	2	2	2	2	2	2	2	2	2	2	2	2	2	2	2	2	2	2	2	2	2	2	2	2	2	2	2	2	2	2	2	2	2	2	2	1	1	1	1	1	1	1	1	1	1	1	1	1	1	1	1	1	1	1	1	1	1	1	1	1	1	1	1	1	1	1	1	1	1	1	1	1	1	1	1	1	1	1	1	1	1	1	1	1	1	1	1	1	1	1	1	1	1	1	1	1	1	1	1	1	1	1	1	1	1	1	1	1	1	1	1	1	1	1	1	1	1	1	1	1	1	1	1	1	1	1	1	1	1	1	1	1	1	1	1	1	1	1	1	1	1	1	1	1	1	1	1	1	1	1	1	1	1	1	1	1	1	1	1	1	1	1	1	1	1	1	1	1	1	1	1	1	1	1	1	1	1	1	1	1	1	1	1	1	1	1	1	1	1	1	1	1	1	1	1	1	1	1	1	1	1	1	1	1	1	1	1	1	1	1	1	1	1	1	1	1	1	1	1	1	1	1	1	1	1	1	1	1	1	1	1	1	1	1	1	1	1	1	1	1	1	1	1	1	1	1	1	1	1	1	1	1	1	1	1	1	1	1	1	1	1	1	1	1	1	1	1	1	1	1	1	1	1	1	1	1	1	1	1	1	1	1	1	1	1	1	1	1	1	1	1	1	1	1	1	1	1	1	1	1	1	1	1	1	1	1	1	1	1	1	1	1	1	1	1	1	1	1	1	1	1	1	1	1	1	1	1	1	1	1	1	1	1	1	1	1	1	1	1	1	1	1	1	1	1	1	1	1	1	1	1	1	1	1	1	1	1	1	1	1	1	1	
63	53	39	29	28	27	26	26	19	17	16	16	15	14	13	13	12	12	12	11	11	11	10	10	8	8	8	8	8	8	7	7	7	7	7	7	7	6	6	6	6	6	5	5	5	5	5	5	5	4	4	4	4	4	4	4	4	4	4	4	4	4	4	4	4	4	4	4	4	4	4	4	4	3	3	3	3	3	3	3	3	3	3	3	3	3	3	3	3	3	3	3	3	3	3	3	3	3	3	3	3	3	3	3	3	3	2	2	2	2	2	2	2	2	2	2	2	2	2	2	2	2	2	2	2	2	2	2	2	2	2	2	2	2	2	2	2	2	2	2	2	2	2	2	2	2	2	2	2	1	1	1	1	1	1	1	1	1	1	1	1	1	1	1	1	1	1	1	1	1	1	1	1	1	1	1	1	1	1	1	1	1	1	1	1	1	1	1	1	1	1	1	1	1	1	1	1	1	1	1	1	1	1	1	1	1	1	1	1	1	1	1	1	1	1	1	1	1	1	1	1	1	1	1	1	1	1	1	1	1	1	1	1	1	1	1	1	1	1	1	1	1	1	1	1	1	1	1	1	1	1	1	1	1	1	1	1	1	1	1	1	1	1	1	1	1	1	1	1	1	1	1	1	1	1	1	1	1	1	1	1	1	1	1	1	1	1	1	1	1	1	1	1	1	1	1	1	1	1	1	1	1	1	1	1	1	1	1	1	1	1	1	1	1	1	1	1	1	1	1	1	1	1	1	1	1	1	1	1	1	1	1	1	1	
36	33	18	17	16	15	14	12	12	9	9	7	7	6	6	6	6	5	5	4	4	4	4	4	4	4	4	3	3	3	3	3	3	3	3	3	3	3	2	2	2	2	2	2	2	2	2	2	2	2	2	2	2	2	2	2	2	2	2	1	1	1	1	1	1	1	1	1	1	1	1	1	1	1	1	1	1	1	1	1	1	1	1	1	1	1	1	1	1	1	1	1	1	1	1	1	1	1	1	1	1	1	1	1	1	1	1	1	1	1	1	1	1	1	1	1	1	1	1	1	1	1	1	1	1	1	1	1	1	1	1	1	1	1	1	1	1	1	1	1	1	
88	87	50	43	23	13	12	9	4	4	4	3	3	3	3	3	3	3	2	2	2	2	2	2	2	2	1	1	1	1	1	1	1	1	1	1	1	1	1	1	1	1	1	1	1	1	1	1	1	1	1	1	1	1	1	1	1	1	1	1	1	1	1	1	1	1	1	1	
148	74	46	45	19	13	7	6	5	5	5	3	3	2	1	1	1	1	1	1	1	1	1	
40	37	30	30	29	27	21	15	13	6	5	4	4	3	3	3	3	3	3	2	2	2	2	2	2	2	2	2	2	2	2	2	2	2	2	1	1	1	1	1	1	1	1	1	1	1	1	1	1	1	1	1	1	1	1	1	1	1	1	1	1	1	1	1	1	1	1	1	1	1	1	1	1	1	1	1	1	1	1	1	1	1	1	1	1	1	1	1	1	1	1	1	1	1	1	1	
43	34	32	24	22	12	12	10	7	5	4	4	4	3	3	3	3	3	2	2	2	2	2	2	2	2	2	2	2	1	1	1	1	1	1	1	1	1	1	1	1	1	1	1	1	1	1	1	1	1	1	1	1	1	1	1	1	1	1	1	1	1	1	1	1	1	1	1	1	1	1	1	1	1	1	1	1	1	1	1	1	
96	49	29	17	6	6	5	4	4	4	3	3	3	3	3	3	2	2	2	2	2	2	2	1	1	1	1	1	1	1	1	1	1	1	1	1	1	1	1	1	1	1	1	1	1	1	1	1	1	1	1	1	1	1	1	1	1	1	1	1	1	1	1	1	1	1	1	1	1	1	
90	14	12	10	9	9	8	7	7	5	4	4	3	3	3	3	3	2	2	2	2	2	2	2	2	2	1	1	1	1	1	1	1	1	1	1	1	1	1	1	1	1	1	1	1	1	1	1	1	1	1	1	1	1	1	1	1	1	1	1	1	1	1	1	1	1	1	1	1	1	1	1	1	1	1	1	1	1	
35	10	10	8	7	6	6	6	4	4	4	4	4	4	3	3	3	3	3	3	3	3	3	3	2	2	2	2	2	2	2	2	2	2	2	2	2	1	1	1	1	1	1	1	1	1	1	1	1	1	1	1	1	1	1	1	1	1	1	1	1	1	1	1	1	1	1	1	1	1	1	1	1	1	1	1	1	1	1	1	1	1	1	1	1	1	1	1	1	1	1	1	1	1	1	1	1	1	
38	31	16	11	8	8	8	6	6	5	5	5	5	5	4	3	3	3	3	3	2	2	2	2	2	1	1	1	1	1	1	1	1	1	1	1	1	1	1	1	
72	14	13	11	10	9	8	6	5	5	3	3	3	3	3	2	2	2	2	2	2	1	1	1	1	1	1	1	1	1	1	1	1	1	1	1	1	1	1	
61	12	9	8	6	5	5	4	3	3	3	3	3	3	2	2	2	2	2	2	2	2	2	2	2	2	2	2	1	1	1	1	1	1	1	1	1	1	1	1	1	1	1	1	1	1	1	1	1	1	1	1	1	1	1	1	1	1	1	1	1	1	1	1	1	
56	35	28	14	6	5	4	4	2	2	2	2	1	1	1	1	1	1	1	1	1	1	1	1	1	1	1	1	1	1	1	1	1	1	1	
48	36	16	9	9	7	6	5	4	3	3	3	2	1	1	1	1	1	1	1	1	1	1	1	1	1	1	1	1	1	1	1	1	
15	13	12	6	5	4	4	3	3	3	3	2	2	2	2	2	2	2	2	2	2	2	2	1	1	1	1	1	1	1	1	1	1	1	1	1	1	1	1	1	1	1	1	1	1	1	1	1	1	1	1	1	1	1	1	1	1	1	1	1	1	1	1	1	1	1	1	1	1	1	1	1	1	1	1	1	1	1	1	1	1	1	1	1	1	1	1	1	1	1	1	1	1	1	1	1	1	1	
65	6	4	3	3	3	3	3	3	2	2	2	2	2	2	2	2	2	2	2	2	2	2	1	1	1	1	1	1	1	1	1	1	1	1	1	1	1	1	1	1	1	1	1	1	1	1	1	1	
14	14	9	6	5	5	3	3	3	3	3	3	3	3	2	2	2	2	2	2	2	2	2	1	1	1	1	1	1	1	1	1	1	1	1	1	1	1	1	1	1	1	1	1	1	1	1	1	1	1	1	1	1	1	1	1	1	1	1	1	1	1	1	1	1	1	1	1	
24	16	10	8	5	4	3	3	3	3	2	2	2	2	1	1	1	1	1	1	1	1	1	1	1	1	1	1	1	1	1	1	1	1	1	1	1	1	1	1	1	1	1	1	1	1	1	1	1	1	1	1	1	1	1	1	1	1	1	1	1	1	
42	35	16	9	4	4	3	2	2	1	1	1	1	1	1	1	1	1	1	1	1	
32	22	14	7	6	5	5	5	4	4	3	2	2	2	2	1	1	1	1	1	1	1	1	1	1	1	1	1	1	
50	15	14	9	5	4	3	3	3	2	2	1	1	1	1	1	1	1	1	1	1	1	1	1	1	1	
24	20	13	8	5	5	3	3	2	2	2	2	2	2	2	1	1	1	1	1	1	1	1	1	1	1	1	1	1	1	1	1	1	1	1	1	1	1	1	1	
60	15	13	2	2	2	2	2	2	1	1	1	1	1	1	1	1	1	1	1	1	1	1	1	1	1	1	
10	8	7	5	4	4	4	4	3	3	3	3	3	3	3	3	2	2	2	2	2	1	1	1	1	1	1	1	1	1	1	1	1	1	1	1	1	1	1	1	1	1	1	1	1	1	1	1	1	1	1	1	1	1	1	1	1	1	
21	17	15	11	5	4	4	3	2	2	2	2	1	1	1	1	1	1	1	1	1	1	1	1	1	1	1	1	1	1	1	1	1	1	1	
28	22	6	6	4	4	3	2	2	2	2	2	2	1	1	1	1	1	1	1	1	1	1	1	1	1	1	1	1	1	1	1	1	1	1	1	1	1	
39	19	9	7	6	5	4	4	2	2	1	1	1	1	1	1	1	1	1	1	1	1	1	
70	7	6	4	4	3	2	2	2	1	1	1	1	1	1	1	1	1	
37	18	15	7	5	4	4	3	2	2	1	1	1	1	1	1	1	1	1	
48	12	11	5	3	3	2	2	2	2	1	1	1	1	1	1	1	1	1	1	1	1	1	1	
37	27	9	8	4	3	3	2	2	1	1	1	1	1	1	1	1	1	
35	8	6	3	3	3	3	2	2	2	2	2	2	2	2	2	1	1	1	1	1	1	1	1	1	1	1	1	1	1	1	1	1	1	1	1	1	1	1	1	
8	7	4	3	3	2	2	2	2	2	2	2	2	2	2	2	2	2	1	1	1	1	1	1	1	1	1	1	1	1	1	1	1	1	1	1	1	1	1	1	1	1	1	1	1	1	1	1	1	1	1	1	1	1	1	1	1	1	1	1	1	1	1	1	1	1	1	
43	5	3	3	3	2	2	2	2	2	2	2	2	2	2	1	1	1	1	1	1	1	1	1	1	1	1	1	1	1	1	1	1	1	1	1	
86	2	1	1	1	1	1	1	1	
15	5	3	3	3	3	3	3	2	2	2	2	1	1	1	1	1	1	1	1	1	1	1	1	1	1	1	1	1	1	1	1	1	1	1	1	1	1	1	1	1	1	1	1	1	1	1	1	1	1	1	1	1	1	1	1	1	1	1	
15	7	5	4	4	3	2	2	2	2	2	2	2	1	1	1	1	1	1	1	1	1	1	1	1	1	1	1	1	1	1	1	1	1	1	1	1	1	1	1	1	1	1	1	1	1	1	1	1	1	1	1	1	1	
20	14	12	9	7	4	2	1	1	1	1	1	1	1	1	1	1	1	1	1	1	1	1	1	1	1	1	1	1	1	1	1	
92	
53	6	2	2	2	2	1	1	1	1	1	1	1	1	1	1	1	1	1	1	1	1	1	1	1	1	1	1	1	
33	16	14	9	4	3	2	1	1	1	1	1	
25	12	11	11	4	4	2	2	2	2	1	1	1	1	1	1	1	1	1	1	1	
29	22	5	4	4	3	3	2	2	2	1	1	1	1	1	1	1	1	
21	8	4	4	4	4	3	3	3	3	2	2	2	2	1	1	1	1	1	1	1	1	1	1	1	1	1	1	1	1	1	1	
40	6	4	4	3	3	3	2	2	1	1	1	1	1	1	1	1	1	1	1	1	
7	6	5	5	4	4	3	3	3	3	3	2	2	2	2	2	2	1	1	1	1	1	1	1	1	1	1	1	1	1	1	1	1	1	1	1	1	
32	15	10	5	4	2	2	1	1	1	1	1	1	1	
5	5	4	3	3	3	3	3	2	2	2	2	2	2	2	2	2	2	2	1	1	1	1	1	1	1	1	1	1	1	1	1	1	1	1	1	1	1	1	1	1	1	1	1	1	
14	11	11	6	6	5	3	3	2	2	2	2	1	1	1	1	1	1	1	1	1	1	
20	15	13	5	4	3	2	2	2	1	1	1	1	1	1	1	1	1	
40	8	3	2	2	2	2	2	1	1	1	1	1	1	1	1	1	1	1	1	1	1	
5	4	4	3	3	3	3	3	3	2	2	2	2	2	2	2	2	1	1	1	1	1	1	1	1	1	1	1	1	1	1	1	1	1	1	1	1	1	1	1	1	1	1	1	
27	11	8	5	2	2	2	1	1	1	1	1	1	1	1	1	1	1	1	1	1	1	1	
21	6	4	3	3	3	2	2	2	2	1	1	1	1	1	1	1	1	1	1	1	1	1	1	1	1	1	1	1	1	1	1	1	
55	2	2	2	1	1	1	1	1	1	1	1	1	
17	4	3	3	2	2	2	2	2	2	2	1	1	1	1	1	1	1	1	1	1	1	1	1	1	1	1	1	1	1	1	1	1	1	1	1	1	1	1	1	
43	3	2	2	2	2	1	1	1	1	1	1	1	1	1	1	1	1	1	1	1	
12	10	5	4	4	3	3	3	3	3	2	2	1	1	1	1	1	1	1	1	1	1	1	1	1	1	1	
34	7	6	4	3	3	2	2	2	2	1	1	
15	15	14	12	5	3	1	1	1	
13	12	8	4	2	2	2	2	2	1	1	1	1	1	1	1	1	1	1	1	1	1	1	1	1	1	
5	4	4	4	3	3	3	2	2	2	2	2	2	2	2	1	1	1	1	1	1	1	1	1	1	1	1	1	1	1	1	1	1	1	1	1	1	
26	25	2	2	2	1	1	1	1	1	1	1	
4	3	3	2	2	2	2	2	2	2	2	2	2	2	2	2	1	1	1	1	1	1	1	1	1	1	1	1	1	1	1	1	1	1	1	1	1	1	1	1	1	1	1	
16	13	6	5	4	3	3	2	2	1	1	1	1	1	1	1	1	1	
24	8	8	3	2	2	2	1	1	1	1	1	1	1	1	1	1	1	1	1	1	
52	6	2	1	1	1	
21	16	9	4	3	2	2	1	1	1	1	1	
16	9	6	2	2	2	1	1	1	1	1	1	1	1	1	1	1	1	1	1	1	1	1	1	1	1	1	1	1	1	
20	6	5	3	2	2	2	2	1	1	1	1	1	1	1	1	1	1	1	1	1	1	1	1	1	1	1	
14	3	2	2	2	2	2	2	1	1	1	1	1	1	1	1	1	1	1	1	1	1	1	1	1	1	1	1	1	1	1	1	1	1	1	1	1	1	
14	12	7	3	3	3	2	2	2	2	2	2	2	1	1	1	
12	10	10	9	4	2	2	1	1	1	1	1	1	1	1	1	
11	8	8	2	2	2	2	2	2	2	1	1	1	1	1	1	1	1	1	1	1	1	1	1	1	
4	3	2	2	2	2	2	2	2	2	1	1	1	1	1	1	1	1	1	1	1	1	1	1	1	1	1	1	1	1	1	1	1	1	1	1	1	1	1	1	1	1	
12	7	6	5	4	3	2	2	2	2	1	1	1	1	1	1	1	1	1	
5	3	3	3	3	2	2	2	1	1	1	1	1	1	1	1	1	1	1	1	1	1	1	1	1	1	1	1	1	1	1	1	1	1	1	1	1	1	1	
26	7	6	5	3	1	1	1	1	1	1	1	
4	3	2	2	2	2	2	1	1	1	1	1	1	1	1	1	1	1	1	1	1	1	1	1	1	1	1	1	1	1	1	1	1	1	1	1	1	1	1	1	1	1	1	
7	4	3	3	2	2	2	2	1	1	1	1	1	1	1	1	1	1	1	1	1	1	1	1	1	1	1	1	1	1	1	1	1	1	1	1	
8	6	6	6	5	5	3	2	1	1	1	1	1	1	1	1	1	1	
16	6	2	2	2	2	1	1	1	1	1	1	1	1	1	1	1	1	1	1	1	1	1	1	1	1	
17	5	3	3	2	2	2	2	1	1	1	1	1	1	1	1	1	1	1	1	1	1	
17	11	4	2	2	1	1	1	1	1	1	1	1	1	1	1	1	1	1	
27	3	2	2	2	1	1	1	1	1	1	1	1	1	1	1	1	1	1	
10	9	3	3	3	3	2	2	2	2	2	1	1	1	1	1	1	1	1	1	
12	4	4	3	3	2	2	2	1	1	1	1	1	1	1	1	1	1	1	1	1	1	1	1	1	
13	7	3	3	2	2	1	1	1	1	1	1	1	1	1	1	1	1	1	1	1	1	1	
26	7	2	2	2	1	1	1	1	1	1	1	1	
22	7	3	2	1	1	1	1	1	1	1	1	1	1	1	1	
9	5	3	2	2	2	1	1	1	1	1	1	1	1	1	1	1	1	1	1	1	1	1	1	1	1	1	1	
10	10	10	4	4	2	1	1	1	1	1	
12	8	7	6	2	1	1	1	1	1	1	1	1	1	1	
8	7	4	3	3	3	2	2	2	1	1	1	1	1	1	1	1	1	1	1	
14	11	5	4	3	3	3	1	
8	8	7	4	2	2	1	1	1	1	1	1	1	1	1	1	1	1	1	
9	7	5	3	3	2	2	2	1	1	1	1	1	1	1	1	1	1	1	
17	11	9	2	1	1	1	1	
17	7	2	2	1	1	1	1	1	1	1	1	1	1	1	1	1	1	1	
14	14	4	3	2	1	1	1	1	
18	5	4	3	3	1	1	1	1	1	1	1	1	
3	2	2	2	2	2	2	2	2	2	1	1	1	1	1	1	1	1	1	1	1	1	1	1	1	1	1	1	
10	6	5	3	2	2	2	1	1	1	1	1	1	1	1	
15	10	3	2	2	1	1	1	1	1	1	
5	3	3	2	2	1	1	1	1	1	1	1	1	1	1	1	1	1	1	1	1	1	1	1	1	1	1	1	
33	5	
6	5	4	3	3	3	2	1	1	1	1	1	1	1	1	1	1	1	1	
26	4	2	2	1	1	1	
10	5	3	3	2	2	2	2	2	1	1	1	1	1	1	
20	3	3	2	1	1	1	1	1	1	1	1	1	
8	3	3	2	2	2	2	1	1	1	1	1	1	1	1	1	1	1	1	1	1	1	
17	7	4	3	2	1	1	1	
6	5	5	4	2	2	1	1	1	1	1	1	1	1	1	1	1	1	
4	3	3	2	2	2	1	1	1	1	1	1	1	1	1	1	1	1	1	1	1	1	1	1	1	
14	5	5	2	2	1	1	1	1	1	1	1	
7	6	5	4	4	1	1	1	1	1	1	1	1	1	
30	2	1	1	
25	3	2	1	1	1	1	
10	10	2	2	1	1	1	1	1	1	1	1	1	1	
29	2	2	1	
12	3	2	2	2	1	1	1	1	1	1	1	1	1	1	1	1	
9	7	4	4	3	3	2	1	
6	4	4	4	3	3	3	2	1	1	1	1	
11	2	2	2	2	1	1	1	1	1	1	1	1	1	1	1	1	
27	2	1	1	
12	3	3	2	2	1	1	1	1	1	1	1	1	1	
4	2	2	1	1	1	1	1	1	1	1	1	1	1	1	1	1	1	1	1	1	1	1	1	1	1	
14	6	4	4	1	1	
7	3	2	2	1	1	1	1	1	1	1	1	1	1	1	1	1	1	1	1	
3	3	2	2	2	2	1	1	1	1	1	1	1	1	1	1	1	1	1	1	1	1	
16	3	2	1	1	1	1	1	1	1	1	1	
30	
25	2	1	1	
14	4	3	3	1	1	1	1	1	
10	6	5	2	1	1	1	1	1	1	
7	7	3	1	1	1	1	1	1	1	1	1	1	1	1	
4	3	2	2	2	2	1	1	1	1	1	1	1	1	1	1	1	1	1	
19	2	1	1	1	1	1	1	1	
19	4	1	1	1	1	1	
7	6	4	2	2	1	1	1	1	1	1	1	
27	1	
9	6	2	2	2	1	1	1	1	1	1	
4	3	2	2	2	2	2	2	1	1	1	1	1	1	1	1	
4	3	2	2	1	1	1	1	1	1	1	1	1	1	1	1	1	1	1	1	
12	4	1	1	1	1	1	1	1	1	1	1	1	
27	
12	2	1	1	1	1	1	1	1	1	1	1	1	1	1	
7	3	2	2	2	1	1	1	1	1	1	1	1	1	1	
21	2	1	1	1	
9	7	3	3	2	1	1	
5	4	3	3	1	1	1	1	1	1	1	1	1	1	1	
4	3	3	3	2	2	1	1	1	1	1	1	1	1	1	
7	3	3	3	2	2	1	1	1	1	1	1	
7	6	5	2	1	1	1	1	1	1	
12	7	2	1	1	1	1	1	
8	2	2	2	2	1	1	1	1	1	1	1	1	1	1	
16	3	2	2	1	1	
7	6	2	1	1	1	1	1	1	1	1	1	1	
2	2	2	2	2	2	1	1	1	1	1	1	1	1	1	1	1	1	1	
15	3	2	1	1	1	1	1	
8	2	2	1	1	1	1	1	1	1	1	1	1	1	1	1	
8	4	2	2	2	1	1	1	1	1	1	1	
4	4	3	2	2	2	2	2	1	1	1	1	
10	3	1	1	1	1	1	1	1	1	1	1	1	1	
22	1	1	1	
6	3	3	1	1	1	1	1	1	1	1	1	1	1	1	1	
11	3	2	2	1	1	1	1	1	1	1	
15	2	1	1	1	1	1	1	1	
7	3	2	2	2	1	1	1	1	1	1	1	1	
13	4	2	1	1	1	1	1	
8	3	1	1	1	1	1	1	1	1	1	1	1	1	1	
3	3	2	2	2	1	1	1	1	1	1	1	1	1	1	1	1	
12	2	1	1	1	1	1	1	1	1	1	1	
7	4	4	2	2	1	1	1	1	1	
15	1	1	1	1	1	1	1	1	
9	6	2	1	1	1	1	1	1	
9	3	3	2	2	1	1	1	1	
7	4	2	2	2	2	1	1	1	1	
13	2	1	1	1	1	1	1	1	1	
8	6	2	2	2	1	1	1	
3	2	2	1	1	1	1	1	1	1	1	1	1	1	1	1	1	1	1	
7	3	2	2	1	1	1	1	1	1	1	1	1	
6	3	2	1	1	1	1	1	1	1	1	1	1	1	1	
8	6	5	3	1	
16	2	1	1	1	1	1	
6	4	3	2	2	2	1	1	1	
9	6	2	2	1	1	1	
8	2	2	1	1	1	1	1	1	1	1	1	1	
18	2	1	1	
7	6	2	2	1	1	1	1	1	
5	4	2	1	1	1	1	1	1	1	1	1	1	1	
5	5	3	3	2	1	1	1	1	
2	2	2	2	2	2	1	1	1	1	1	1	1	1	1	1	
5	2	2	2	1	1	1	1	1	1	1	1	1	1	1	
17	3	1	1	
11	5	2	1	1	1	1	
5	3	2	1	1	1	1	1	1	1	1	1	1	1	1	
6	5	3	1	1	1	1	1	1	1	
3	3	3	2	2	2	2	2	1	1	
5	3	2	2	2	1	1	1	1	1	1	1	
5	4	2	1	1	1	1	1	1	1	1	1	1	
2	2	2	2	2	2	1	1	1	1	1	1	1	1	1	
7	3	2	2	1	1	1	1	1	1	1	
13	7	
5	4	2	2	1	1	1	1	1	1	1	
2	2	2	2	2	1	1	1	1	1	1	1	1	1	1	
20	
8	5	1	1	1	1	1	1	1	
9	5	4	1	1	
11	4	2	1	1	1	
7	3	2	2	1	1	1	1	1	1	
13	1	1	1	1	1	1	1	
7	2	2	2	1	1	1	1	1	1	1	
15	3	1	1	
3	3	2	1	1	1	1	1	1	1	1	1	1	1	1	
16	1	1	1	
2	2	2	1	1	1	1	1	1	1	1	1	1	1	1	1	
7	3	3	2	2	1	1	
3	2	2	2	2	2	1	1	1	1	1	1	
9	5	4	1	
6	5	3	1	1	1	1	1	
7	5	2	2	2	1	
4	3	1	1	1	1	1	1	1	1	1	1	1	1	
6	6	3	1	1	1	1	
9	6	2	1	1	
10	3	2	2	1	1	
7	2	1	1	1	1	1	1	1	1	1	1	
2	2	2	1	1	1	1	1	1	1	1	1	1	1	1	
5	4	3	1	1	1	1	1	1	
2	1	1	1	1	1	1	1	1	1	1	1	1	1	1	1	1	
6	5	4	2	1	
18	
7	7	1	1	1	1	
6	5	4	1	1	1	
11	2	1	1	1	1	1	
2	2	1	1	1	1	1	1	1	1	1	1	1	1	1	1	
9	2	2	1	1	1	1	1	
6	4	2	2	1	1	1	1	
5	4	3	2	1	1	1	1	
3	3	2	1	1	1	1	1	1	1	1	1	1	
9	2	1	1	1	1	1	1	
7	2	2	2	1	1	1	1	
3	3	2	1	1	1	1	1	1	1	1	1	
5	5	2	2	1	1	1	
7	6	2	1	1	
8	3	2	1	1	1	1	
5	1	1	1	1	1	1	1	1	1	1	1	1	
4	4	2	2	2	1	1	1	
7	3	3	2	1	1	
7	3	2	2	1	1	1	
2	1	1	1	1	1	1	1	1	1	1	1	1	1	1	1	
5	2	2	2	1	1	1	1	1	1	
5	3	2	1	1	1	1	1	1	1	
8	7	1	1	
6	3	1	1	1	1	1	1	1	
4	3	2	1	1	1	1	1	1	1	
2	2	2	2	2	1	1	1	1	1	1	
10	2	2	1	1	
5	2	2	1	1	1	1	1	1	1	
2	2	2	1	1	1	1	1	1	1	1	1	1	
2	1	1	1	1	1	1	1	1	1	1	1	1	1	1	
6	3	1	1	1	1	1	1	1	
6	3	2	1	1	1	1	1	
8	2	1	1	1	1	1	1	
3	1	1	1	1	1	1	1	1	1	1	1	1	1	
6	5	1	1	1	1	1	
9	5	1	1	
2	2	1	1	1	1	1	1	1	1	1	1	1	1	
4	2	2	2	2	1	1	1	1	
6	2	1	1	1	1	1	1	1	1	
7	2	2	2	1	1	1	
7	4	3	1	
15	
3	2	2	1	1	1	1	1	1	1	1	
3	1	1	1	1	1	1	1	1	1	1	1	1	
3	2	2	2	1	1	1	1	1	1	
7	1	1	1	1	1	1	1	1	
2	2	2	1	1	1	1	1	1	1	1	1	
6	4	2	1	1	1	
2	2	1	1	1	1	1	1	1	1	1	1	1	
5	4	1	1	1	1	1	1	
6	2	1	1	1	1	1	1	1	
4	2	2	2	1	1	1	1	1	
2	2	2	1	1	1	1	1	1	1	1	1	
5	2	2	1	1	1	1	1	1	
3	3	2	1	1	1	1	1	1	1	
7	2	1	1	1	1	1	1	
4	3	3	2	2	1	
3	2	2	2	2	1	1	1	1	
4	2	1	1	1	1	1	1	1	1	
3	2	2	1	1	1	1	1	1	1	
2	2	2	1	1	1	1	1	1	1	1	
6	2	2	1	1	1	1	
7	1	1	1	1	1	1	1	
4	2	1	1	1	1	1	1	1	1	
9	3	1	1	
5	3	1	1	1	1	1	1	
3	3	2	2	1	1	1	1	
8	2	2	1	1	
8	4	1	1	
2	2	2	1	1	1	1	1	1	1	1	
2	2	1	1	1	1	1	1	1	1	1	1	
9	3	1	1	
5	4	3	2	
2	2	2	1	1	1	1	1	1	1	1	
2	1	1	1	1	1	1	1	1	1	1	1	
2	2	2	1	1	1	1	1	1	1	
8	2	1	1	1	
4	3	2	2	1	1	
5	1	1	1	1	1	1	1	1	
4	2	1	1	1	1	1	1	1	
4	2	1	1	1	1	1	1	1	
2	2	1	1	1	1	1	1	1	1	1	
6	2	1	1	1	1	1	
3	3	2	1	1	1	1	1	
7	4	1	1	
7	2	1	1	1	1	
5	2	1	1	1	1	1	1	
12	1	
11	1	1	
2	1	1	1	1	1	1	1	1	1	1	1	
2	2	1	1	1	1	1	1	1	1	1	
7	3	2	1	
5	3	1	1	1	1	1	
2	2	2	2	1	1	1	1	1	
5	2	1	1	1	1	1	1	
6	3	1	1	1	1	
8	1	1	1	1	1	
7	1	1	1	1	1	1	
2	2	1	1	1	1	1	1	1	1	1	
10	1	1	1	
10	1	1	1	
7	2	1	1	1	1	
3	1	1	1	1	1	1	1	1	1	1	
12	
4	2	1	1	1	1	1	1	
7	1	1	1	1	1	
4	1	1	1	1	1	1	1	1	
5	1	1	1	1	1	1	1	
5	1	1	1	1	1	1	1	
8	2	2	
7	3	1	1	
6	3	1	1	1	
7	1	1	1	1	1	
12	
4	1	1	1	1	1	1	1	1	
2	2	2	1	1	1	1	1	1	
12	
8	4	
6	4	2	
12	
3	2	2	1	1	1	1	1	
5	1	1	1	1	1	1	1	
5	2	1	1	1	1	1	
6	2	1	1	1	1	
3	2	2	1	1	1	1	
4	3	2	1	1	
3	3	1	1	1	1	1	
3	2	2	1	1	1	1	
7	3	1	
2	1	1	1	1	1	1	1	1	1	
4	1	1	1	1	1	1	1	
2	2	1	1	1	1	1	1	1	
4	2	2	1	1	1	
5	2	1	1	1	1	
3	2	2	2	1	1	
2	1	1	1	1	1	1	1	1	1	
10	1	
3	2	1	1	1	1	1	1	
11	
11	
4	4	1	1	1	
4	2	1	1	1	1	1	
7	3	1	
5	2	1	1	1	1	
3	2	2	1	1	1	1	
11	
4	1	1	1	1	1	1	1	
5	1	1	1	1	1	1	
5	3	2	1	
2	2	2	1	1	1	1	1	
3	1	1	1	1	1	1	1	1	
6	2	2	1	
11	
4	1	1	1	1	1	1	1	
6	3	1	1	
5	2	1	1	1	1	
5	3	1	1	1	
2	2	1	1	1	1	1	1	
4	1	1	1	1	1	1	
2	1	1	1	1	1	1	1	1	
3	3	2	1	1	
7	1	1	1	
8	1	1	
5	2	1	1	1	
8	1	1	
3	2	2	1	1	1	
3	3	2	2	
3	1	1	1	1	1	1	1	
1	1	1	1	1	1	1	1	1	1	
7	1	1	1	
2	2	1	1	1	1	1	1	
5	1	1	1	1	1	
3	2	2	1	1	1	
6	1	1	1	1	
4	2	1	1	1	1	
2	2	1	1	1	1	1	1	
3	2	1	1	1	1	1	
3	1	1	1	1	1	1	1	
9	1	
4	2	1	1	1	1	
4	1	1	1	1	1	1	
1	1	1	1	1	1	1	1	1	1	
10	
2	2	2	1	1	1	1	
5	2	1	1	1	
2	1	1	1	1	1	1	1	1	
2	2	2	1	1	1	1	
4	2	1	1	1	1	
2	1	1	1	1	1	1	1	1	
3	2	1	1	1	1	1	
7	1	1	1	
3	1	1	1	1	1	1	1	
5	2	1	1	1	
4	1	1	1	1	1	1	
9	1	
8	1	
3	2	1	1	1	1	
3	1	1	1	1	1	1	
8	1	
6	1	1	1	
3	1	1	1	1	1	1	
7	1	1	
4	3	1	1	
4	2	1	1	1	
3	1	1	1	1	1	1	
3	1	1	1	1	1	1	
6	1	1	1	
3	2	2	1	1	
5	1	1	1	1	
7	1	1	
4	4	1	
5	4	
2	1	1	1	1	1	1	1	
5	3	1	
4	4	1	
2	1	1	1	1	1	1	1	
2	2	1	1	1	1	1	
1	1	1	1	1	1	1	1	1	
6	1	1	1	
6	2	1	
2	2	1	1	1	1	1	
4	2	1	1	1	
3	2	1	1	1	1	
6	1	1	1	
2	2	1	1	1	1	1	
2	1	1	1	1	1	1	1	
3	2	2	1	1	
5	2	1	1	
2	2	2	1	1	1	
9	
3	1	1	1	1	1	1	
7	1	1	
3	2	1	1	1	1	
2	1	1	1	1	1	1	1	
5	2	1	1	
1	1	1	1	1	1	1	1	1	
6	1	1	1	
4	1	1	1	1	1	
2	2	2	1	1	1	
4	2	1	1	1	
5	2	1	1	
2	2	1	1	1	1	1	
5	1	1	1	1	
3	3	3	
8	1	
2	2	1	1	1	1	1	
2	1	1	1	1	1	1	1	
4	3	1	1	
2	2	2	1	1	
4	1	1	1	1	
2	2	2	1	1	
5	1	1	1	
8	
3	2	2	1	
3	2	1	1	1	
2	2	1	1	1	1	
3	1	1	1	1	1	
6	1	1	
6	2	
6	1	1	
3	2	2	1	
4	2	2	
5	2	1	
5	2	1	
8	
1	1	1	1	1	1	1	1	
4	1	1	1	1	
4	1	1	1	1	
3	1	1	1	1	1	
2	1	1	1	1	1	1	
5	1	1	1	
5	2	1	
4	2	1	1	
5	3	
7	1	
4	2	1	1	
2	2	1	1	1	1	
2	2	1	1	1	1	
1	1	1	1	1	1	1	1	
7	1	
2	2	1	1	1	1	
4	2	2	
3	1	1	1	1	1	
4	2	1	1	
2	1	1	1	1	1	1	
8	
1	1	1	1	1	1	1	1	
3	2	1	1	1	
1	1	1	1	1	1	1	1	
2	1	1	1	1	1	1	
3	2	1	1	1	
3	3	1	1	
3	2	1	1	1	
1	1	1	1	1	1	1	1	
6	1	1	
3	2	2	1	
3	1	1	1	1	1	
3	2	1	1	1	
6	1	1	
2	2	1	1	1	1	
2	2	1	1	1	
3	2	1	1	
3	2	1	1	
2	1	1	1	1	1	
2	1	1	1	1	1	
7	
2	1	1	1	1	1	
4	2	1	
4	3	
3	1	1	1	1	
4	1	1	1	
6	1	
7	
2	1	1	1	1	1	
2	1	1	1	1	1	
2	1	1	1	1	1	
2	1	1	1	1	1	
2	2	1	1	1	
5	1	1	
2	2	1	1	1	
2	1	1	1	1	1	
3	1	1	1	1	
2	1	1	1	1	1	
4	1	1	1	
1	1	1	1	1	1	1	
3	2	1	1	
2	1	1	1	1	1	
1	1	1	1	1	1	1	
3	2	1	1	
3	2	1	1	
2	2	1	1	1	
3	3	1	
3	3	1	
2	2	1	1	1	
3	2	1	1	
2	1	1	1	1	1	
5	2	
3	2	1	1	
6	1	
1	1	1	1	1	1	1	
3	2	1	1	
3	1	1	1	1	
6	1	
1	1	1	1	1	1	1	
2	2	1	1	1	
3	1	1	1	1	
2	2	1	1	1	
4	3	
2	1	1	1	1	1	
2	2	1	1	1	
5	1	1	
6	1	
3	1	1	1	1	
2	1	1	1	1	1	
2	1	1	1	1	1	
3	1	1	1	1	
2	1	1	1	1	1	
5	1	1	
1	1	1	1	1	1	1	
3	1	1	1	1	
6	1	
5	2	
1	1	1	1	1	1	1	
1	1	1	1	1	1	1	
3	2	1	1	
2	2	1	1	1	
4	1	1	1	
6	1	
1	1	1	1	1	1	1	
3	1	1	1	1	
3	2	1	1	
1	1	1	1	1	1	1	
4	1	1	1	
1	1	1	1	1	1	1	
4	1	1	1	
4	2	1	
2	1	1	1	1	1	
4	3	
1	1	1	1	1	1	1	
1	1	1	1	1	1	1	
6	1	
2	1	1	1	1	1	
2	2	1	1	1	
4	2	1	
2	2	1	1	1	
2	1	1	1	1	1	
5	1	1	
2	2	1	1	1	
1	1	1	1	1	1	1	
4	2	1	
3	1	1	1	
2	2	1	1	
6	
2	1	1	1	1	
3	2	1	
2	1	1	1	1	
1	1	1	1	1	1	
2	2	2	
1	1	1	1	1	1	
2	2	1	1	
2	1	1	1	1	
1	1	1	1	1	1	
1	1	1	1	1	1	
2	2	1	1	
2	2	1	1	
2	1	1	1	1	
1	1	1	1	1	1	
2	2	2	
6	
5	1	
2	1	1	1	1	
3	1	1	1	
3	1	1	1	
2	1	1	1	1	
1	1	1	1	1	1	
1	1	1	1	1	1	
1	1	1	1	1	1	
2	2	1	1	
1	1	1	1	1	1	
2	1	1	1	1	
6	
4	2	
3	2	1	
2	1	1	1	1	
2	1	1	1	1	
2	1	1	1	1	
2	1	1	1	1	
4	2	
2	1	1	1	1	
4	1	1	
4	1	1	
2	1	1	1	1	
2	2	1	1	
2	1	1	1	1	
2	1	1	1	1	
1	1	1	1	1	1	
2	2	1	1	
2	1	1	1	1	
2	1	1	1	1	
4	2	
3	1	1	1	
3	2	1	
2	1	1	1	1	
3	1	1	1	
1	1	1	1	1	1	
4	1	1	
1	1	1	1	1	1	
2	1	1	1	1	
5	1	
4	1	1	
1	1	1	1	1	1	
2	1	1	1	1	
3	2	1	
2	1	1	1	1	
2	1	1	1	1	
2	1	1	1	1	
2	1	1	1	1	
2	1	1	1	1	
5	1	
4	1	1	
1	1	1	1	1	1	
2	2	1	1	
1	1	1	1	1	1	
3	2	1	
1	1	1	1	1	1	
3	2	1	
2	2	1	1	
2	2	1	1	
2	1	1	1	1	
2	1	1	1	1	
2	2	1	1	
1	1	1	1	1	1	
3	2	1	
2	2	1	1	
4	1	1	
3	2	1	
3	1	1	1	
4	2	
5	1	
1	1	1	1	1	1	
4	2	
3	1	1	1	
2	1	1	1	1	
5	
5	
2	1	1	1	
2	1	1	1	
3	1	1	
2	2	1	
3	1	1	
1	1	1	1	1	
4	1	
3	1	1	
2	1	1	1	
1	1	1	1	1	
1	1	1	1	1	
2	1	1	1	
3	2	
2	1	1	1	
2	1	1	1	
4	1	
2	1	1	1	
4	1	
3	2	
3	1	1	
2	2	1	
2	2	1	
3	1	1	
1	1	1	1	1	
2	1	1	1	
3	1	1	
2	1	1	1	
2	1	1	1	
2	2	1	
2	1	1	1	
5	
1	1	1	1	1	
3	1	1	
1	1	1	1	1	
3	1	1	
2	1	1	1	
2	2	1	
2	1	1	1	
1	1	1	1	1	
3	1	1	
2	1	1	1	
2	1	1	1	
1	1	1	1	1	
2	1	1	1	
5	
4	1	
2	1	1	1	
1	1	1	1	1	
5	
5	
2	1	1	1	
2	1	1	1	
2	1	1	1	
2	1	1	1	
1	1	1	1	1	
1	1	1	1	1	
1	1	1	1	1	
3	1	1	
3	1	1	
2	1	1	1	
5	
3	1	1	
2	2	1	
4	1	
3	1	1	
3	1	1	
1	1	1	1	1	
2	1	1	1	
2	1	1	1	
2	1	1	1	
2	1	1	1	
3	1	1	
2	1	1	1	
3	1	1	
1	1	1	1	1	
1	1	1	1	1	
4	1	
2	1	1	1	
3	1	1	
2	1	1	1	
2	1	1	1	
4	1	
1	1	1	1	1	
4	1	
3	1	1	
2	1	1	1	
2	1	1	1	
4	1	
3	1	1	
4	1	
3	1	1	
4	1	
1	1	1	1	1	
1	1	1	1	1	
2	2	1	
3	2	
1	1	1	1	1	
1	1	1	1	1	
3	2	
2	1	1	1	
2	1	1	1	
2	1	1	1	
1	1	1	1	1	
2	1	1	1	
2	2	1	
2	1	1	1	
3	2	
2	1	1	1	
2	1	1	1	
3	1	1	
1	1	1	1	1	
4	1	
3	1	1	
2	2	1	
1	1	1	1	1	
3	1	1	
1	1	1	1	1	
5	
2	1	1	1	
1	1	1	1	1	
2	2	1	
1	1	1	1	1	
1	1	1	1	1	
2	1	1	1	
1	1	1	1	1	
4	1	
1	1	1	1	1	
3	1	1	
2	1	1	1	
3	1	1	
3	1	1	
3	1	1	
1	1	1	1	1	
4	1	
3	1	1	
2	1	1	1	
2	2	1	
1	1	1	1	1	
2	1	1	1	
1	1	1	1	1	
2	1	1	1	
1	1	1	1	1	
3	1	
3	1	
4	
1	1	1	1	
3	1	
2	1	1	
4	
3	1	
4	
3	1	
1	1	1	1	
1	1	1	1	
4	
1	1	1	1	
2	1	1	
2	1	1	
2	1	1	
3	1	
1	1	1	1	
2	1	1	
1	1	1	1	
1	1	1	1	
3	1	
3	1	
3	1	
2	1	1	
1	1	1	1	
2	1	1	
3	1	
1	1	1	1	
3	1	
2	1	1	
4	
1	1	1	1	
2	2	
3	1	
2	1	1	
1	1	1	1	
1	1	1	1	
2	1	1	
2	1	1	
3	1	
2	1	1	
2	1	1	
1	1	1	1	
3	1	
2	1	1	
2	1	1	
1	1	1	1	
2	1	1	
3	1	
4	
2	1	1	
1	1	1	1	
2	1	1	
2	1	1	
4	
1	1	1	1	
2	1	1	
2	2	
2	1	1	
1	1	1	1	
1	1	1	1	
1	1	1	1	
2	1	1	
3	1	
3	1	
1	1	1	1	
3	1	
2	2	
4	
1	1	1	1	
1	1	1	1	
2	1	1	
2	1	1	
2	1	1	
2	1	1	
4	
2	2	
2	2	
3	1	
2	1	1	
1	1	1	1	
2	2	
2	2	
4	
2	1	1	
2	1	1	
1	1	1	1	
2	1	1	
1	1	1	1	
1	1	1	1	
2	1	1	
1	1	1	1	
4	
4	
2	1	1	
2	1	1	
2	1	1	
1	1	1	1	
3	1	
3	1	
4	
2	1	1	
2	1	1	
1	1	1	1	
2	1	1	
3	1	
3	1	
1	1	1	1	
1	1	1	1	
1	1	1	1	
1	1	1	1	
1	1	1	1	
3	1	
2	1	1	
2	1	1	
1	1	1	1	
1	1	1	1	
2	1	1	
2	1	1	
2	2	
2	1	1	
3	1	
1	1	1	1	
1	1	1	1	
3	1	
3	1	
2	1	1	
2	1	1	
2	1	1	
1	1	1	1	
3	1	
3	1	
3	1	
2	1	1	
1	1	1	1	
2	1	1	
3	1	
4	
2	1	1	
1	1	1	1	
4	
1	1	1	1	
4	
3	1	
1	1	1	1	
3	1	
1	1	1	1	
2	1	1	
2	1	1	
1	1	1	1	
4	
2	2	
2	1	1	
2	2	
3	1	
2	1	1	
1	1	1	1	
2	1	1	
2	1	1	
2	1	1	
4	
3	1	
1	1	1	1	
2	1	1	
1	1	1	1	
3	1	
1	1	1	1	
1	1	1	1	
4	
1	1	1	1	
1	1	1	1	
2	1	1	
1	1	1	1	
1	1	1	1	
1	1	1	1	
1	1	1	1	
1	1	1	1	
2	1	1	
1	1	1	1	
1	1	1	1	
1	1	1	1	
1	1	1	1	
1	1	1	1	
1	1	1	1	
2	1	1	
3	1	
2	1	1	
3	1	
3	1	
3	1	
2	2	
2	1	1	
1	1	1	1	
1	1	1	1	
3	1	
2	2	
2	1	1	
1	1	1	1	
2	1	1	
1	1	1	1	
4	
3	1	
3	1	
4	
2	1	1	
1	1	1	1	
1	1	1	1	
2	2	
1	1	1	1	
1	1	1	1	
2	1	1	
2	1	1	
1	1	1	1	
4	
4	
2	1	1	
1	1	1	
2	1	
2	1	
2	1	
1	1	1	
1	1	1	
2	1	
3	
1	1	1	
2	1	
2	1	
1	1	1	
1	1	1	
2	1	
2	1	
2	1	
3	
3	
3	
2	1	
2	1	
3	
1	1	1	
2	1	
1	1	1	
2	1	
2	1	
2	1	
3	
2	1	
2	1	
1	1	1	
2	1	
3	
1	1	1	
1	1	1	
1	1	1	
2	1	
2	1	
1	1	1	
3	
1	1	1	
1	1	1	
1	1	1	
2	1	
2	1	
2	1	
2	1	
3	
1	1	1	
3	
1	1	1	
2	1	
1	1	1	
1	1	1	
2	1	
1	1	1	
1	1	1	
1	1	1	
1	1	1	
2	1	
3	
2	1	
2	1	
1	1	1	
1	1	1	
2	1	
2	1	
2	1	
2	1	
1	1	1	
1	1	1	
1	1	1	
1	1	1	
1	1	1	
1	1	1	
3	
1	1	1	
2	1	
1	1	1	
1	1	1	
1	1	1	
3	
1	1	1	
1	1	1	
1	1	1	
1	1	1	
2	1	
2	1	
1	1	1	
2	1	
1	1	1	
2	1	
1	1	1	
2	1	
1	1	1	
2	1	
2	1	
2	1	
3	
1	1	1	
1	1	1	
2	1	
2	1	
1	1	1	
3	
1	1	1	
1	1	1	
2	1	
2	1	
2	1	
2	1	
2	1	
2	1	
1	1	1	
2	1	
2	1	
2	1	
2	1	
2	1	
1	1	1	
3	
2	1	
1	1	1	
1	1	1	
2	1	
3	
2	1	
1	1	1	
1	1	1	
2	1	
3	
2	1	
2	1	
2	1	
1	1	1	
1	1	1	
2	1	
2	1	
2	1	
2	1	
2	1	
2	1	
1	1	1	
3	
1	1	1	
2	1	
2	1	
1	1	1	
2	1	
2	1	
1	1	1	
1	1	1	
1	1	1	
2	1	
1	1	1	
2	1	
2	1	
2	1	
2	1	
1	1	1	
2	1	
1	1	1	
1	1	1	
1	1	1	
1	1	1	
1	1	1	
1	1	1	
2	1	
1	1	1	
1	1	1	
3	
3	
1	1	1	
1	1	1	
1	1	1	
1	1	1	
1	1	1	
1	1	1	
2	1	
1	1	1	
1	1	1	
1	1	1	
1	1	1	
1	1	1	
1	1	1	
1	1	1	
1	1	1	
1	1	1	
2	1	
1	1	1	
2	1	
1	1	1	
1	1	1	
2	1	
3	
1	1	1	
2	1	
2	1	
2	1	
1	1	1	
3	
1	1	1	
2	1	
2	1	
1	1	1	
2	1	
3	
2	1	
2	1	
1	1	1	
2	1	
1	1	1	
2	1	
3	
1	1	1	
1	1	1	
1	1	1	
1	1	1	
3	
1	1	1	
1	1	1	
2	1	
2	1	
2	1	
1	1	1	
2	1	
1	1	1	
1	1	1	
3	
1	1	1	
2	1	
1	1	1	
1	1	1	
1	1	1	
2	1	
3	
1	1	1	
1	1	1	
1	1	1	
1	1	1	
3	
2	1	
3	
2	1	
1	1	1	
1	1	1	
1	1	1	
2	1	
1	1	1	
1	1	1	
1	1	1	
2	1	
2	1	
1	1	1	
1	1	1	
2	1	
2	1	
3	
2	1	
1	1	1	
1	1	1	
1	1	1	
1	1	1	
1	1	1	
1	1	1	
1	1	1	
1	1	1	
2	1	
2	1	
1	1	1	
2	1	
2	1	
2	1	
1	1	1	
1	1	1	
1	1	1	
2	1	
3	
1	1	1	
2	1	
1	1	1	
2	1	
2	1	
2	1	
2	1	
1	1	1	
2	1	
2	1	
1	1	1	
2	1	
2	1	
1	1	1	
1	1	1	
1	1	1	
1	1	1	
2	1	
2	1	
1	1	1	
2	1	
1	1	1	
1	1	1	
2	1	
1	1	1	
1	1	1	
1	1	1	
1	1	1	
1	1	1	
2	1	
1	1	1	
1	1	1	
3	
2	1	
1	1	1	
1	1	1	
2	1	
1	1	1	
2	1	
1	1	1	
1	1	1	
1	1	1	
2	1	
1	1	1	
2	1	
1	1	1	
2	1	
1	1	1	
3	
2	1	
1	1	1	
2	1	
2	1	
1	1	1	
1	1	1	
1	1	1	
3	
2	1	
3	
2	1	
1	1	1	
3	
1	1	1	
3	
2	1	
2	1	
2	1	
1	1	
1	1	
1	1	
1	1	
1	1	
2	
1	1	
1	1	
2	
1	1	
1	1	
2	
1	1	
1	1	
2	
1	1	
1	1	
1	1	
2	
1	1	
1	1	
1	1	
1	1	
1	1	
2	
2	
2	
2	
1	1	
1	1	
1	1	
1	1	
1	1	
1	1	
2	
2	
1	1	
1	1	
1	1	
1	1	
1	1	
1	1	
2	
1	1	
1	1	
1	1	
1	1	
1	1	
1	1	
1	1	
1	1	
2	
1	1	
1	1	
1	1	
2	
1	1	
2	
1	1	
1	1	
2	
2	
1	1	
1	1	
1	1	
1	1	
1	1	
1	1	
2	
1	1	
1	1	
2	
2	
2	
1	1	
2	
1	1	
1	1	
1	1	
1	1	
1	1	
1	1	
1	1	
2	
2	
1	1	
1	1	
2	
1	1	
1	1	
1	1	
1	1	
2	
2	
1	1	
1	1	
1	1	
1	1	
1	1	
1	1	
1	1	
1	1	
2	
1	1	
2	
2	
2	
1	1	
1	1	
1	1	
1	1	
1	1	
1	1	
1	1	
2	
1	1	
1	1	
2	
1	1	
2	
1	1	
1	1	
1	1	
2	
1	1	
1	1	
1	1	
1	1	
1	1	
2	
2	
1	1	
2	
1	1	
1	1	
2	
1	1	
1	1	
2	
2	
1	1	
1	1	
2	
1	1	
1	1	
2	
1	1	
1	1	
2	
1	1	
1	1	
2	
1	1	
2	
1	1	
1	1	
2	
1	1	
2	
1	1	
1	1	
1	1	
1	1	
2	
1	1	
2	
1	1	
1	1	
1	1	
1	1	
2	
1	1	
2	
2	
1	1	
1	1	
2	
1	1	
1	1	
1	1	
1	1	
2	
2	
1	1	
1	1	
1	1	
1	1	
1	1	
1	1	
1	1	
1	1	
1	1	
1	1	
2	
1	1	
1	1	
2	
1	1	
2	
1	1	
2	
1	1	
1	1	
2	
1	1	
1	1	
1	1	
1	1	
1	1	
1	1	
1	1	
1	1	
1	1	
1	1	
1	1	
1	1	
1	1	
1	1	
1	1	
1	1	
2	
1	1	
1	1	
1	1	
2	
2	
1	1	
2	
2	
1	1	
1	1	
1	1	
1	1	
1	1	
1	1	
1	1	
1	1	
1	1	
1	1	
1	1	
2	
1	1	
1	1	
1	1	
1	1	
1	1	
1	1	
2	
1	1	
1	1	
2	
2	
2	
1	1	
1	1	
2	
1	1	
2	
1	1	
1	1	
2	
2	
1	1	
1	1	
1	1	
1	1	
1	1	
1	1	
2	
2	
1	1	
2	
1	1	
1	1	
1	1	
1	1	
1	1	
1	1	
2	
1	1	
2	
1	1	
1	1	
2	
1	1	
2	
1	1	
2	
2	
1	1	
2	
1	1	
1	1	
2	
1	1	
2	
1	1	
1	1	
1	1	
1	1	
1	1	
2	
1	1	
2	
1	1	
1	1	
1	1	
1	1	
1	1	
1	1	
1	1	
1	1	
1	1	
2	
1	1	
1	1	
2	
2	
1	1	
2	
1	1	
1	1	
1	1	
1	1	
1	1	
1	1	
2	
2	
1	1	
1	1	
1	1	
2	
2	
1	1	
1	1	
1	1	
2	
1	1	
1	1	
1	1	
1	1	
1	1	
2	
1	1	
2	
2	
1	1	
1	1	
1	1	
1	1	
1	1	
1	1	
1	1	
1	1	
2	
1	1	
2	
2	
1	1	
1	1	
2	
2	
1	1	
1	1	
1	1	
1	1	
1	1	
2	
1	1	
1	1	
2	
1	1	
1	1	
1	1	
1	1	
1	1	
2	
2	
1	1	
1	1	
1	1	
1	1	
1	1	
1	1	
1	1	
1	1	
2	
1	1	
1	1	
2	
2	
1	1	
2	
1	1	
1	1	
1	1	
1	1	
2	
1	1	
1	1	
2	
1	1	
2	
1	1	
1	1	
1	1	
1	1	
1	1	
1	1	
1	1	
1	1	
2	
2	
1	1	
1	1	
1	1	
2	
2	
1	1	
2	
2	
1	1	
2	
1	1	
1	1	
2	
1	1	
1	1	
1	1	
1	1	
1	1	
1	1	
2	
1	1	
1	1	
1	1	
2	
2	
1	1	
1	1	
1	1	
1	1	
1	1	
1	1	
1	1	
1	1	
1	1	
1	1	
1	1	
1	1	
1	1	
2	
1	1	
1	1	
2	
2	
1	1	
1	1	
2	
2	
1	1	
2	
2	
2	
1	1	
1	1	
1	1	
2	
2	
2	
1	1	
1	1	
1	1	
1	1	
1	1	
1	1	
1	1	
1	1	
1	1	
1	1	
1	1	
2	
1	1	
2	
2	
2	
1	1	
1	1	
1	1	
1	1	
2	
1	1	
1	1	
1	1	
1	1	
1	1	
1	1	
1	1	
2	
2	
2	
2	
1	1	
1	1	
1	1	
1	1	
1	1	
1	1	
1	1	
1	1	
2	
1	1	
1	1	
1	1	
1	1	
2	
1	1	
1	1	
1	1	
1	1	
1	1	
1	1	
1	1	
1	1	
2	
1	1	
1	1	
1	1	
1	1	
1	1	
1	1	
1	1	
2	
1	1	
1	1	
1	1	
1	1	
1	1	
1	1	
1	1	
2	
2	
1	1	
2	
1	1	
1	1	
1	1	
2	
1	1	
1	1	
2	
1	1	
1	1	
1	1	
2	
1	1	
1	1	
1	1	
1	1	
2	
2	
1	1	
2	
1	1	
1	1	
1	1	
1	1	
2	
2	
1	1	
2	
2	
1	1	
1	1	
1	1	
1	1	
1	1	
1	1	
1	1	
1	1	
1	1	
2	
2	
1	1	
1	1	
1	1	
1	1	
1	1	
1	1	
1	1	
1	1	
2	
2	
2	
1	1	
1	1	
2	
1	1	
2	
2	
2	
1	1	
1	1	
1	1	
1	1	
1	1	
1	1	
1	1	
2	
1	1	
1	1	
1	1	
2	
1	1	
1	1	
2	
1	1	
1	1	
2	
1	1	
1	1	
1	1	
2	
1	1	
1	1	
2	
1	1	
1	1	
1	1	
1	1	
1	1	
1	1	
1	1	
1	1	
2	
1	1	
2	
1	1	
2	
1	1	
1	1	
2	
2	
1	1	
1	1	
1	1	
1	1	
1	1	
1	1	
1	1	
1	1	
1	1	
1	1	
1	1	
1	1	
2	
1	1	
2	
1	1	
2	
1	1	
2	
2	
1	1	
1	1	
1	1	
2	
2	
2	
2	
2	
2	
2	
1	1	
1	1	
1	1	
1	1	
2	
1	1	
1	1	
2	
1	1	
1	1	
1	1	
2	
2	
2	
1	1	
1	1	
1	1	
1	1	
1	1	
1	1	
1	1	
2	
1	1	
1	1	
1	1	
1	1	
1	1	
1	1	
2	
2	
1	1	
1	1	
1	1	
1	1	
1	1	
1	1	
1	1	
1	1	
1	1	
1	1	
1	1	
1	1	
1	1	
1	1	
2	
1	1	
1	1	
1	1	
2	
1	1	
1	1	
1	1	
1	1	
1	1	
1	1	
1	1	
1	1	
1	1	
1	1	
2	
1	1	
2	
2	
1	1	
1	1	
1	1	
2	
2	
1	1	
1	1	
2	
2	
1	1	
1	1	
1	1	
1	1	
1	1	
1	1	
2	
1	1	
2	
1	1	
2	
1	1	
1	1	
1	1	
1	1	
1	1	
1	1	
1	1	
1	1	
1	1	
2	
2	
1	1	
1	1	
1	1	
1	1	
2	
1	1	
1	1	
1	1	
1	1	
1	1	
2	
2	
1	1	
2	
2	
1	1	
1	1	
2	
1	1	
2	
1	1	
2	
1	1	
1	1	
1	1	
1	1	
1	1	
2	
1	1	
1	1	
1	1	
2	
1	1	
1	1	
1	1	
1	1	
1	1	
1	1	
2	
2	
1	1	
1	1	
1	1	
1	1	
2	
2	
2	
1	1	
2	
2	
1	1	
1	1	
1	1	
2	
2	
1	1	
1	1	
1	1	
1	1	
2	
1	1	
1	1	
1	1	
1	1	
2	
1	1	
1	1	
1	1	
1	1	
1	1	
2	
1	1	
2	
1	1	
1	1	
1	1	
1	1	
2	
2	
1	1	
2	
1	1	
1	1	
2	
1	1	
1	1	
1	1	
1	1	
1	1	
2	
1	1	
2	
1	1	
1	1	
1	1	
2	
1	1	
1	1	
1	1	
1	
1	
1	
1	
1	
1	
1	
1	
1	
1	
1	
1	
1	
1	
1	
1	
1	
1	
1	
1	
1	
1	
1	
1	
1	
1	
1	
1	
1	
1	
1	
1	
1	
1	
1	
1	
1	
1	
1	
1	
1	
1	
1	
1	
1	
1	
1	
1	
1	
1	
1	
1	
1	
1	
1	
1	
1	
1	
1	
1	
1	
1	
1	
1	
1	
1	
1	
1	
1	
1	
1	
1	
1	
1	
1	
1	
1	
1	
1	
1	
1	
1	
1	
1	
1	
1	
1	
1	
1	
1	
1	
1	
1	
1	
1	
1	
1	
1	
1	
1	
1	
1	
1	
1	
1	
1	
1	
1	
1	
1	
1	
1	
1	
1	
1	
1	
1	
1	
1	
1	
1	
1	
1	
1	
1	
1	
1	
1	
1	
1	
1	
1	
1	
1	
1	
1	
1	
1	
1	
1	
1	
1	
1	
1	
1	
1	
1	
1	
1	
1	
1	
1	
1	
1	
1	
1	
1	
1	
1	
1	
1	
1	
1	
1	
1	
1	
1	
1	
1	
1	
1	
1	
1	
1	
1	
1	
1	
1	
1	
1	
1	
1	
1	
1	
1	
1	
1	
1	
1	
1	
1	
1	
1	
1	
1	
1	
1	
1	
1	
1	
1	
1	
1	
1	
1	
1	
1	
1	
1	
1	
1	
1	
1	
1	
1	
1	
1	
1	
1	
1	
1	
1	
1	
1	
1	
1	
1	
1	
1	
1	
1	
1	
1	
1	
1	
1	
1	
1	
1	
1	
1	
1	
1	
1	
1	
1	
1	
1	
1	
1	
1	
1	
1	
1	
1	
1	
1	
1	
1	
1	
1	
1	
1	
1	
1	
1	
1	
1	
1	
1	
1	
1	
1	
1	
1	
1	
1	
1	
1	
1	
1	
1	
1	
1	
1	
1	
1	
1	
1	
1	
1	
1	
1	
1	
1	
1	
1	
1	
1	
1	
1	
1	
1	
1	
1	
1	
1	
1	
1	
1	
1	
1	
1	
1	
1	
1	
1	
1	
1	
1	
1	
1	
1	
1	
1	
1	
1	
1	
1	
1	
1	
1	
1	
1	
1	
1	
1	
1	
1	
1	
1	
1	
1	
1	
1	
1	
1	
1	
1	
1	
1	
1	
1	
1	
1	
1	
1	
1	
1	
1	
1	
1	
1	
1	
1	
1	
1	
1	
1	
1	
1	
1	
1	
1	
1	
1	
1	
1	
1	
1	
1	
1	
1	
1	
1	
1	
1	
1	
1	
1	
1	
1	
1	
1	
1	
1	
1	
1	
1	
1	
1	
1	
1	
1	
1	
1	
1	
1	
1	
1	
1	
1	
1	
1	
1	
1	
1	
1	
1	
1	
1	
1	
1	
1	
1	
1	
1	
1	
1	
1	
1	
1	
1	
1	
1	
1	
1	
1	
1	
1	
1	
1	
1	
1	
1	
1	
1	
1	
1	
1	
1	
1	
1	
1	
1	
1	
1	
1	
1	
1	
1	
1	
1	
1	
1	
1	
1	
1	
1	
1	
1	
1	
1	
1	
1	
1	
1	
1	
1	
1	
1	
1	
1	
1	
1	
1	
1	
1	
1	
1	
1	
1	
1	
1	
1	
1	
1	
1	
1	
1	
1	
1	
1	
1	
1	
1	
1	
1	
1	
1	
1	
1	
1	
1	
1	
1	
1	
1	
1	
1	
1	
1	
1	
1	
1	
1	
1	
1	
1	
1	
1	
1	
1	
1	
1	
1	
1	
1	
1	
1	
1	
1	
1	
1	
1	
1	
1	
1	
1	
1	
1	
1	
1	
1	
1	
1	
1	
1	
1	
1	
1	
1	
1	
1	
1	
1	
1	
1	
1	
1	
1	
1	
1	
1	
1	
1	
1	
1	
1	
1	
1	
1	
1	
1	
1	
1	
1	
1	
1	
1	
1	
1	
1	
1	
1	
1	
1	
1	
1	
1	
1	
1	
1	
1	
1	
1	
1	
1	
1	
1	
1	
1	
1	
1	
1	
1	
1	
1	
1	
1	
1	
1	
1	
1	
1	
1	
1	
1	
1	
1	
1	
1	
1	
1	
1	
1	
1	
1	
1	
1	
1	
1	
1	
1	
1	
1	
1	
1	
1	
1	
1	
1	
1	
1	
1	
1	
1	
1	
1	
1	
1	
1	
1	
1	
1	
1	
1	
1	
1	
1	
1	
1	
1	
1	
1	
1	
1	
1	
1	
1	
1	
1	
1	
1	
1	
1	
1	
1	
1	
1	
1	
1	
1	
1	
1	
1	
1	
1	
1	
1	
1	
1	
1	
1	
1	
1	
1	
1	
1	
1	
1	
1	
1	
1	
1	
1	
1	
1	
1	
1	
1	
1	
1	
1	
1	
1	
1	
1	
1	
1	
1	
1	
1	
1	
1	
1	
1	
1	
1	
1	
1	
1	
1	
1	
1	
1	
1	
1	
1	
1	
1	
1	
1	
1	
1	
1	
1	
1	
1	
1	
1	
1	
1	
1	
1	
1	
1	
1	
1	
1	
1	
1	
1	
1	
1	
1	
1	
1	
1	
1	
1	
1	
1	
1	
1	
1	
1	
1	
1	
1	
1	
1	
1	
1	
1	
1	
1	
1	
1	
1	
1	
1	
1	
1	
1	
1	
1	
1	
1	
1	
1	
1	
1	
1	
1	
1	
1	
1	
1	
1	
1	
1	
1	
1	
1	
1	
1	
1	
1	
1	
1	
1	
1	
1	
1	
1	
1	
1	
1	
1	
1	
1	
1	
1	
1	
1	
1	
1	
1	
1	
1	
1	
1	
1	
1	
1	
1	
1	
1	
1	
1	
1	
1	
1	
1	
1	
1	
1	
1	
1	
1	
1	
1	
1	
1	
1	
1	
1	
1	
1	
1	
1	
1	
1	
1	
1	
1	
1	
1	
1	
1	
1	
1	
1	
1	
1	
1	
1	
1	
1	
1	
1	
1	
1	
1	
1	
1	
1	
1	
1	
1	
1	
1	
1	
1	
1	
1	
1	
1	
1	
1	
1	
1	
1	
1	
1	
1	
1	
1	
1	
1	
1	
1	
1	
1	
1	
1	
1	
1	
1	
1	
1	
1	
1	
1	
1	
1	
1	
1	
1	
1	
1	
1	
1	
1	
1	
1	
1	
1	
1	
1	
1	
1	
1	
1	
1	
1	
1	
1	
1	
1	
1	
1	
1	
1	
1	
1	
1	
1	
1	
1	
1	
1	
1	
1	
1	
1	
1	
1	
1	
1	
1	
1	
1	
1	
1	
1	
1	
1	
1	
1	
1	
1	
1	
1	
1	
1	
1	
1	
1	
1	
1	
1	
1	
1	
1	
1	
1	
1	
1	
1	
1	
1	
1	
1	
1	
1	
1	
1	
1	
1	
1	
1	
1	
1	
1	
1	
1	
1	
1	
1	
1	
1	
1	
1	
1	
1	
1	
1	
1	
1	
1	
1	
1	
1	
1	
1	
1	
1	
1	
1	
1	
1	
1	
1	
1	
1	
1	
1	
1	
1	
1	
1	
1	
1	
1	
1	
1	
1	
1	
1	
1	
1	
1	
1	
1	
1	
1	
1	
1	
1	
1	
1	
1	
1	
1	
1	
1	
1	
1	
1	
1	
1	
1	
1	
1	
1	
1	
1	
1	
1	
1	
1	
1	
1	
1	
1	
1	
1	
1	
1	
1	
1	
1	
1	
1	
1	
1	
1	
1	
1	
1	
1	
1	
1	
1	
1	
1	
1	
1	
1	
1	
1	
1	
1	
1	
1	
1	
1	
1	
1	
1	
1	
1	
1	
1	
1	
1	
1	
1	
1	
1	
1	
1	
1	
1	
1	
1	
1	
1	
1	
1	
1	
1	
1	
1	
1	
1	
1	
1	
1	
1	
1	
1	
1	
1	
1	
1	
1	
1	
1	
1	
1	
1	
1	
1	
1	
1	
1	
1	
1	
1	
1	
1	
1	
1	
1	
1	
1	
1	
1	
1	
1	
1	
1	
1	
1	
1	
1	
1	
1	
1	
1	
1	
1	
1	
1	
1	
1	
1	
1	
1	
1	
1	
1	
1	
1	
1	
1	
1	
1	
1	
1	
1	
1	
1	
1	
1	
1	
1	
1	
1	
1	
1	
1	
1	
1	
1	
1	
1	
1	
1	
1	
1	
1	
1	
1	
1	
1	
1	
1	
1	
1	
1	
1	
1	
1	
1	
1	
1	
1	
1	
1	
1	
1	
1	
1	
1	
1	
1	
1	
1	
1	
1	
1	
1	
1	
1	
1	
1	
1	
1	
1	
1	
1	
1	
1	
1	
1	
1	
1	
1	
1	
1	
1	
1	
1	
1	
1	
1	
1	
1	
1	
1	
1	
1	
1	
1	
1	
1	
1	
1	
1	
1	
1	
1	
1	
1	
1	
1	
1	
1	
1	
1	
1	
1	
1	
1	
1	
1	
1	
1	
1	
1	
1	
1	
1	
1	
1	
1	
1	
1	
1	
1	
1	
1	
1	
1	
1	
1	
1	
1	
1	
1	
1	
1	
1	
1	
1	
1	
1	
1	
1	
1	
1	
1	
1	
1	
1	
1	
1	
1	
1	
1	
1	
1	
1	
1	
1	
1	
1	
1	
1	
1	
1	
1	
1	
1	
1	
1	
1	
1	
1	
1	
1	
1	
1	
1	
1	
1	
1	
1	
1	
1	
1	
1	
1	
1	
1	
1	
1	
1	
1	
1	
1	
1	
1	
1	
1	
1	
1	
1	
1	
1	
1	
1	
1	
1	
1	
1	
1	
1	
1	
1	
1	
1	
1	
1	
1	
1	
1	
1	
1	
1	
1	
1	
1	
1	
1	
1	
1	
1	
1	
1	
1	
1	
1	
1	
1	
1	
1	
1	
1	
1	
1	
1	
1	
1	
1	
1	
1	
1	
1	
1	
1	
1	
1	
1	
1	
1	
1	
1	
1	
1	
1	
1	
1	
1	
1	
1	
1	
1	
1	
1	
1	
1	
1	
1	
1	
1	
1	
1	
1	
1	
1	
1	
1	
1	
1	
1	
1	
1	
1	
1	
1	
1	
1	
1	
1	
1	
1	
1	
1	
1	
1	
1	
1	
1	
1	
1	
1	
1	
1	
1	
1	
1	
1	
1	
1	
1	
1	
1	
1	
1	
1	
1	
1	
1	
1	
1	
1	
1	
1	
1	
1	
1	
1	
1	
1	
1	
1	
1	
1	
1	
1	
1	
1	
1	
1	
1	
1	
1	
1	
1	
1	
1	
1	
1	
1	
1	
1	
1	
1	
1	
1	
1	
1	
1	
1	
1	
1	
1	
1	
1	
1	
1	
1	
1	
1	
1	
1	
1	
1	
1	
1	
1	
1	
1	
1	
1	
1	
1	
1	
1	
1	
1	
1	
1	
1	
1	
1	
1	
1	
1	
1	
1	
1	
1	
1	
1	
1	
1	
1	
1	
1	
1	
1	
1	
1	
1	
1	
1	
1	
1	
1	
1	
1	
1	
1	
1	
1	
1	
1	
1	
1	
1	
1	
1	
1	
1	
1	
1	
1	
1	
1	
1	
1	
1	
1	
1	
1	
1	
1	
1	
1	
1	
1	
1	
1	
1	
1	
1	
1	
1	
1	
1	
1	
1	
1	
1	
1	
1	
1	
1	
1	
1	
1	
1	
1	
1	
1	
1	
1	
1	
1	
1	
1	
1	
1	
1	
1	
1	
1	
1	
1	
1	
1	
1	
1	
1	
1	
1	
1	
1	
1	
1	
1	
1	
1	
1	
1	
1	
1	
1	
1	
1	
1	
1	
1	
1	
1	
1	
1	
1	
1	
1	
1	
1	
1	
1	
1	
1	
1	
1	
1	
1	
1	
1	
1	
1	
1	
1	
1	
1	
1	
1	
1	
1	
1	
1	
1	
1	
1	
1	
1	
1	
1	
1	
1	
1	
1	
1	
1	
1	
1	
1	
1	
1	
1	
1	
1	
1	
1	
1	
1	
1	
1	
1	
1	
1	
1	
1	
1	
1	
1	
1	
1	
1	
1	
1	
1	
1	
1	
1	
1	
1	
1	
1	
1	
1	
1	
1	
1	
1	
1	
1	
1	
1	
1	
1	
1	
1	
1	
1	
1	
1	
1	
1	
1	
1	
1	
1	
1	
1	
1	
1	
1	
1	
1	
1	
1	
1	
1	
1	
1	
1	
1	
1	
1	
1	
1	
1	
1	
1	
1	
1	
1	
1	
1	
1	
1	
1	
1	
1	
1	
1	
1	
1	
1	
1	
1	
1	
1	
1	
1	
1	
1	
1	
1	
1	
1	
1	
1	
1	
1	
1	
1	
1	
1	
1	
1	
1	
1	
1	
1	
1	
1	
1	
1	
1	
1	
1	
1	
1	
1	
1	
1	
1	
1	
1	
1	
1	
1	
1	
1	
1	
1	
1	
1	
1	
1	
1	
1	
1	
1	
1	
1	
1	
1	
1	
1	
1	
1	
1	
1	
1	
1	
1	
1	
1	
1	
1	
1	
1	
1	
1	
1	
1	
1	
1	
1	
1	
1	
1	
1	
1	
1	
1	
1	
1	
1	
1	
1	
1	
1	
1	
1	
1	
1	
1	
1	
1	
1	
1	
1	
1	
1	
1	
1	
1	
1	
1	
1	
1	
1	
1	
1	
1	
1	
1	
1	
1	
1	
1	
1	
1	
1	
1	
1	
1	
1	
1	
1	
1	
1	
1	
1	
1	
1	
1	
1	
1	
1	
1	
1	
1	
1	
1	
1	
1	
1	
1	
1	
1	
1	
1	
1	
1	
1	
1	
1	
1	
1	
1	
1	
1	
1	
1	
1	
1	
1	
1	
1	
1	
1	
1	
1	
1	
1	
1	
1	
1	
1	
1	
1	
1	
1	
1	
1	
1	
1	
1	
1	
1	
1	
1	
1	
1	
1	
1	
1	
1	
1	
1	
1	
1	
1	
1	
1	
1	
1	
1	
1	
1	
1	
1	
1	
1	
1	
1	
1	
1	
1	
1	
1	
1	
1	
1	
1	
1	
1	
1	
1	
1	
1	
1	
1	
1	
1	
1	
1	
1	
1	
1	
1	
1	
1	
1	
1	
1	
1	
1	
1	
1	
1	
1	
1	
1	
1	
1	
1	
1	
1	
1	
1	
1	
1	
1	
1	
1	
1	
1	
1	
1	
1	
1	
1	
1	
1	
1	
1	
1	
1	
1	
1	
1	
1	
1	
1	
1	
1	
1	
1	
1	
1	
1	
1	
1	
1	
1	
1	
1	
1	
1	
1	
1	
1	
1	
1	
1	
1	
1	
1	
1	
1	
1	
1	
1	
1	
1	
1	
1	
1	
1	
1	
1	
1	
1	
1	
1	
1	
1	
1	
1	
1	
1	
1	
1	
1	
1	
1	
1	
1	
1	
1	
1	
1	
1	
1	
1	
1	
1	
1	
1	
1	
1	
1	
1	
1	
1	
1	
1	
1	
1	
1	
1	
1	
1	
1	
1	
1	
1	
1	
1	
1	
1	
1	
1	
1	
1	
1	
1	
1	
1	
1	
1	
1	
1	
1	
1	
1	
1	
1	
1	
1	
1	
1	
1	
1	
1	
1	
1	
1	
1	
1	
1	
1	
1	
1	
1	
1	
1	
1	
1	
1	
1	
1	
1	
1	
1	
1	
1	
1	
1	
1	
1	
1	
1	
1	
1	
1	
1	
1	
1	
1	
1	
1	
1	
1	
1	
1	
1	
1	
1	
1	
1	
1	
1	
1	
1	
1	
1	
1	
1	
1	
1	
1	
1	
1	
1	
1	
1	
1	
1	
1	
1	
1	
1	
1	
1	
1	
1	
1	
1	
1	
1	
1	
1	
1	
1	
1	
1	
1	
1	
1	
1	
1	
1	
1	
1	
1	
1	
1	
1	
1	
1	
1	
1	
1	
1	
1	
1	
1	
1	
1	
1	
1	
1	
1	
1	
1	
1	
1	
1	
1	
1	
1	
1	
1	
1	
1	
1	
1	
1	
1	
1	
1	
1	
1	
1	
1	
1	
1	
1	
1	
1	
1	
1	
1	
1	
1	
1	
1	
1	
1	
1	
1	
1	
1	
1	
1	
1	
1	
1	
1	
1	
1	
1	
1	
1	
1	
1	
1	
1	
1	
1	
1	
1	
1	
1	
1	
1	
1	
1	
1	
1	
1	
1	
1	
1	
1	
1	
1	
1	
1	
1	
1	
1	
1	
1	
1	
1	
1	
1	
1	
1	
1	
1	
1	
1	
1	
1	
1	
1	
1	
1	
1	
1	
1	
1	
1	
1	
1	
1	
1	
1	
1	
1	
1	
1	
1	
1	
1	
1	
1	
1	
1	
1	
1	
1	
1	
1	
1	
1	
1	
1	
1	
1	
1	
1	
1	
1	
1	
1	
1	
1	
1	
1	
1	
1	
1	
1	
1	
1	
1	
1	
1	
1	
1	
1	
1	
1	
1	
1	
1	
1	
1	
1	
1	
1	
1	
1	
1	
1	
1	
1	
1	
1	
1	
1	
1	
1	
1	
1	
1	
1	
1	
1	
1	
1	
1	
1	
1	
1	
1	
1	
1	
1	
1	
1	
1	
1	
1	
1	
1	
1	
1	
1	
1	
1	
1	
1	
1	
1	
1	
1	
1	
1	
1	
1	
1	
1	
1	
1	
1	
1	
1	
1	
1	
1	
1	
1	
1	
1	
1	
1	
1	
1	
1	
1	
1	
1	
1	
1	
1	
1	
1	
1	
1	
1	
1	
1	
1	
1	
1	
1	
1	
1	
1	
1	
1	
1	
1	
1	
1	
1	
1	
1	
1	
1	
1	
1	
1	
1	
1	
1	
1	
1	
1	
1	
1	
1	
1	
1	
1	
1	
1	
1	
1	
1	
1	
1	
1	
1	
1	
1	
1	
1	
1	
1	
1	
1	
1	
1	
1	
1	
1	
1	
1	
1	
1	
1	
1	
1	
1	
1	
1	
1	
1	
1	
1	
1	
1	
1	
1	
1	
1	
1	
1	
1	
1	
1	
1	
1	
1	
1	
1	
1	
1	
1	
1	
1	
1	
1	
1	
1	
1	
1	
1	
1	
1	
1	
1	
1	
1	
1	
1	
1	
1	
1	
1	
1	
1	
1	
1	
1	
1	
1	
1	
1	
1	
1	
1	
1	
1	
1	
1	
1	
1	
1	
1	
1	
1	
1	
1	
1	
1	
1	
1	
1	
1	
1	
1	
1	
1	
1	
1	
1	
1	
1	
1	
1	
1	
1	
1	
1	
1	
1	
1	
1	
1	
1	
1	
1	
1	
1	
1	
1	
1	
1	
1	
1	
1	
1	
1	
1	
1	
1	
1	
1	
1	
1	
1	
1	
1	
1	
1	
1	
1	
1	
1	
1	
1	
1	
1	
1	
1	
1	
1	
1	
1	
1	
1	
1	
1	
1	
1	
1	
1	
1	
1	
1	
1	
1	
1	
1	
1	
1	
1	
1	
1	
1	
1	
1	
1	
1	
1	
1	
1	
1	
1	
1	
1	
1	
1	
1	
1	
1	
1	
1	
1	
1	
1	
1	
1	
1	
1	
1	
1	
1	
1	
1	
1	
1	
1	
1	
1	
1	
1	
1	
1	
1	
1	
1	
1	
1	
1	
1	
1	
1	
1	
1	
1	
1	
1	
1	
1	
1	
1	
1	
1	
1	
1	
1	
1	
1	
1	
1	
1	
1	
1	
1	
1	
1	
1	
1	
1	
1	
1	
1	
1	
1	
1	
1	
1	
1	
1	
1	
1	
1	
1	
1	
1	
1	
1	
1	
1	
1	
1	
1	
1	
1	
1	
1	
1	
1	
1	
1	
1	
1	
1	
1	
1	
1	
1	
1	
1	
1	
1	
1	
1	
1	
1	
1	
1	
1	
1	
1	
1	
1	
1	
1	
1	
1	
1	
1	
1	
1	
1	
1	
1	
1	
1	
1	
1	
1	
1	
1	
1	
1	
1	
1	
1	
1	
1	
1	
1	
1	
1	
1	
1	
1	
1	
1	
1	
1	
1	
1	
1	
1	
1	
1	
1	
1	
1	
1	
1	
1	
1	
1	
1	
1	
1	
1	
1	
1	
1	
1	
1	
1	
1	
1	
1	
1	
1	
1	
1	
1	
1	
1	
1	
1	
1	
1	
1	
1	
1	
1	
1	
1	
1	
1	
1	
1	
1	
1	
1	
1	
1	
1	
1	
1	
1	
1	
1	
1	
1	
1	
1	
1	
1	
1	
1	
1	
1	
1	
1	
1	
1	
1	
1	
1	
1	
1	
1	
1	
1	
1	
1	
1	
1	
1	
1	
1	
1	
1	
1	
1	
1	
1	
1	
1	
1	
1	
1	
1	
1	
1	
1	
1	
1	
1	
1	
1	
1	
1	
1	
1	
1	
1	
1	
1	
1	
1	
1	
1	
1	
1	
1	
1	
1	
1	
1	
1	
1	
1	
1	
1	
1	
1	
1	
1	
1	
1	
1	
1	
1	
1	
1	
1	
1	
1	
1	
1	
1	
1	
1	
1	
1	
1	
1	
1	
1	
1	
